00000000
00000000
00000000
00000000
00000000
00000000
00000000
00000000
00000000
00000000
00000000
00000000
00000000
00000000
00000000
00000000
00000000
00000000
00000000
00000000
00000000
00000000
00000000
00000000
00000000
00000000
00000000
00000000
00000000
00000000
00000000
00000000
00000000
00000000
00000000
00000000
00000000
00000000
00000000
00000000
00000000
00000000
00000000
00000000
00000000
00000000
00000000
00000000
00000000
00000000
00000000
00000000
00000000
00000000
00000000
00000000
00000000
00000000
00000000
00000000
00000000
00000000
00000000
00000000
00000000
00000000
00000000
00000000
00000000
00000000
00000000
00000000
00000000
00000000
00000000
00000000
00000000
00000000
00000000
00000000
00000000
00000000
00000000
00000000
00000000
00000000
00000000
00000000
00000000
00000000
00000000
00000000
00000000
00000000
00000000
00000000
00000000
00000000
00000000
00000000
00000000
00000000
00000000
00000000
00000000
00000000
00000000
00000000
00000000
00000000
00000000
00000000
00000000
00000000
00000000
00000000
00000000
00000000
00000000
00000000
00000000
00000000
00000000
00000000
00000000
00000000
00000000
00000000
00000000
00000000
00000000
00000000
00000000
00000000
00000000
00000000
00000000
00000000
00000000
00000000
00000000
00000000
00000000
00000000
00000000
00000000
00000000
00000000
00000000
00000000
00000000
00000000
00000000
00000000
00000000
00000000
00000000
00000000
00000000
00000000
00000000
00000000
00000000
00000000
00000000
00000000
00000000
00000000
00000000
00000000
00000000
00000000
00000000
00000000
000864EE
002545D2
004E5F2D
00501152
003C8061
0014A29D
00056CBC
005A95A0
0076021C
05348348
075373F0
07FCAF78
07D2D550
078959A0
05932FB0
0260AE40
00000000
00000000
00000000
00000000
00000000
00000000
00000000
00000000
0000003F
007516B0
010E52DA
00E45E1B
027AE7FC
0253E560
00B6BA46
00E51052
0AE6E1D0
0D49F700
0F4391C0
10A25240
10A25240
10A25240
10A25240
10A25240
10A25240
10A25240
10A25240
10A25240
0C390020
02AF722C
00000000
00000000
00000000
00000000
00000000
00000000
0000015E
007E1F8A
012EB618
3071C140
3B087400
3D946BC0
4307F280
41DABB00
43592880
43592880
43592880
43592880
43592880
43592880
43592880
43592880
43592880
43592880
43592880
43592880
10038860
0BF5EB20
0000000D
00000000
00000000
00000000
00000000
00000000
0000167A
00001FD4
00ED9A1A
35554580
42C4A480
42469980
43592880
43592880
43592880
43592880
43592880
43592880
43592880
43592880
43592880
43592880
43592880
43592880
43592880
43592880
3125E7C0
0C835200
00000014
00000000
00000000
00000000
00000000
00000000
0000010B
00001A34
00294382
286C6F00
406C8280
43592880
43592880
43592880
43592880
43592880
43592880
43592880
43592880
43592880
43592880
43592880
43592880
43592880
43592880
43592880
2D15DF80
05E68860
02E04240
00000000
00000000
00000000
00000000
00000000
00000000
0009728B
002A6B7C
002A9D23
26C5AD40
43592880
2287EA80
2287EA80
226D6540
1CDB1920
1BB5C100
1EA5F800
1E628BA0
1A2665E0
1C69FEE0
387FB200
43592880
43592880
43592880
43592880
03912480
02EF4514
02CA7984
00000000
00000000
00000000
00000000
00000000
00000000
00000000
00000000
01A79EDA
03A920B8
2402E200
1E239A20
1E6B7B20
1AF408A0
18E73FE0
12C1A8A0
12BED0A0
11D391C0
19550E60
2287EA80
43592880
43592880
43592880
43592880
0DDBA920
039D39BC
03453FCC
01EC43B6
00000000
00000000
00000000
00000000
00000000
00000000
00000000
00000000
025FDACC
0399C1B4
037646BC
028A1410
0088513B
007B6FB4
004D30ED
002AA563
00000000
14A7E160
205FB800
377B7740
43592880
43592880
43592880
162C3C00
037AB6DC
0369A0D8
02D867C4
00000000
00000000
00000000
00000000
00000000
00000000
00000000
00000000
00000000
02F504A0
0392D2FC
02D76BA0
0000137A
0001158F
003DF11A
004BDEB4
000DCD66
0BE72EC0
20ED1500
2287EA80
43592880
43592880
43592880
3FF83380
037BD138
033BAC50
01761E90
00000000
00000000
00000000
00000000
00000000
00000000
00000000
00000000
00000000
00000000
00000000
02151B5C
00000006
00000491
000000F6
0003BE71
00030919
00000006
1A64C2E0
1F807CA0
43592880
43592880
43592880
3F3D6C40
0E69C570
035336F8
00C81057
00000000
00000000
00000000
00000000
00000000
00000000
00000000
00000000
00000000
00000000
00000000
00000000
00000006
0000000A
0000000A
0000000A
00000030
00000AD6
159F90A0
1E45FAA0
34FA5C40
43592880
43592880
43592880
2F683500
039F35DC
01D3C322
00000008
00000002
00000000
00000000
00000000
00000000
00000000
00000000
00000000
00000000
00000000
00000000
00000000
00000004
0000000A
00000009
0000000A
0000293C
0000415A
159981A0
2D184500
43592880
43592880
43592880
3A0884C0
0ABCD730
0030C781
0000003C
0000000B
00000009
00000000
00000000
00000000
00000000
00000000
00000000
00000000
00000000
00000000
00000000
00000000
00000000
00000007
00000007
000017D1
00005EF5
02D8E1AC
2287EA80
43592880
43592880
43592880
43592880
147DFEA0
00676FCD
00002F64
00002A47
00003C87
00003996
0000294F
00000000
00000000
00000000
00000000
00000000
00000000
00000000
00000000
00000000
00000000
00000000
00000000
00000000
00000000
00EA83D7
115B0700
3DD956C0
43592880
43592880
42CBE800
2E32CBC0
005BDBAB
004EE880
000056A1
00004F99
00002A0D
00003200
00000000
00000000
00000000
00000000
00000000
00000000
00000000
00000000
00000000
00000000
00000000
00000000
00000000
00000001
04595D58
0D479BE0
16A70300
43592880
43592880
43592880
3476FD40
00BC3BFA
005BDBAB
002214A8
00000041
00000000
00000000
00000000
00000000
00000000
00000000
00000000
00000000
00000000
00000000
00000000
00000000
00000000
00000000
00000000
00000000
028AB014
0D6F0450
10A25240
43592880
43592880
43592880
43592880
17FB3CC0
005BDBAB
005BDBAB
000017D3
00000045
00000000
00000000
00000000
00000000
00000000
00000000
00000000
00000000
00000000
00000000
00000000
00000000
00000000
00000000
00000000
028735A8
0B063760
10A25240
10A25240
43592880
43592880
43592880
43592880
013683CC
005BDBAB
002F7F0A
00001249
0000003C
00000000
00000000
00000000
00000000
00000000
00000000
00000000
00000000
00000000
00000000
00000000
00000000
00000000
015CCF02
05FF0A30
0E139E70
10A25240
10A25240
3B9C0D40
431E1F80
43592880
43592880
1F268DA0
00EA9F40
005BDBAB
00001CA3
00000045
0000003C
00000000
00000000
00000000
00000000
00000000
00000000
00000000
00000000
00000000
00000000
00000000
00000000
00000000
03557C2C
0CADFC90
10A25240
10A25240
227B2F80
43592880
3BE9A4C0
43592880
28A10740
1C34E6C0
00B44BFF
003350B6
00001D22
00000049
00000042
00000000
00000000
00000000
00000000
00000000
00000000
00000000
00000000
00000000
00000000
00000000
00000000
00000000
00000000
10095080
10A25240
10A25240
3710A500
43592880
40F9E400
40F94180
1A8EC020
1B159720
19A34200
061E1400
00001CC1
0000004B
00000043
00000000
00000000
00000000
00000000
00000000
00000000
00000000
00000000
00000000
00000000
00000000
00000000
00000000
00000000
08B293F0
0F5459D0
0CF7CA60
3A0E6D00
43592880
388F8380
232F94C0
1AEAD3C0
1C1235A0
1C8D3F00
0B9D8DF0
00001362
0000004C
00000045
00000000
00000000
00000000
00000000
00000000
00000000
00000000
00000000
00000000
00000000
00000000
00000000
00000000
00000000
00000000
00000000
00000000
2767C540
32D90980
311B69C0
00000000
19378980
1CA5BBC0
0D905480
0019C5EB
00000000
00000000
00000000
00000000
00000000
00000000
00000000
00000000
00000000
00000000
00000000
