00000000
00000000
00000000
00000000
00000000
00000000
00000000
00000000
00000000
00000000
00000000
00000000
00000000
00000000
00000000
00000000
00000000
00000000
00000000
00000000
00000000
00000000
00000000
00000000
00000000
00000000
00000000
00000000
00000000
00000000
00000000
00000000
00000000
00000000
00000000
00000000
00000000
00000000
00000000
00000000
00000000
00000000
00000000
00000000
00000000
00000000
00000000
00000000
00000000
00000000
00000000
00000000
00000000
00000000
00000000
00000000
00000000
00000000
00000000
00000000
00000000
00000000
00000000
00000000
00000000
00000000
00000000
00000000
00000000
00000000
00000000
00000000
00000000
00000000
00000000
00000000
00000000
00000000
00000000
00000000
00000000
00000000
00000000
00000000
00000000
00000000
00000000
00000000
00000000
00000000
00000000
00000000
00000000
00000000
00000000
00000000
0000013E
000005A9
0000051A
000003BE
00000000
0001066C
0003D497
00041EE2
00000000
00000000
00000000
00000000
00000000
00000000
00000000
00000000
00000000
00000000
00000000
00000000
00000000
00000000
00000000
00000000
00000000
00000001
00000003
00042F38
05187FE8
3B959900
4244D800
33CE8540
2B4C3340
232BC9C0
31CEC040
465BCD00
3F879B80
00008F86
00000E5B
00000006
00000000
00000000
00000000
00000000
00000000
00000000
00000000
00000000
00000000
00000000
00000000
00000000
00000001
00000001
00000003
00280F3A
14E3AA20
41892400
4244D800
33CE8540
33CE8540
232BC9C0
577F9180
4F81DE00
46877980
3560A1C0
00001B4C
00000010
00000000
00000000
00000000
00000000
00000000
00000000
00000000
00000000
00000000
00000000
00000000
00000000
00000131
000004FF
00000592
00280F3A
334ECA40
3F222980
4244D800
33CE8540
33CE8540
3A9BDD80
577F9180
4C81A000
434BB580
1C4D7E80
00000010
0000000D
00000000
00000000
00000000
00000000
00000000
00000000
00000000
00000000
00000000
00000000
00000000
00000000
0000036C
0000051F
000005FB
00280F3A
35AB5880
41237E00
4244D800
33CE8540
33CE8540
577F9180
577F9180
46F51500
044FCA90
00004AFA
0000000B
00000000
00000000
00000000
00000000
00000000
00000000
00000000
00000000
00000000
00000000
00000000
00000000
00000000
00000000
000004DA
0000052B
00280F3A
31DAB3C0
4244D800
4244D800
33CE8540
43F0F700
577F9180
577F9180
3C15D800
00FDBBAB
00004047
00000006
00000000
00000000
00000000
00000000
00000000
00000000
00000000
00000000
00000000
00000000
00000000
00000000
00000000
00000000
00000000
00000035
001CA25E
2C4B7D40
4244D800
4244D800
33CE8540
577F9180
577F9180
57240580
27310100
000034E5
0000000D
00000002
00000000
00000000
00000000
00000000
00000000
00000000
00000000
00000000
00000000
00000000
00000000
00000000
00000000
00000000
00000000
00000036
00107812
15373680
4244D800
4244D800
577F9180
577F9180
577F9180
47D56B80
035B3440
0000000D
00000004
00000000
00000000
00000000
00000000
00000000
00000000
00000000
00000000
00000000
00000000
00000000
00000000
00000000
00000000
00000000
00000000
00000010
07CACD78
14E14A40
4244D800
4244D800
577F9180
577F9180
577F9180
15010CA0
001FE043
00000009
00000000
00000000
00000000
00000000
00000000
00000000
00000000
00000000
00000000
00000000
00000000
00000000
00000000
00000000
00000000
00000000
00000000
00000001
080522E0
232BC9C0
4244D800
577F9180
577F9180
577F9180
332E4DC0
0556F6C8
00000009
00000000
00000000
00000000
00000000
00000000
00000000
00000000
00000000
00000000
00000000
00000000
00000000
00000000
00000000
00000000
00000000
00000000
00000000
00000000
06C59918
232BC9C0
577F9180
577F9180
577F9180
49BD4680
1447E680
0000000C
00000000
00000000
00000000
00000000
00000000
00000000
00000000
00000000
00000000
00000000
00000000
00000000
00000000
00000000
00000000
00000000
00000000
00000000
00000000
000F4210
0287799C
232BC9C0
577F9180
577F9180
577F9180
2F1F77C0
06C43C78
00000002
00000000
00000000
00000000
00000000
00000000
00000000
00000000
00000000
00000000
00000000
00000000
00000000
00000000
00000000
00000000
00000000
00000000
00000000
00000000
004C7D20
08367EC0
577F9180
577F9180
577F9180
577F9180
15010CA0
00000002
00000000
00000000
00000000
00000000
00000000
00000000
00000000
00000000
00000000
00000000
00000000
00000000
00000000
00000000
00000000
00000000
00000000
00000000
00000000
0046F9E6
005894A4
3D40FE40
577F9180
577F9180
577F9180
4244D800
2851B6C0
00000000
00000000
00000000
00000000
00000000
00000000
00000000
00000000
00000000
00000000
00000000
00000000
00000000
00000000
00000000
00000000
00000000
00000000
00000000
0043CD09
005AF206
03D54A70
4D17FC80
577F9180
577F9180
577F9180
4244D800
20EBF8C0
0017BA2B
00000000
00000000
00000000
00000000
00000000
00000000
00000000
00000000
00000000
00000000
00000000
00000000
00000000
00000000
00000000
00000000
00000000
00000000
004EE07B
0054962B
2BDB22C0
577F9180
577F9180
577F9180
4244D800
4244D800
21785280
0026204A
00000001
00000000
00000000
00000000
00000000
00000000
00000000
00000000
00000000
00000000
00000000
00000000
00000000
00000000
00000000
00000000
00000000
003627C2
0057B93F
04AACCA0
55BBE680
577F9180
577F9180
577F9180
4244D800
4244D800
25F04EC0
00207FC5
00000003
0000033D
000004A9
00000000
00000000
00000000
00000000
00000000
00000000
00000000
00000000
00000000
00000000
00000000
00000000
00000000
001AB84A
0057FDDB
1E54FEA0
4318BD00
577F9180
577F9180
577F9180
577F9180
4244D800
4244D800
36CA3840
00280F3A
00000559
000005BD
000005A4
000004B0
00000000
00000000
00000000
00000000
00000000
00000000
00000000
00000000
00000000
00000000
00000000
00000000
00151722
0059970B
23A2F500
4C43E980
577F9180
577F9180
577F9180
33CE8540
4244D800
4244D800
39909C80
0929C810
00000DF4
000005FC
0000055E
000004E0
00000000
00000000
00000000
00000000
00000000
00000000
00000000
00000000
00000000
00000000
00000000
00000000
000042C7
0388B5D0
0CD862E0
577F9180
577F9180
577F9180
3872E040
33CE8540
3F152B00
4244D800
3E874280
151B82E0
07E3E4B0
000005A7
0000053D
000001DD
00000000
00000000
00000000
00000000
00000000
00000000
00000000
00000000
00000000
00000000
00000000
00000006
0000875B
0569C1C8
07498388
47CA0D80
577F9180
577F9180
33CE8540
2EC8AC80
29F36CC0
402A1280
38AE4C00
080E09D0
02B2A6A8
00000003
00000001
00000000
00000000
00000000
00000000
00000000
00000000
00000000
00000000
00000000
00000000
00000000
00000000
00000000
0000000C
065DFC48
073ED418
04D26000
003CB537
00187054
00000900
048B2290
047A4C50
001686FC
0020EDF2
001C1076
00000000
00000000
00000000
00000000
00000000
00000000
00000000
00000000
00000000
00000000
00000000
00000000
00000000
00000000
00000000
00000000
00000000
00000000
00000000
00000000
00000000
00000000
00000000
00000000
00000000
00000000
00000000
00000000
00000000
00000000
00000000
00000000
00000000
00000000
00000000
00000000
00000000
00000000
00000000
00000000
00000000
00000000
00000000
00000000
00000000
00000000
00000000
00000000
00000000
00000000
00000000
00000000
00000000
00000000
00000000
00000000
00000000
00000000
00000000
00000000
00000000
00000000
00000000
00000000
00000000
00000000
00000000
00000000
00000000
00000000
00000000
00000000
00000000
00000000
00000000
00000000
00000000
00000000
00000000
00000000
00000000
00000000
00000000
00000000
00000000
00000000
00000000
00000000
00000000
00000000
00000000
00000000
00000000
00000000
