00000000
00000000
00000000
00000000
00000000
00000000
00000000
00000000
00000000
00000000
00000000
00000000
00000000
00000000
00000000
00000000
00000000
00000000
00000000
00000000
00000000
00000000
00000000
00000000
00000000
00000000
00000000
00000000
00000000
00000000
00000000
00000000
00000000
00000000
00000000
00000000
00000000
00000000
00000000
00000000
00000000
00000000
00000000
00000000
00000000
00000000
00000000
00000000
00000000
00000000
00000000
00000000
00000000
00000000
00000000
00000000
00000000
00000000
00000000
00000000
00000000
00000000
00000000
00000000
00000000
00000000
00000000
00000000
00000000
00000000
00000000
00000000
00000000
00000000
00000000
00000000
00000000
00000000
00000000
00000000
00000000
00000000
00000000
00000000
00000000
00000000
00000000
00000000
00000000
00000000
00000000
00000000
00000000
00000000
00000000
00000000
00000000
00000000
00000000
00000000
00000000
00000000
00000000
00000000
00000000
00000000
00000000
00000000
00000000
00000000
00000000
00000000
00000000
00000000
00000000
00000000
00000000
00000000
00000000
00000000
00000000
00000000
00000000
00000000
00000000
00000000
00000000
00000000
00000000
00000000
00000000
00000000
00000000
00000000
00000000
00000000
00000000
00000000
00000000
00000000
00000000
00000000
00000000
00000000
00000000
00000000
00000000
00000000
00000000
00000000
00000000
00000000
00000000
00000000
00000000
00000000
00000000
00000000
00000000
00000000
00000000
00000000
00000000
00000000
00000000
00000000
00000000
00000000
00000000
00000000
00000000
00000000
00093FAA
02F04E18
04DF9D08
067C3758
0604A288
05560278
0517FE38
05BF7FD0
0630CE10
0642D250
07F09D28
07F86530
078E55B8
04E35DF0
001048A6
00219B5F
001111F2
00000000
00000000
00000000
00000000
00000000
00000000
00000000
00000000
00000001
00000000
0000001C
0002CC6F
0737A980
09921530
09921530
09921530
09921530
1015C3C0
14169040
14169040
14169040
14169040
14169040
14169040
09921530
02731278
01459844
01108D9E
0076F1FE
00000001
00000002
00000001
00000000
00000000
00000000
00000000
00000000
00000008
00000038
2240AC40
2CBA4D80
09921530
139C49C0
3C35FDC0
41072900
41072900
41072900
41072900
41072900
41072900
41072900
41072900
41072900
35A04780
33081840
360AC340
21F42040
00023CCF
00000002
00000002
00000001
00000000
00000000
00000000
00000000
00000004
24303340
34591E00
399A5780
3771F7C0
41072900
41072900
41072900
41072900
41072900
41072900
41072900
41072900
41072900
41072900
41072900
41072900
41072900
41072900
41072900
126DC7E0
0008A866
00000001
00000000
00000000
00000000
00000000
00000000
00000000
24F35C80
30D35100
37AAF280
37624E80
41072900
41072900
41072900
41072900
41072900
41072900
41072900
41072900
41072900
41072900
3EE8CA80
41072900
41072900
41072900
2FC67900
18EE57A0
07123628
00000000
00000000
00000000
00000000
00000000
00000000
00000000
00000017
26443080
292E4BC0
30066440
196CB260
190BE9C0
41072900
41072900
294862C0
1E6405C0
0E67B820
12333360
15937980
1E6405C0
2AFC2340
41072900
41072900
41072900
2238EA80
17EC6A20
0FBA7060
00000000
00000000
00000000
00000000
00000000
00000000
00000000
00000015
00000015
0CE014B0
17195C60
174EA680
1A3830C0
18B92A80
17FBA7C0
1E6405C0
0F7C1900
00000264
060ABB10
0E4472D0
14169040
38ECEEC0
36FE56C0
41072900
290A5AC0
1635AE40
0C676690
00000000
00000000
00000000
00000000
00000000
00000000
00000000
00000000
00000016
00000014
118BC2A0
16CCDA20
17770F80
17BFE4C0
18A718E0
152D29E0
008071FE
0D546B20
00000012
058B7B58
14169040
3297F600
41072900
41072900
41072900
1E6405C0
1A6C2100
00000000
00000000
00000000
00000000
00000000
00000000
00000000
00000000
00000000
00000015
00000014
16BDD4E0
17859FA0
15FD5060
189C0FE0
17A2E1E0
00003BD8
00000B4F
00000000
000002EC
05C74AA8
14169040
398958C0
3F2C4700
41072900
41072900
1E6405C0
1A1640E0
05893828
00000000
00000000
00000000
00000000
00000000
00000000
00000000
00000000
00000015
0B212390
1788E460
165146C0
168231C0
15D66B00
00002E40
00000B47
00000000
05FBDC80
05528960
0AF22C00
31245940
41072900
41072900
41072900
1E6405C0
1E6405C0
106060E0
05036DB0
00000000
00000000
00000000
00000000
00000000
00000000
00000000
00000000
00000001
00000000
104407C0
16C370C0
13427D40
1562DA00
06FF7570
07681FB8
07484598
07B875F8
07707650
2602A000
41072900
41072900
41072900
3AC36980
1E6405C0
19B51900
063E6738
00000000
00000000
00000000
00000000
00000000
00000000
00000000
00000000
00000000
00000000
00000000
00000000
09A9A780
00000000
0681CC18
08378AE0
08DC63D0
089242F0
0906D4F0
091AB600
28541800
41072900
3DBB8180
41072900
2A15D000
13D1A880
03192234
00000014
00000003
00000000
00000000
00000000
00000000
00000000
00000000
00000000
00000000
00000000
00000000
00000000
00000000
00000000
007512F4
07DA7CC8
0977F010
08532280
07D050E0
0900CE10
41072900
41072900
3A023B00
1E6405C0
1E41E480
077EA870
0000001B
0000001A
00000002
00000000
00000000
00000000
00000000
00000000
00000000
00000000
00000000
00000000
00000000
00000000
00000000
00000000
00000000
01605474
038EC050
016E9E6E
014B5826
38579B40
41072900
41072900
350E6700
1E037A20
1A9EEAE0
0272E564
0000001B
0000001B
00000001
00000000
00000000
00000000
00000000
00000000
00000000
00000000
00000000
00000000
00000000
00000000
00000000
00000000
0014C045
001E5A70
001DB6C6
001825A2
01711F82
41072900
41072900
41072900
31273AC0
1E6405C0
12F83860
0000001B
0000001B
00000019
0000000E
00000000
00000000
00000000
00000000
00000000
00000000
00000000
00000000
00000000
00000000
00000000
00000000
0019F12F
001EEDD3
001FED85
001AD26F
008F5B52
24D1DC40
41072900
41072900
317A32C0
1E6405C0
1CAC11A0
00000015
0000001B
0000001B
0000001A
00000015
00000000
00000000
00000000
00000000
00000000
00000000
00000000
00000000
00000000
00000000
00000000
00017444
001D463A
00208503
001DC3CF
004D3630
236C6A00
41072900
41072900
41072900
1E6405C0
1E6405C0
072A5E50
00000009
0000001A
0000001B
0000001A
00000015
00000000
00000000
00000000
00000000
00000000
00000000
00000000
00000000
00000000
00000000
00000000
001796FE
001F22C0
00213536
00302FD4
0100B342
33BA5200
41072900
41072900
41072900
1E6405C0
1E6405C0
06935550
00000009
0000001B
0000001B
0000001B
00000015
00000000
00000000
00000000
00000000
00000000
00000000
00000000
00000000
00000000
00000000
00000000
0015FF51
002178E8
002064DF
00BDB278
20FE4180
312EA040
41072900
41072900
1E6405C0
1E6405C0
1E6405C0
0626A500
00000009
0000001B
0000001B
0000001B
00000015
00000000
00000000
00000000
00000000
00000000
00000000
00000000
00000000
00000000
00000000
00000000
0013EF51
001EB6D7
00722A4F
00C9AD48
2CDEEFC0
3BA2B840
41072900
41072900
1E6405C0
1E6405C0
19500E60
000000C5
00000066
0000001A
0000001B
0000001B
00000016
00000000
00000000
00000000
00000000
00000000
00000000
00000000
00000000
00000000
00000000
00000000
00010909
00016924
008A268A
015B18AA
354FA600
41072900
41072900
41072900
336FBDC0
183C1F00
0C613C30
000001D8
000000A0
00000004
00000019
00000019
00000006
00000000
00000000
00000000
00000000
00000000
00000000
00000000
00000000
00000000
00000000
00000000
00000000
00000000
00000119
0000025B
0BEC3E30
3479BA40
2F84D480
30953780
177C5400
142D5760
093A08C0
00000000
00000000
00000000
00000000
00000000
00000000
00000000
00000000
00000000
00000000
00000000
