00000000
00000000
00000000
00000000
00000000
00000000
00000000
00000000
00000000
00000000
00000000
00000000
00000000
00000000
00000000
00000000
00000000
00000000
00000000
00000000
00000000
00000000
00000000
00000000
00000000
00000000
00000000
00000000
00000000
00000000
00000000
00000000
00000000
00000000
00000000
00000000
00000000
00000000
00000000
00000000
00000000
00000000
00000000
00000000
00000000
00000000
00000000
00000000
00000000
00000000
00000000
00000000
00000000
00000000
00000000
00000000
00000000
00000000
00000000
00000000
00000000
00000000
00000000
00000000
00000000
00000000
00000000
00000000
00000000
00000000
00000000
00000000
00000000
00000000
00000000
00000000
00000000
00000000
00000000
00000000
00000000
00000000
00000000
00000000
00000000
00000000
00000000
00000000
00000000
00000000
00000000
00000000
00000000
00000000
00000000
00000000
00000000
00000000
00000000
00000000
00000000
00000000
00000000
00000000
00000000
00000000
00000000
00000000
00000000
00000000
00000000
00000000
00000000
00000000
00000000
00000000
00000000
00000000
00000000
00000000
00000000
00000000
00000000
00000000
00000000
00000000
00000000
00000000
00000000
00000000
00000000
00000000
00000000
00000000
00000000
00000000
00000000
00000000
00000000
00000000
00000000
00000000
00000000
00000000
00000000
00000000
00000000
00000000
00000000
00000000
00000000
00000000
0018C96A
003863B0
003AE1EC
002B4AFB
00000000
00000000
00000004
00000005
00000005
00000004
00000002
00000000
00000000
00000000
00000000
00000000
00000000
00000000
00000000
00000000
00000000
00000000
00000000
00000000
00000000
0113ECA6
0C5781B0
2062A6C0
27080D80
53733E80
53733E80
53733E80
4288BC00
25E1BD00
25DAE440
1A3CBAA0
0774B160
00150AB7
00105172
00000000
00000000
00000000
00000000
00000000
00000000
00000000
00000000
00000000
00000000
00000000
00000000
00000000
0214F05C
20A55400
27080D80
27080D80
53733E80
53733E80
53733E80
53733E80
53733E80
27080D80
230C75C0
1ED78FC0
1ABEBB00
00781159
001645BD
000EAE8C
00000000
00000000
00000000
00000000
00000000
00000000
00000000
00000000
00000000
00000000
00000000
08F22070
27080D80
27080D80
27080D80
35B329C0
53733E80
53733E80
27080D80
27080D80
53733E80
27080D80
27080D80
26EF7480
1E711A80
007A8ED0
00167D87
0016DE91
00094C58
00000000
00000000
00000000
00000000
00000000
00000000
00000000
00000000
00000000
02290188
14C58580
27080D80
27080D80
27080D80
53733E80
53733E80
2A6CAB40
1A495D20
11AFE400
43037680
11AFE400
2697BAC0
27080D80
1D583D20
007E7EF4
00168137
0015FF1B
00145599
00000000
00000000
00000000
00000000
00000000
00000000
00000000
00000000
0137B058
02671578
27080D80
27080D80
27080D80
4B506900
4F35FB80
49B30000
11AFE400
118D8720
18A73300
50B25880
3D530BC0
24FE8500
27080D80
20800980
00851B9F
0017BFDB
0015AB8B
0016F138
00000000
00000000
00000000
00000000
00000000
00000000
00000000
00000000
01A668E4
02671578
27080D80
27080D80
27080D80
53733E80
3AAB66C0
09463AF0
0A8CD020
1AD1EAA0
4858EE00
5260A480
4DECAD00
236F6280
27080D80
20302500
00170643
0016B2D1
00172B29
0016229C
00000000
00000000
00000000
00000000
00000000
00000000
00000000
003012D3
01C672DA
02671578
13C343C0
27080D80
27080D80
53733E80
51DD0480
189551A0
2D02C700
4A6D3E00
5332A880
4EB67D00
3E6CE180
27080D80
27080D80
1EC8C820
0015A9A3
00173704
0015A2A0
000D7AAF
00000000
00000000
00000000
00000000
00000000
00000000
00000000
00621BA7
01ABFB36
02671578
053E6C78
17270180
30D26E00
53733E80
53733E80
53733E80
53733E80
53733E80
53733E80
53733E80
48A87800
27080D80
262BB700
19879E20
00166C6E
0016F4C2
000559CA
00000000
00000000
00000000
00000000
00000000
00000000
00000000
00000000
00000000
01AE4046
03FF7A2C
053E6C78
11AFE400
144A1F00
53733E80
53733E80
53733E80
53733E80
34D920C0
53733E80
53733E80
27080D80
27080D80
23878FC0
12ED1760
0014FE85
000D728C
00000000
00000000
00000000
00000000
00000000
00000000
00000000
00000000
00000000
00000000
00E93051
02671578
053E6C78
11AFE400
11AFE400
25F07C80
442FA880
27080D80
27080D80
50813180
53733E80
4726AF80
27080D80
27080D80
27080D80
09899C00
00000458
00000000
00000000
00000000
00000000
00000000
00000000
00000000
00000000
00000000
00000000
00000000
0000026E
0071A7B5
053E6C78
0AA79110
11AFE400
11AFE400
11AFE400
11AFE400
11AFE400
4D2AD180
4E80F780
11AFE400
27080D80
27080D80
25CAA640
017A25B4
0000037D
00000000
00000000
00000000
00000000
00000000
00000000
00000000
00000000
00000000
00000000
00000000
00000192
00000464
0032F7A0
046EC7E0
0AC22E70
11AFE400
11AFE400
11AFE400
1FA9E460
4ED0C780
3BDC7840
24AAAD40
27080D80
27080D80
17D45EE0
0175FE70
0000034A
00000000
00000000
00000000
00000000
00000000
00000000
00000000
00000000
00000000
00000000
00000000
00000000
00000362
0000291F
00004564
0000888D
0C6A2050
11AFE400
11AFE400
3DA67180
47A67680
2317FA00
27080D80
27080D80
27080D80
135AEDC0
01DBEE9E
0000020F
00000000
00000000
00000000
00000000
00000000
00000000
00000000
00000000
00000000
00000000
00000000
00000000
00000000
000002BD
00002563
00003B56
0017AF1A
0044231A
099E4770
3C39AD00
4F1DC500
23451D00
27080D80
27080D80
1DF42560
0B0CC070
01B0FCFA
006EA019
00000000
00000000
00000000
00000000
00000000
00000000
00000000
00000000
00000000
00000000
00000000
00000000
00000000
00000000
00000000
001018D1
002E4464
008B88EE
0089F6C2
53733E80
53733E80
24C70400
27080D80
27080D80
11AFE400
101F4A60
01D47DE6
00B5060F
00000000
00000000
00000000
00000000
00000000
00000000
00000000
00000000
00000000
00000000
00000000
00000000
00000000
0007CE09
00123D54
001F9297
0084B58C
008EEA83
0906D680
53733E80
53733E80
21EA2040
27080D80
11AFE400
114B8520
0D6F08B0
01D4672C
0139ECB6
00000000
00000000
00000000
00000000
00000000
00000000
00000000
00000000
00000000
00000000
00000000
00000000
00000000
000CC7E4
0015C427
00640000
0B98A750
194ECC20
301552C0
53733E80
53733E80
1E657660
15B67640
11AFE400
1010E080
0B719110
01EDA10C
0161991C
00000000
00000000
00000000
00000000
00000000
00000000
00000000
00000000
00000000
00000000
00000000
00000000
00000000
000C4F2C
18AC2360
1CA6F3C0
1D06AE60
228A2B40
4879CD00
53733E80
469B3500
0CE06760
11AFE400
11AFE400
10F5B420
0B5EE860
01FD3078
019D179E
00000000
00000000
00000000
00000000
00000000
00000000
00000000
00000000
00000000
00000000
00000000
00000000
00000000
075B8998
20B5DEC0
1DE406A0
1EE77AC0
2509A000
225CCE40
53733E80
001126A1
003A4BDD
04937F30
11673CA0
0F728C70
0ADC5770
02671578
01EF843E
00B4038F
00000000
00000000
00000000
00000000
00000000
00000000
00000000
00000000
00000000
00000000
00000000
00000000
000559CA
1BEC5280
1DAD50C0
20CC6800
22CEB800
0791D460
44659F80
026C9368
00008955
0400FF20
0AE1A900
0DF27B70
0A4D1DF0
02671578
0215B7F8
00705D1A
00000000
00000000
00000000
00000000
00000000
00000000
00000000
00000000
00000000
00000000
00000000
00000000
00000000
006477B6
006DE68A
000E0640
000009E3
00000591
000EDA10
0000002F
0000003C
03D73F78
0397C140
000070CC
0001AB3A
0001F22D
00019B39
0000C222
00000000
00000000
00000000
00000000
00000000
00000000
00000000
00000000
00000000
00000000
00000000
00000000
00000000
00000000
00000000
00000000
00000000
00000000
00000000
00000000
00000000
00000000
00000000
00000000
00000000
00000000
00000000
00000000
00000000
00000000
00000000
00000000
00000000
