0000
0000
0000
0000
0000
0000
0000
0000
0000
0000
0000
0000
0000
0000
0000
0000
0000
0000
0000
0000
0000
0000
0000
0000
0000
0000
0000
0000
0000
0000
0000
0000
0000
0000
0000
0000
0000
0000
0000
0000
0000
0000
0000
0000
0000
0000
0000
0000
0000
0000
0000
0000
0000
0000
0000
0000
0000
0000
0000
0000
0000
0000
0000
0000
0000
0000
0000
0000
0000
0000
0000
0000
0000
0000
0000
0000
0000
0000
0000
0000
0000
0000
0000
0000
0000
0000
0000
0000
0000
0000
0000
0000
0000
0000
0000
0000
0000
0000
0000
0000
0000
0000
0000
0000
0000
0000
0000
0000
0000
0000
0000
0000
0000
0000
0000
0000
0000
0000
0000
0000
0000
0000
0000
0000
0000
0000
0011
0000
0000
0000
0000
0000
0000
0000
0000
0000
0000
0000
0000
0000
0000
0000
0000
0000
0000
0000
0000
0000
0000
00B1
0173
00E5
0226
06B2
09AF
0A76
0B3E
0637
057C
04B4
02D0
0111
0127
0086
0000
0000
0000
0000
0000
0000
0000
0000
0000
0000
0000
0000
0072
02B3
067F
0D14
1C76
375F
4852
56DF
5DC8
5A70
48E5
2FF6
1FD9
09E5
02F4
0127
001B
0001
0004
0000
0000
0000
0000
0000
0000
0040
0009
0016
0077
0688
11B2
2B74
5557
7B2D
8F13
958A
8F3A
91A9
80FA
5FC6
3664
15BD
0494
0051
0009
0006
0005
0000
0000
0000
0000
0000
0000
00E7
0102
0245
03DD
1710
396F
6E45
944A
9E10
92FF
853F
7C9F
8CE7
8F69
7792
4951
1E97
0988
00A6
0007
0005
0005
0000
0000
0000
0000
0000
0000
0089
0062
018D
0FBD
379A
6FF9
9839
A09E
8E19
6C2C
51F6
5911
739D
88A2
7B66
50F5
2561
0D35
02D5
0099
0091
0000
0000
0000
0000
0000
0000
0000
0048
00E3
0786
289F
6054
95FC
99F6
84CC
502A
2C91
1FE4
40AD
7056
8643
7BBE
4CDB
20E2
0980
0378
025E
0000
0000
0000
0000
0000
0000
0000
0000
0055
0482
115C
417E
86C8
9F6A
8CB9
4C18
1F4E
1469
284A
5FBB
86DF
90C9
7810
3DD0
15E4
069B
0278
01D9
0000
0000
0000
0000
0000
0000
0000
0000
0077
05CB
2078
5AAD
9290
9852
6DA1
319E
21B5
2E29
5B52
879F
99C2
95B6
6E93
3038
1117
038C
0028
001A
0017
003A
0000
0000
0000
0000
0000
0000
02C8
0B0F
285E
604D
8E4C
8B06
6615
4A23
53F0
65BD
86C1
9A0F
A46F
9371
4C9E
19F4
06C2
0178
0094
0053
003B
0025
0000
0000
0000
0000
0000
0000
05AD
0C0B
2FD7
57CF
7B7B
8C77
7FBB
8118
8663
852D
96B4
A274
A24D
7BDC
30B0
0BF7
0562
0232
00C6
0096
007C
0000
0000
0000
0000
0000
0000
0000
03BD
0D61
207F
4636
61B9
7342
8050
85DF
774A
7CDF
9219
A144
93A1
5570
193F
0842
02D6
01F3
005B
003E
0000
0000
0000
0000
0000
0000
0000
0000
0122
09E5
1299
2990
46F0
4DD9
5367
5721
582C
7799
9C8C
A05C
7D11
2FEA
0A80
03F8
0099
00BD
0031
0000
0000
0000
0000
0000
0000
0000
0000
0000
000B
0311
0690
0C92
156E
20EC
265B
2B67
4640
814F
A3BD
9883
5299
1BC1
0414
01D9
0067
00EB
0001
0007
0000
0000
0000
0000
0000
0000
0000
0000
0004
0026
00CD
02AA
0517
0A25
0DC2
1B21
4FFC
949C
A759
7A9A
3388
088C
00B2
0079
006E
00AC
012F
0000
0000
0000
0000
0000
0000
0000
0000
0000
0000
0002
004D
0063
011B
04FD
0D63
2F94
753C
A129
9716
61D5
1C51
02F5
0046
0069
0059
00BF
011B
0001
0000
0000
0000
0000
0000
0000
0000
0000
0000
0000
0018
0054
0169
058E
1894
556C
9452
A409
7A17
3921
0E58
0090
0000
0043
0047
000C
0133
0001
0000
0000
0000
0000
0000
0000
0000
0000
0000
0010
0021
0087
024B
0F9F
387C
77E4
9D9E
94DB
5C71
283A
06D6
01B0
0000
002F
014A
00E1
0104
0120
0000
0000
0000
0000
0000
0000
0000
0000
0000
0014
0027
0242
05BF
1CFE
4BC1
8BA4
A003
7FED
4146
1744
024A
0163
0000
0000
00B3
0131
0112
0104
0000
0000
0000
0000
0000
0000
0000
0000
0000
0037
0036
037A
0BA6
2D7F
644C
9668
98EC
6C90
30D8
0D3F
0114
0034
0003
0000
002A
0005
0000
0001
0000
0000
0000
0000
0000
0000
0000
0000
0000
0000
004F
0430
16E6
3978
7714
90BD
7F84
4F7E
21B0
0641
0052
0010
0000
0008
0029
000F
0000
0000
0000
0000
0000
0000
0000
0000
0000
0000
0000
0000
0004
0250
1664
3AB6
62E6
6E6C
596E
30A5
0E05
0135
0000
0000
0000
0001
0030
000E
000A
0000
0000
0000
0000
0000
0000
0000
0000
0000
0000
0000
0000
000B
0404
0C66
19FB
235E
16CE
0AEB
0299
0000
0000
0000
0000
0000
0000
0000
0000
0000
0000
0000
0000
0000
0000
0000
0000
0000
0000
0000
0000
0000
0000
0008
0016
0000
0000
0000
0000
0000
0000
0000
0000
0000
0000
0000
0000
0000
0000
0000
0000
