4.822931032322231e-07
3.1895493179945333e-07
2.8243675842531957e-07
3.211910382105998e-07
4.421157200340531e-07
5.292932314659993e-08
3.2998522669913655e-07
1.4201319231688103e-08
3.0161493214109214e-07
2.7999655571875337e-07
3.488252673378156e-07
3.8292537851702946e-07
4.6658018959533365e-07
4.336499159762752e-07
4.738417942462547e-07
8.781526616985502e-08
1.792954833490512e-07
2.7840457050842815e-07
2.1188061083421417e-08
9.774394982287049e-08
2.219441910256137e-07
2.1952690332227576e-08
3.476027359283762e-07
4.047171273668937e-07
2.122287270367451e-07
1.6374868039292778e-07
4.676815308357618e-07
7.207142260767796e-08
1.5449401757905434e-07
3.9319502320722677e-07
1.8779597610318888e-07
3.9040023125380685e-07
3.162563189107459e-08
3.6928511804035224e-07
4.6427646793745225e-07
1.658750079513993e-07
5.372193001562664e-08
3.2430472174382885e-07
3.5364161021789187e-07
4.30876696100313e-07
8.844698307086674e-09
4.116195100323239e-07
4.7001856273709564e-07
5.611316566955793e-08
7.7177958246466e-08
1.3724658742830798e-07
3.06635229208041e-07
9.660442223946575e-09
5.851257469657867e-07
2.9567578962996777e-07
2.61672226997689e-07
2.789667234992521e-07
4.4672202648143866e-07
3.2657496262800123e-07
3.6619803722715005e-07
3.780757538152102e-07
6.618777348421645e-08
3.305533269326588e-08
4.110576128368848e-07
2.8319871603343927e-07
4.5382228108792333e-07
3.646098321041791e-07
4.67868039777386e-06
1.5848891052883118e-06
8.580477839359446e-08
1.4216570320968458e-07
2.3906503443527072e-08
8.527676982339472e-07
5.228942541180004e-07
5.191927812120412e-07
2.4944036340457387e-05
2.960130586870946e-05
1.9177248233859245e-08
4.3333321286809223e-07
2.6432823574396025e-07
2.8009625907543523e-07
1.2699237004198949e-06
7.584509376101778e-07
6.1384528571295505e-09
4.330112233219552e-07
7.572354832063866e-08
4.091909033832053e-07
2.417758082629007e-07
3.538665538371788e-08
1.1071143291019325e-07
2.355523776031987e-07
2.1242416892164329e-07
2.0232744191162055e-07
2.4773876816652773e-07
4.852908546126855e-07
3.137358817184577e-07
3.9252259398381284e-07
7.644650423799249e-08
4.0090441189022386e-07
0.0048958840779960155
3.8743863105773926
4.710072040557861
22.35879898071289
150.50018310546875
740.6266479492188
791.30029296875
510.7185363769531
142.68862915039062
2.8698792457580566
1.3378269672393799
1.9477148056030273
1.6080061197280884
1.0256404876708984
8.864500955496624e-08
1.972947103467959e-07
2.107530292505544e-07
1.3456359226893255e-07
1.523292496585782e-07
9.283959201411562e-08
1.8659733314052573e-07
4.785341616297956e-07
1.3872184753417969
0.14642301201820374
2.435042745219107e-08
1.9072745089943055e-06
2.4845327061484568e-05
20.87984848022461
27.286779403686523
492.70367431640625
1966.3785400390625
4949.45556640625
8127.04931640625
11455.1064453125
15080.583984375
15393.1865234375
12087.2392578125
9667.302734375
4305.27587890625
1412.107177734375
261.0390625
1.313442349433899
6.790165230086131e-07
3.63403700021081e-07
3.7553334664153226e-07
2.779297290089744e-07
1.266151201662069e-07
1.898471424510717e-07
6.409165820286944e-08
1.4514654367303592e-07
6.567885861841205e-07
137.10948181152344
0.0
5.230759416008368e-05
208.95140075683594
843.7310180664062
1430.841796875
3506.661376953125
8628.2529296875
16138.04296875
23227.9765625
24516.630859375
25255.388671875
26773.94921875
24890.978515625
18205.419921875
12456.1123046875
7366.54443359375
1279.4468994140625
119.97830200195312
8.489809033562778e-07
1.1126667232019827e-06
3.130557502117881e-07
4.6131239628266485e-07
3.18881149041772e-07
2.3363355694527854e-07
3.6097063116358186e-08
6.15214730714797e-07
2.172327640437288e-06
2.4622766432003118e-05
0.18612103164196014
169.01756286621094
844.9561767578125
1678.0445556640625
4668.078125
10370.4296875
19374.5390625
25845.09375
28699.73046875
28046.177734375
27153.755859375
27572.259765625
27995.03125
25447.927734375
21185.033203125
12054.7822265625
6132.333984375
577.5675659179688
0.0
1.1407612419134239e-06
1.1921117959445837e-07
1.481032114725167e-07
9.582981874700636e-08
1.1606937633246162e-08
3.321802921618655e-08
5.426973643807287e-07
2.5612671379349194e-06
0.21261578798294067
231.32748413085938
370.27862548828125
1657.9588623046875
4787.396484375
10080.1943359375
18726.171875
27305.103515625
28327.607421875
26882.5390625
25580.2578125
24373.888671875
24079.751953125
24906.92578125
26812.34375
25319.462890625
18726.982421875
10905.984375
2945.34716796875
25.27283477783203
168.8689422607422
2.9709292448387714e-07
3.7867960145376856e-07
9.564157466002143e-08
1.718674553785604e-07
9.1200249130452e-08
5.918200827181863e-07
3.285657612650539e-06
8.808586120605469
229.69239807128906
989.563232421875
5214.85595703125
9236.59765625
18272.89453125
26562.36328125
27680.666015625
26486.576171875
25146.6484375
20919.09375
18843.44140625
17898.650390625
20101.654296875
23290.390625
25751.990234375
24084.265625
13074.685546875
5340.69287109375
974.1259765625
6.776674581487896e-07
3.228002043442757e-08
1.7076425251616456e-07
3.7517781947826734e-07
1.5325063884574774e-07
4.541946054814616e-07
0.0
1.3968086705062888e-06
7.313263416290283
223.33355712890625
2982.507080078125
7272.36376953125
16435.1328125
25870.376953125
28116.130859375
27260.857421875
22909.0859375
17067.546875
13432.08984375
10840.509765625
11490.205078125
14423.650390625
20079.71875
25498.603515625
24565.068359375
16875.12109375
7707.30859375
1907.7825927734375
0.27887240052223206
4.6083863480816945e-07
2.2245720288083248e-07
4.315668036269926e-07
1.0624312096751964e-07
2.8762144665961387e-07
2.499877780337556e-07
0.0
176.4420623779297
1080.2073974609375
5368.68359375
13900.4580078125
23753.126953125
28582.73828125
28122.00390625
23764.052734375
17106.8828125
10135.095703125
5004.5546875
5044.7431640625
6453.01025390625
11209.158203125
17988.8203125
23856.806640625
26658.068359375
20222.0
8855.955078125
2799.509033203125
99.69072723388672
6.575014310783445e-08
2.936608325398993e-07
1.3682849520080254e-08
1.9493793956826266e-07
4.1071916712098755e-07
9.902958026941633e-07
6.238762378692627
656.184814453125
2233.689453125
9894.1083984375
20248.93359375
26945.0546875
28788.646484375
24166.09375
16303.78515625
8346.0615234375
4666.5966796875
2396.067626953125
2294.924072265625
3786.875244140625
7718.6103515625
15304.6337890625
21835.755859375
27299.6328125
21305.583984375
10983.314453125
2952.8134765625
80.62384796142578
2.9302955795174057e-07
2.2501794205709302e-08
2.127986533650983e-07
1.7080861880458542e-07
4.6055055236138287e-07
6.203679845384613e-07
12.146932601928711
1963.2496337890625
5211.33203125
14557.2958984375
23971.240234375
28034.27734375
26169.22265625
20043.466796875
7760.5166015625
4154.2373046875
2269.573974609375
1207.583984375
879.6558227539062
2049.8349609375
6349.9345703125
13721.203125
20922.8046875
27818.28515625
22237.142578125
10804.9716796875
3141.891845703125
133.8906707763672
1.4949925741802872e-08
1.6555469528611866e-07
4.405856657285767e-07
2.891239603286522e-07
4.353554459157749e-07
4.493227834245772e-07
29.568880081176758
3416.373291015625
9781.3369140625
18487.916015625
26571.900390625
28062.16796875
23599.869140625
10513.5087890625
3339.7587890625
1885.7476806640625
1835.3416748046875
1044.17138671875
364.0754089355469
1037.1107177734375
5727.2890625
13121.9912109375
22938.646484375
28178.953125
21608.22265625
9367.2138671875
2165.536865234375
3.156202055265567e-08
4.6212335291784257e-07
9.285550106596929e-08
4.541807356872596e-07
3.0584212140638556e-07
4.5173723606239946e-07
2.4925034836087434e-07
830.3084716796875
4139.23583984375
13105.1025390625
23125.16015625
27309.669921875
26111.99609375
16777.421875
5207.1611328125
1635.7275390625
1164.628173828125
1087.658203125
265.8504638671875
290.7680969238281
1254.1748046875
7097.8427734375
15714.6181640625
25665.1328125
27304.146484375
19889.19140625
8001.34423828125
2434.328857421875
0.0
9.159669644986934e-08
1.5685775167639804e-07
2.9828196801418017e-08
2.5201850917255797e-07
3.141591662370047e-07
4.2878988892880443e-07
1227.259765625
6590.021484375
16892.705078125
25595.208984375
27477.046875
23533.703125
10591.638671875
2996.524658203125
878.51171875
145.7994842529297
302.9969787597656
352.24151611328125
423.67803955078125
2395.8955078125
10137.294921875
18832.603515625
28232.3203125
27777.958984375
17247.796875
6633.41259765625
1562.8861083984375
0.6968063116073608
3.9875325796856487e-07
2.3876245336396096e-07
1.9196565403944987e-07
1.1729994753295614e-07
2.0625444108191004e-07
0.0022309974301606417
1738.7449951171875
8153.26416015625
19408.15625
26482.326171875
26663.67578125
17806.23828125
6794.01611328125
2039.0108642578125
510.3591613769531
386.9658508300781
292.3010559082031
545.4815673828125
1255.707763671875
6526.75439453125
16450.685546875
23915.1875
27857.3515625
24490.74609375
12872.453125
4252.658203125
1212.3577880859375
0.6053227186203003
3.635123135836693e-08
1.484072100765843e-07
3.345118315678519e-08
2.4031956513681507e-07
1.822478452595533e-07
0.0019412316614761949
1721.4111328125
10884.671875
20532.404296875
25071.150390625
25914.263671875
14154.580078125
5900.38134765625
1519.6597900390625
471.67694091796875
663.4016723632812
1018.9544677734375
3023.100341796875
6327.9521484375
12970.9013671875
21864.19921875
27510.14453125
27464.251953125
19479.32421875
8007.666015625
2090.70166015625
987.2916259765625
0.27292734384536743
4.1676713635752094e-07
1.8033453841326264e-07
7.160435444575342e-08
3.084065269831626e-07
1.467666237431331e-07
0.002296023303642869
2833.031494140625
11018.615234375
21456.3203125
25856.83984375
23343.33203125
14035.8505859375
5090.73095703125
2916.863037109375
2567.114990234375
3492.9013671875
6368.505859375
8308.9384765625
13944.0654296875
20301.783203125
26117.03125
28251.345703125
23356.8046875
11609.1748046875
3626.8154296875
924.716796875
654.5198364257812
0.0
4.7589108476131514e-07
4.5505117896027514e-07
1.5733169789200474e-07
2.803835172926483e-07
1.6556134596612537e-07
0.002618504222482443
4097.0732421875
11547.2421875
21264.72265625
26781.27734375
23863.87890625
16354.2626953125
9414.6923828125
5875.54345703125
6608.501953125
8717.916015625
11187.0703125
15946.873046875
20547.748046875
26701.92578125
27995.28515625
25065.87890625
14649.2041015625
6022.53564453125
1779.2393798828125
392.4726867675781
0.7335065603256226
9.61578962233034e-07
2.936452574431314e-07
3.827730665761919e-07
4.5046783725410933e-07
9.536552880717863e-08
4.0028453440754674e-07
440.08319091796875
2490.176513671875
9304.74609375
19595.892578125
27275.728515625
25985.55859375
21124.181640625
15878.5458984375
13980.6806640625
14006.908203125
14875.9814453125
18918.0703125
23633.232421875
26344.681640625
28784.56640625
25360.837890625
15466.9833984375
6792.884765625
1863.025634765625
448.94476318359375
326.2418212890625
0.6672473549842834
9.620736136639607e-07
8.562916775645135e-08
1.5621331783677306e-07
4.822255732506164e-07
2.863728525426268e-07
1.2527821979801956e-07
380.0983581542969
1382.2467041015625
7056.2978515625
16335.69921875
24561.666015625
27634.2421875
26423.080078125
23944.802734375
22898.529296875
23647.91015625
25375.578125
26089.8046875
28143.095703125
27882.57421875
23079.3359375
15283.8466796875
7515.1630859375
3092.68994140625
486.0914001464844
339.4830322265625
1.3812114000320435
0.5283917784690857
2.8903045290462615e-07
2.593954206986382e-07
3.844023126475804e-07
3.024207728685724e-07
2.650891772759678e-08
3.998801645366257e-08
279.90118408203125
771.6122436523438
3584.73193359375
9682.423828125
20557.0390625
26016.76171875
28311.46484375
29471.22265625
28920.4453125
27676.76171875
28350.234375
26961.58984375
25258.734375
19336.630859375
11933.7724609375
4779.26123046875
2008.06494140625
721.164794921875
254.17828369140625
103.84034729003906
199.21524047851562
0.0
1.384031378393047e-07
1.649720644536501e-07
2.886856691475259e-07
1.8207859397989523e-07
3.138360398224904e-07
3.769248451135354e-07
0.9651707410812378
325.36639404296875
860.5614624023438
3699.721435546875
10425.1455078125
18033.212890625
24001.142578125
26121.5625
27447.0234375
25315.62890625
23377.2421875
19279.662109375
13396.0166015625
7259.3583984375
3751.609130859375
815.0708618164062
272.10211181640625
0.0849766954779625
0.0001276107068406418
206.4237823486328
263.9158630371094
268.6148681640625
2.2521512508392334
2.8321159106781124e-07
3.879759447045217e-07
3.4511114677115984e-07
1.7943094121619652e-07
5.3140858824463066e-08
9.349281526738196e-08
0.0007550597656518221
0.0007745251059532166
399.98223876953125
1635.8197021484375
4007.708984375
7756.96484375
8430.810546875
8512.6787109375
7805.232421875
6833.7001953125
4474.10888671875
1836.765869140625
828.8953857421875
385.13653564453125
74.58202362060547
0.00011893164628418162
0.0001416908053215593
9.348744788439944e-05
137.34713745117188
237.51902770996094
298.769287109375
2.2255821228027344
2.486262360434921e-07
2.1397916327714483e-07
2.3909981905489985e-07
4.010876253346396e-08
3.3169339985761326e-07
4.344333603967243e-07
2.0891459939775814e-07
3.654001545783103e-07
3.7552450038447205e-08
1.5331768565829407e-07
0.0
78.22908782958984
153.65863037109375
100.09269714355469
162.30088806152344
154.9123077392578
0.0
3.8366499211406335e-05
3.606715108617209e-05
2.976389805553481e-05
9.149861170953955e-07
1.0673209089873126e-06
1.092353272724722e-06
1.07162873064226e-06
1.0544863471295685e-06
4.08821023256678e-07
3.5401450304561877e-07
2.3587344344377925e-07
3.7550489651039243e-07
1.5365674244094407e-07
2.0965767077996134e-07
2.0789332211279543e-07
1.9772258497141593e-08
1.9897288439096883e-07
6.926261875150885e-08
8.73088126240873e-08
4.111306282084115e-07
2.4099483653117204e-07
3.791346046000399e-07
2.107933312345267e-07
4.040381043068919e-07
1.3407358778749767e-07
2.3830186535178655e-07
2.8135067964285554e-07
9.472986306491293e-08
3.4209442674182355e-05
2.991562541865278e-05
4.3149410089426965e-07
2.220508932282428e-08
4.354649263405008e-07
2.2678463551528694e-07
2.7076076491994172e-08
6.889013093314134e-08
3.378470694315183e-07
1.2771860724569706e-07
3.432373034684133e-07
2.4066110881904024e-08
4.281930898741848e-07
1.4211680365860957e-07
1.5065386094192945e-07
3.5802293041342637e-07
4.555278465545598e-08
3.4536890325398417e-07
3.7875867064940394e-07
1.7938462804067967e-07
5.010576487052276e-08
2.7991586648568045e-07
1.9946283202898485e-07
1.9306730791868176e-07
1.4442154849803046e-07
1.0344540868345575e-07
3.090908649028279e-07
3.294358918992657e-07
1.1221097651059608e-07
3.909468375695724e-07
2.389245139511331e-07
1.2797630688510253e-07
4.703340152900637e-07
2.6243992579111364e-07
3.899197906775953e-07
1.0545778650339344e-07
9.879970264137228e-08
1.9070371592988522e-07
2.0872113282166538e-07
3.880422241309134e-07
2.974187509607873e-07
