3.426045447341153e-09
5.773322264701619e-09
7.47506856413338e-09
3.950685556475264e-09
5.773402644848602e-09
9.391674993253218e-09
9.211995610769463e-09
6.357054882499824e-09
9.098362951931449e-09
1.0696337149340707e-08
1.5433869737790928e-09
1.0371607572778885e-08
7.62212515326155e-09
3.29588112357726e-09
4.3949945904842025e-09
9.598847938718791e-09
1.0565163854892035e-08
6.7155356830994606e-09
1.0128214711357941e-08
5.083055754084853e-09
6.646044603542123e-09
1.8536123747026068e-09
3.3769569363073515e-09
9.05621355684616e-09
2.5175643791897073e-09
6.244380124087456e-09
2.5116022595028653e-09
1.2105672020368274e-09
9.539386641721492e-11
7.63820562355022e-09
8.1412441232942e-09
7.976464821979334e-09
1.048260056535355e-08
3.883946497751367e-09
6.898234872210196e-09
5.119850099433165e-10
3.985102914327854e-09
1.377772784749709e-09
114.36994934082031
177.48220825195312
146.85397338867188
8.386392025272471e-09
5.216386433914977e-09
9.88990844774662e-09
2.830738088377416e-09
9.948409207538589e-09
8.035598852984549e-09
8.696955156040076e-09
6.067897739825412e-09
5.8709934691592025e-09
5.7659756969030695e-09
9.828194258432177e-09
8.659243988518028e-09
4.538694309275115e-09
4.293721378445525e-09
3.169976503514249e-09
2.864107562228213e-10
1.1431039448339675e-09
1.4731135200563017e-09
2.0495536379172563e-09
1.6060970331466251e-09
5.328391505798891e-09
10.990840911865234
15.280899047851562
264.8798522949219
345.3935546875
617.4071655273438
622.8936767578125
797.3038330078125
312.23529052734375
371.9508972167969
661.2840576171875
11.214448928833008
11.925150871276855
6.305039278231561e-05
8.620241409573737e-09
1.421332385120877e-09
4.864744607147031e-09
7.684184843981257e-09
1.726808362967347e-09
2.4564106304580946e-09
1.2014244044067368e-09
3.1884104245705203e-09
2.1223438562145702e-09
1.0598967037367402e-08
3.581902108251711e-09
5.050820206520257e-09
6.304178068461397e-09
0.0
75.22305297851562
469.5182800292969
445.78033447265625
2155.009521484375
4293.85986328125
6485.79638671875
9763.7490234375
11950.7216796875
13821.5498046875
14459.7880859375
10932.7880859375
6129.845703125
2900.452880859375
1179.1827392578125
56.08867645263672
24.64788246154785
6.313364053767145e-08
6.3711755871054265e-09
3.5133458364811077e-09
2.2968151824898086e-09
2.9954811964216788e-09
9.234056186357975e-09
9.264554456933638e-09
8.815849383836394e-09
7.054603123890502e-09
2.135951415738191e-09
7.423014647400805e-09
85.03321075439453
295.0083923339844
916.593994140625
3152.2021484375
6249.71923828125
10885.138671875
16311.1591796875
21156.400390625
27381.40234375
28594.2265625
28761.982421875
25956.451171875
21485.59375
14119.666015625
4633.5
1146.8868408203125
76.4106674194336
63.891632080078125
1.6934707502969104e-07
1.9347975666050843e-08
3.896073241804743e-09
9.312315363274593e-09
1.000355620561777e-08
1.1951144518462797e-09
6.650214157133405e-09
5.013554904564899e-09
1.2280441522598267
4.050177082604023e-09
81.5683364868164
1256.796630859375
2691.743896484375
6835.9599609375
11763.87109375
17634.130859375
24211.787109375
28173.291015625
30190.767578125
31589.392578125
31642.7109375
31356.21875
29159.10546875
24274.154296875
15576.1923828125
5471.8896484375
1033.1910400390625
223.82870483398438
0.0
2.0939637579431292e-08
1.1729549775907344e-08
1.0448087728320843e-08
5.987407458718508e-09
8.021869390972824e-09
5.4351927403217815e-09
5.459555474374156e-09
7.607320107183568e-09
0.050008878111839294
490.3117370605469
2300.4775390625
4842.630859375
10508.267578125
15576.685546875
19954.42578125
23153.3125
26273.47265625
24256.333984375
24520.47265625
24438.494140625
26755.376953125
29766.625
29764.048828125
24011.369140625
13146.62890625
3337.25439453125
362.7076721191406
48.039798736572266
4.227593208838698e-08
3.6572263439893504e-08
6.251323014794252e-09
9.734841377451176e-09
5.191856722319699e-09
4.554261856526409e-09
1.0747140066769134e-08
8.401899620480435e-09
152.37258911132812
1150.802490234375
2881.3515625
6627.07666015625
10009.958984375
13451.1728515625
18665.98828125
20152.544921875
18235.056640625
15823.5869140625
14200.9033203125
14087.4306640625
16505.529296875
22825.33203125
29552.7890625
28648.01171875
19019.341796875
6875.79638671875
1493.2415771484375
252.36590576171875
5.709874528747605e-08
4.8728299617550874e-08
5.7982183498950235e-09
3.995409336710054e-09
1.928400328310431e-09
4.517943796855661e-09
3.9134748774927175e-09
1.371912916603435e-09
282.86962890625
760.7608032226562
2021.74072265625
4745.3212890625
7432.92333984375
10282.763671875
12160.138671875
12568.484375
10152.576171875
8369.1962890625
6027.33447265625
5335.13232421875
8148.7783203125
17994.029296875
26910.275390625
31341.8671875
23039.234375
9737.0126953125
2789.86181640625
132.50326538085938
6.882444381713867
3.75757949200306e-08
1.2154337980518903e-08
5.9137743591008984e-09
4.746811388400829e-09
5.893754817520858e-09
5.839299710430623e-09
5.850957052189187e-09
266.28912353515625
310.63055419921875
1450.4464111328125
3392.62890625
5136.623046875
7053.14404296875
6790.43994140625
5387.3720703125
4373.85791015625
4094.255615234375
2588.142333984375
2156.882568359375
5082.73486328125
11597.236328125
25206.525390625
31438.0546875
27226.935546875
11483.1806640625
4385.61962890625
329.8914489746094
48.789485931396484
0.0
1.5879601633628226e-08
7.763003573302285e-09
1.762779588965202e-09
9.60518775627861e-09
9.523327015870109e-09
1.0388960802742986e-09
2.6773139261138112e-09
34.823753356933594
800.404052734375
2318.0263671875
2883.303466796875
3455.564697265625
3944.376708984375
3314.617919921875
2643.935546875
1207.1802978515625
729.7937622070312
2484.720703125
3694.246337890625
9662.0595703125
23745.197265625
30264.703125
27764.47265625
12141.8603515625
3942.355712890625
1181.150390625
103.53208923339844
3.407689332962036
9.510152665370697e-09
1.4599100817136446e-09
2.5721085261665166e-09
1.5042289636113537e-09
7.814627167590515e-09
7.714602290320727e-09
1.0082643164821548e-08
8.975361824035645
730.5216674804688
1492.44775390625
1548.577880859375
1154.9342041015625
2214.1728515625
2199.825927734375
1856.7042236328125
1043.70166015625
653.8546142578125
1550.808349609375
2856.804443359375
11304.869140625
22974.900390625
29761.419921875
26770.57421875
12524.6689453125
4593.9951171875
877.9818725585938
147.3605194091797
3.9920220375061035
0.2568499445915222
7.766112197771236e-09
9.858697858078358e-09
6.323240153705001e-09
8.357233127753716e-09
1.0352649404410386e-08
9.732759487235398e-09
10.685322761535645
588.1903686523438
811.7747802734375
1048.3936767578125
511.0957336425781
787.2666625976562
1210.7186279296875
2085.5869140625
1495.3480224609375
1779.723388671875
2684.1474609375
4008.14013671875
13191.8515625
24122.12109375
30954.419921875
25349.90625
11892.0439453125
4465.89208984375
1580.879150390625
323.2064208984375
147.0341339111328
0.43933093547821045
7.122994194475041e-09
2.979252400336918e-09
3.4477796173604247e-09
2.104362906152346e-09
1.420624728964981e-09
8.581080734870739e-09
148.0771026611328
596.3709716796875
991.156005859375
985.5638427734375
1150.914794921875
2336.430419921875
3499.59765625
4972.9931640625
4967.5361328125
5784.328125
5648.5146484375
8435.904296875
15556.99609375
24365.361328125
28837.517578125
23278.720703125
11380.7509765625
4259.00537109375
1517.34814453125
619.2342529296875
853.218994140625
282.44696044921875
10.427592277526855
6.673603891726998e-09
1.5124874686023304e-09
4.5721781916086e-09
3.444281082565226e-09
111.46256256103516
196.51548767089844
814.68115234375
1931.25390625
3581.9365234375
5500.79345703125
7075.03466796875
9382.072265625
10639.9208984375
10804.3154296875
12173.7685546875
14189.1611328125
17584.322265625
22103.697265625
27317.923828125
27303.205078125
21445.1640625
11080.9052734375
4672.81689453125
1867.0904541015625
1047.399658203125
1301.291748046875
1015.8087768554688
15.98077392578125
3.761686073744386e-09
7.060351858712011e-09
6.351081882627341e-10
4.996902003284731e-09
181.54039001464844
188.82896423339844
1283.9090576171875
3970.89599609375
7378.58447265625
10317.5498046875
12771.6845703125
15325.5703125
17657.328125
20809.826171875
22555.138671875
23607.35546875
23643.28125
26176.787109375
30764.447265625
26460.482421875
18674.091796875
11060.25
5486.80126953125
3033.81103515625
2336.65283203125
1212.1990966796875
643.8258666992188
67.5477294921875
4.8611514813501344e-09
9.43565314770467e-09
6.685944686779521e-09
5.430470082501415e-07
199.0498504638672
243.33880615234375
2935.38671875
7601.296875
11822.927734375
18426.771484375
22107.0
23875.123046875
24590.4609375
25235.228515625
27924.654296875
28442.65234375
30257.359375
31256.220703125
28757.982421875
25402.044921875
18416.400390625
11179.6611328125
7862.078125
5074.40478515625
3540.7685546875
2515.533935546875
514.6978149414062
104.65287017822266
3.1067761696590424e-09
7.384757805262154e-10
1.6271785030497199e-09
5.998900292070175e-07
186.6558837890625
475.9100646972656
4730.294921875
13168.4697265625
18691.607421875
22553.208984375
24823.25
24597.517578125
22972.435546875
24872.650390625
25599.08984375
28187.302734375
30447.5234375
31003.71484375
28919.326171875
24873.71484375
19092.390625
14391.693359375
9444.654296875
7751.41552734375
5546.77685546875
3514.60009765625
1819.149658203125
68.07630157470703
5.570366834461993e-09
1.1025419466292874e-09
8.670856033177188e-09
8.527683448278367e-09
61.38296890258789
1445.267822265625
7955.32666015625
16037.8115234375
23389.810546875
26171.9375
24942.546875
21404.72265625
19347.443359375
21603.837890625
23556.22265625
29534.876953125
30655.466796875
30728.986328125
30459.791015625
24328.373046875
20240.03515625
17077.337890625
13794.8427734375
9410.87109375
7954.263671875
4859.796875
2299.22607421875
417.281982421875
9.789546950855765e-09
6.232690363816573e-09
9.121151833824115e-09
0.0
151.7544403076172
1542.109375
9064.4716796875
18896.68359375
26208.2578125
29497.0
26256.162109375
23473.861328125
23633.02734375
23672.822265625
27833.330078125
29616.810546875
29750.7890625
28395.810546875
27600.8515625
26234.57421875
22612.623046875
19477.671875
16390.359375
12109.57421875
9039.857421875
4723.85986328125
2541.0517578125
353.5227966308594
9.750716678524896e-09
6.92877422103777e-11
9.744438145276035e-09
109.75932312011719
174.2322998046875
1211.503662109375
8090.30419921875
16952.912109375
23626.548828125
29564.830078125
29838.115234375
28655.42578125
28033.0625
30231.388671875
30346.91796875
27239.353515625
24674.484375
21408.263671875
20933.171875
20419.41796875
19788.361328125
17656.3515625
14711.939453125
10674.5078125
7515.1796875
4596.427734375
623.116455078125
193.4278564453125
9.512032939085202e-09
2.0358190133684673e-10
4.9534123469641145e-09
128.7479705810547
237.591552734375
581.1029663085938
5305.33984375
12730.91796875
19447.48046875
27657.119140625
29251.25
29397.576171875
28644.693359375
27290.048828125
24354.068359375
20979.16796875
15608.4365234375
12960.7373046875
12965.3779296875
11746.3154296875
9711.564453125
9675.3017578125
8083.17626953125
7007.767578125
4509.4580078125
2512.435791015625
346.1077880859375
0.00044608087046071887
2.4757280669973625e-09
6.305211464052718e-09
8.072047918972203e-09
132.43641662597656
189.5098419189453
365.2876892089844
2697.328857421875
6968.3603515625
11544.634765625
17638.466796875
23631.009765625
22705.0078125
20365.91796875
18202.8046875
12484.228515625
10340.951171875
6300.66357421875
4858.45751953125
4799.498046875
5463.76171875
6510.287109375
5987.71875
5174.43798828125
2550.210693359375
2763.056640625
1146.2103271484375
73.72975158691406
8.668285590829328e-05
7.243626143349502e-09
4.319221424964326e-09
7.318062267280823e-10
5.9373532756978875e-09
8.9160795211792
41.32302474975586
699.3381958007812
1807.9005126953125
2933.010986328125
5703.52978515625
5837.1298828125
5865.82470703125
5352.18603515625
4167.3076171875
3256.1513671875
2147.453125
999.9325561523438
923.7302856445312
1767.375
2234.698486328125
2732.792724609375
2919.102294921875
1853.2669677734375
767.9413452148438
89.00511932373047
17.082870483398438
11.83176326751709
5.673651770621291e-09
6.294121890348947e-10
1.5767095407070997e-09
4.260488406515606e-09
4.094779182395314e-09
9.246979182364612e-09
2.3295464515686035
5.559877872467041
4.740080833435059
2.026550531387329
150.99224853515625
339.5485534667969
224.7842559814453
241.5655975341797
156.92372131347656
58.37440872192383
67.84786987304688
149.2777862548828
0.0
266.3011779785156
397.52032470703125
309.5299072265625
164.949951171875
1.0215017795562744
0.8238269686698914
0.003467875998467207
0.0034625770058482885
8.217988067826809e-09
1.1319296611134178e-09
6.918616346496265e-09
7.535426505000942e-09
6.5234138091341265e-09
4.313157830893033e-09
9.442215898047834e-10
9.8891996813677e-09
7.579570748816877e-09
2.642847718448138e-09
1.0168100139651415e-08
2.996700887436532e-09
1.9158372666083778e-08
1.1207039740668279e-08
0.0
49.98051452636719
61.7468147277832
59.361480712890625
2.245014174562243e-09
7.452331196589057e-09
8.580745891606512e-09
7.205451346692371e-09
4.81466377877382e-09
8.905529647051935e-09
6.087425674650149e-09
6.835320309761528e-09
6.10966566227944e-09
6.198510038579741e-10
1.4934148362399924e-09
4.1334411449156505e-09
3.1615068341039887e-09
6.180670197863947e-09
8.36495317457775e-09
5.903073585500351e-09
3.0908351433822645e-09
2.3335282595127183e-09
3.173423968050315e-09
3.6517380230804974e-09
5.735988128918734e-09
8.263219442028458e-09
9.834517200602022e-09
9.200595840752612e-09
2.648798291815524e-09
4.501129247103108e-09
8.05623745492312e-09
1.084693668218506e-09
2.070625448880037e-09
1.7005473695874684e-09
2.8053999123756057e-09
8.161155307107038e-09
9.06918806720114e-09
8.482710533996851e-09
8.495200098934674e-10
7.038770899470137e-09
4.52265647155059e-09
2.784640851238862e-10
9.506092801814248e-09
8.070283996630678e-09
6.5141079197417184e-09
1.8089237885376974e-09
3.660722835974184e-10
9.142318901922408e-09
2.235414964246729e-09
4.306466294679012e-09
6.477493208478791e-09
9.41832567491474e-09
6.502390181850615e-09
6.529454310566507e-09
4.57996929270621e-09
2.256755671226074e-09
2.9051259176071653e-09
4.12233536195572e-09
4.025177080535514e-09
1.5278174281263546e-09
1.5825871724217677e-09
2.7316831019419396e-09
4.155762844959554e-09
2.5362061339961883e-09
1.0236361092097468e-08
4.087972182986732e-09
5.218551368812996e-09
2.6443680578580597e-09
6.440855404576951e-09
7.508856647575612e-09
7.920215594481306e-09
1.01799342289155e-08
3.0747531187813593e-09
