0000
0000
0000
0000
0000
0000
0000
0000
0000
0000
0000
0000
0000
0000
0000
0000
0000
0000
0000
0000
0000
0000
0000
0000
0000
0000
0000
0000
0000
0000
0000
0000
0000
0000
0000
0000
0000
0000
0001
005B
0070
00ED
00AC
00DB
031C
01CC
00CA
0000
0000
0000
0000
0000
0000
0000
0000
0000
0000
0000
0000
0000
0000
0000
0000
0000
0000
0001
0001
053A
1189
23C6
34CE
33C3
27FB
1E22
0CF4
0502
01B6
0000
0000
0000
0000
0000
0000
0000
0000
0000
0000
0000
0000
0000
0000
0000
0007
0008
0204
10A8
2649
4C9E
651E
6995
4EEB
2756
14CC
0AF3
0281
0066
0000
0000
0005
0000
0000
0000
0000
0000
0000
0000
0000
0000
0000
0002
0004
00E6
08D8
1CBF
457C
6613
7B54
75DD
475A
28DA
10B4
0817
0212
000E
0000
0000
0007
0000
0000
0000
0000
0000
0000
0000
000F
0027
0004
0001
0004
01BD
0FB4
2FF1
5E40
811D
7DAA
6000
34EC
1244
0885
0424
0085
0006
0000
0029
0045
0000
0000
0000
0000
0000
0000
0000
0000
0000
0000
0009
0004
064A
1E49
4C75
76A3
8720
6D80
4339
18F9
0696
02A5
00FA
0054
0000
001C
003A
003C
0000
0000
0000
0000
0000
0000
0000
0000
0003
0003
0151
02D0
10EC
3279
6B54
866E
7E39
5254
236E
0A89
02E2
011A
0082
0000
0000
0012
0040
003C
0000
0000
0000
0000
0000
0000
0000
0000
0004
0005
0362
074F
1D93
518C
7E82
861A
67C8
326B
0C7F
0291
0100
0082
0062
0001
0002
0020
0042
0025
0000
0000
0000
0000
0000
0000
0000
0000
0003
0005
0055
106F
3690
6E14
85F8
79BE
4A05
19A8
0652
01A6
0075
00A5
0169
0127
0094
0098
0027
001F
0000
0000
0000
0000
0000
0000
0000
0000
0004
0005
0356
1A91
4982
7F17
8551
6915
31AF
1016
07C8
0835
0C96
09CE
0A3A
07BC
0679
0260
01AC
0005
0000
0000
0000
0000
0000
0000
0000
0000
0002
0014
0C83
2ECA
6037
872F
7CAD
500F
20BC
0F80
13A3
195C
1E98
2509
2689
1CDA
1251
09AB
0318
0109
000F
0000
0000
0000
0000
0000
0000
0000
0003
029E
12A5
4243
7498
845A
6E70
40A2
1B76
2034
2FCF
418F
4222
4BF0
4DA7
416B
3413
1C97
0A95
02C1
000F
0000
0000
0000
0000
0000
0000
0000
0060
057C
1D7D
4D1B
7A9C
861E
607E
37F7
3119
43EA
565C
6AE9
77AC
78F5
718A
667B
48DB
2B0A
13DE
059F
010E
0000
0000
0000
0000
0000
0000
002E
02E4
0C04
266C
56D2
7B89
7C2A
5811
474B
474A
5E8E
6EC6
7FA7
7E41
7882
79C2
757C
5E0E
3D08
1DBE
0C40
02E2
0000
0000
0000
0000
0000
0000
0047
02CE
0BB8
2CF6
5F3D
7814
797A
58D1
4CE6
54DA
6BED
73F4
6964
59F2
6495
70E9
7664
67A7
4427
2448
0DAE
0252
0000
0000
0000
0000
0000
0000
00DB
02F1
0E79
2D2D
5574
72F9
72CA
6202
5E50
5AFA
67E5
59B1
49AB
3D46
47F0
6152
757F
6B6F
4943
20E9
0AE6
01DE
0000
0000
0000
0000
0000
0000
0188
02F8
0D86
2AA2
5215
73E7
7CAB
73AF
66F6
5D8E
5952
49AE
408A
3B81
4E3A
71C2
7D5A
6393
3A16
14E2
0774
0130
0000
0000
0000
0000
0000
0000
011D
01D4
0C83
1F08
488C
6AE3
8158
7DA4
73D2
6A71
5C3E
52CE
4ED1
5822
72D1
8051
7792
4F50
2210
0C59
04B8
0000
0000
0000
0000
0000
0000
0000
0000
01DF
0857
192E
36C8
6143
7529
8083
8122
7A56
737D
7147
76BE
7942
7E3D
762B
5855
3043
1346
04F6
0039
0000
0000
0000
0000
0000
0000
0000
0000
0009
0314
0BD4
2375
453B
64AE
7B07
8980
8962
8AF4
82A3
7F86
7DE1
6DF8
504E
2F6C
161D
0613
005A
0001
0000
0000
0000
0000
0000
0000
0000
0000
0000
001B
01C8
0A37
20ED
3EBE
5AAF
7177
7C2F
7B2F
74CA
6CC5
578B
3D3E
2752
0F1E
052C
0014
000B
0000
0000
0000
0000
0000
0000
0000
0000
0000
0000
0022
0187
0234
0360
07BC
0E83
1A3F
2460
2848
2975
2426
1984
0E57
068E
01DA
01D0
000D
0000
0000
0000
0000
0000
0000
0000
0000
0000
0000
0000
0000
013D
01EC
0205
020B
011F
0069
007B
0092
0080
0045
003A
0046
0000
0000
0000
0000
0000
0000
0000
0000
0000
0000
0000
0000
0000
0000
0000
0000
0000
0000
0000
0000
0000
0000
0000
0000
0000
0000
0000
0000
0000
0000
0000
0000
0000
0000
0000
0000
0000
0000
0000
0000
0000
0000
0000
0000
0000
0000
0000
0000
0000
0000
0000
0000
0000
0000
0000
0000
0000
0000
0000
0000
0000
0000
0000
0000
0000
0000
0000
0000
0000
0000
0000
0000
0000
0000
0000
0000
0000
0000
0000
0000
0000
0000
0000
0000
0000
0000
0000
0000
0000
0000
0000
0000
0000
0000
0000
0000
0000
0000
0000
0000
0000
0000
0000
0000
0000
0000
0000
0000
0000
0000
0000
0000
0000
0000
0000
0000
0000
0000
0000
0000
0000
