5.647695644483974e-10
2.5557081451133e-10
2.287506017939478e-10
3.042724960877763e-10
2.9763225217749323e-10
5.635946709325879e-10
1.9208847013008068e-10
2.6888880011455285e-10
6.049281076059287e-10
4.703086253776689e-10
5.655151347205845e-10
4.6122575203533245e-10
4.229853134418704e-10
3.200122389301896e-10
1.0132801542273029e-10
3.162897999064995e-10
4.911685641539876e-11
5.650407919333134e-10
4.9789655037768554e-11
2.833682732905629e-10
1.2611200972401093e-10
5.0013083952027415e-11
4.684752585859542e-10
5.5382875369103246e-11
2.4835175582715863e-10
5.3859694482127907e-11
4.087383764783681e-10
7.632387777345429e-11
3.406341320122408e-10
4.677889742232821e-10
6.294910426252187e-11
4.3228759460944843e-10
5.894775223502791e-10
8.879977309028675e-11
4.260740094075288e-10
4.700053124473413e-10
5.004350822623849e-10
0.705288290977478
1.0339210033416748
91.8689956665039
112.32132720947266
237.72708129882812
172.137451171875
219.64535522460938
796.7176513671875
460.2741394042969
202.88970947265625
0.00037540021003223956
0.00014437806385103613
2.733053783288142e-10
3.990941258025238e-11
5.84214399079741e-10
5.77566716675193e-10
4.6267137343569686e-10
2.383634678526647e-10
3.583484897706768e-10
3.112575475139323e-10
5.880322895279733e-10
4.450666571398365e-11
4.563155964198984e-10
0.010534437373280525
0.757303774356842
3.770458389951159e-10
0.13401952385902405
0.818369448184967
1.3405219316482544
1.9945719242095947
1338.049072265625
4489.95458984375
9158.9501953125
13518.1181640625
13251.3994140625
10235.1201171875
7714.724609375
3316.623291015625
1282.09521484375
438.0103454589844
3.277392524037026e-10
5.37803357403277e-10
2.927619535686432e-10
4.514446316772336e-10
3.61026541995102e-10
3.4808256277329974e-10
2.892209527427525e-10
3.815049942623716e-10
4.5565101691735777e-10
5.670450220485179e-10
0.0006089681992307305
0.5417364835739136
0.4375278055667877
0.0
0.13880817592144012
7.369661808013916
8.287869453430176
516.7199096679688
4264.5361328125
9801.837890625
19614.630859375
25886.2421875
27029.873046875
20203.5625
10070.591796875
5324.79736328125
2803.919921875
641.5055541992188
102.21088409423828
0.30404362082481384
0.1735619604587555
5.197531700134277
2.794750819656855e-10
2.4787125130210086e-10
3.2868591182122486e-10
1.9361283409846664e-10
2.2456911330515084e-10
5.390192181486952e-10
0.00033782536047510803
3.512249380221988e-10
4.321954349961743e-09
0.0022584120742976665
2.102137565612793
4.293695449829102
230.30560302734375
2264.5537109375
7359.013671875
17788.03515625
26131.75
31572.076171875
30173.736328125
18266.888671875
10458.2841796875
4276.43115234375
2071.383056640625
530.8302612304688
14.54096794128418
0.5933517217636108
0.20392803847789764
7.5181050300598145
3.857901553772081e-09
5.801795710524971e-10
1.88754567531646e-10
2.2831986301596885e-10
1.8902004961240948e-10
1.7780478478446327e-11
3.98741942242431e-11
15.607625007629395
39.16777801513672
4.112372875213623
1.0058809518814087
4.099031925201416
445.59381103515625
4020.140380859375
12273.1845703125
24128.71875
33053.53515625
32170.00390625
24576.33203125
13548.5029296875
4676.36083984375
2181.811767578125
1060.2818603515625
133.3395233154297
6.931148052215576
0.5954106450080872
41.42679977416992
69.82708740234375
0.0
2.3295074202955846e-10
5.778588163529719e-10
1.043087144436683e-11
2.5864885233595203e-10
3.947065452258869e-10
6.038259336982321e-10
0.34450095891952515
0.4308542013168335
0.10173751413822174
9.319454193115234
4.960966110229492
1610.5621337890625
7753.34228515625
19573.890625
30371.732421875
34592.42578125
28032.08203125
17209.58984375
6393.39404296875
1686.94921875
677.5608520507812
250.7364501953125
84.88340759277344
0.6624295115470886
28.33317756652832
58.98615646362305
60.31332015991211
0.05533585697412491
0.01061971951276064
4.940595155211724e-10
3.3967134660528586e-10
3.019141325832919e-10
5.045336370912423e-10
6.679045094770686e-10
0.3699522018432617
3.7250001430511475
3.727376937866211
337.9088439941406
720.6911010742188
4332.9755859375
12921.1337890625
27476.783203125
34414.1953125
32313.787109375
21076.310546875
9070.2841796875
2697.144775390625
738.6624755859375
282.6728515625
130.30116271972656
0.5649974346160889
0.5364382863044739
18.892995834350586
64.42796325683594
60.72401809692383
0.09487173706293106
0.015981502830982208
1.9314461141561878e-10
5.87729531709158e-10
5.320904827854633e-10
2.3582311103886866e-10
5.395735525048906e-10
9.418095192614828e-10
4.141031265258789
5.293299198150635
866.0729370117188
1871.5784912109375
7571.298828125
20876.392578125
32386.841796875
34330.21875
26568.958984375
12907.771484375
3199.9931640625
657.0896606445312
256.9681396484375
130.3343963623047
98.58702087402344
1.3691933155059814
2.0154542922973633
32.32640075683594
66.08695220947266
37.28414535522461
0.04421428218483925
0.020015140995383263
5.645801604003964e-10
5.058439778160562e-10
1.951576400482935e-10
5.153723003914479e-10
3.98567262527294e-10
5.687400550513644e-10
3.2308290004730225
5.0901713371276855
85.05206298828125
4207.13818359375
13968.69921875
28180.58984375
34296.41796875
31166.974609375
18949.8125
6568.14404296875
1618.2978515625
422.7088623046875
117.21671295166016
165.13818359375
361.64276123046875
295.69677734375
148.99526977539062
152.0607452392578
39.80556869506836
31.238197326660156
0.040768466889858246
0.015595010481774807
4.733667902101502e-10
4.2104525421748917e-10
4.978396583865674e-10
3.621970501299643e-10
2.507941354590315e-10
6.887002634847761e-10
4.344371318817139
5.31956148147583
854.3572998046875
6801.32763671875
18818.87109375
32535.388671875
34129.46484375
26901.9296875
12719.515625
4118.68310546875
1992.440673828125
2101.12841796875
3222.658935546875
2510.95751953125
2618.14306640625
1980.672119140625
1657.99560546875
608.0209350585938
428.2690124511719
5.7234721183776855
0.05226845294237137
0.01681569404900074
2.5572854944755363e-10
1.5697805555436872e-10
6.669027136085859e-11
2.0566688629930496e-10
5.7845991885407955e-11
9.469538347905981e-11
2.312471866607666
20.368906021118164
3203.310302734375
11978.6787109375
24631.26953125
34607.64453125
31917.41796875
20495.23828125
8380.9755859375
3968.74169921875
5027.39013671875
6492.8095703125
7832.04931640625
9481.4931640625
9865.3212890625
7386.82861328125
4689.05615234375
2475.57666015625
792.3238525390625
265.23980712890625
15.99543285369873
0.016092823818325996
1.0259437743798117e-10
5.828688087738954e-10
7.657961764717669e-11
5.407863046258399e-10
4.603670222813605e-10
3.175856244652664e-10
3.9056637287139893
670.4295043945312
4773.69873046875
16963.31640625
29848.1015625
33882.2109375
28272.275390625
16546.787109375
7030.14306640625
8244.0966796875
12239.3720703125
16783.134765625
16930.189453125
19440.7734375
19879.755859375
16747.12890625
13331.3935546875
7319.48291015625
2709.160400390625
705.9772338867188
15.803790092468262
0.016565511003136635
1.1735591665118505e-10
2.715264402208817e-10
8.745738161453076e-11
2.061629617022831e-10
3.34034522264659e-10
4.3236189628537147e-10
96.85624694824219
1404.651123046875
7549.01904296875
19739.6328125
31388.0859375
34334.03515625
24702.419921875
14327.369140625
12569.376953125
17386.11328125
22108.0546875
27369.55859375
30636.203125
30965.779296875
29066.947265625
26235.21484375
18651.673828125
11018.9736328125
5086.03662109375
1439.589111328125
270.67230224609375
0.003672441467642784
4.2108377895644367e-10
2.031581430861351e-10
5.083745646672355e-10
1.4052503605199718e-10
2.527859865875115e-11
46.01692581176758
740.268798828125
3076.999267578125
9836.193359375
22226.76953125
31625.58984375
31786.220703125
22545.482421875
18251.791015625
18250.453125
24206.568359375
28358.3046875
32679.5390625
32321.630859375
30850.765625
31170.02734375
30076.498046875
24078.2578125
15624.19140625
7614.4423828125
3136.469970703125
738.7655029296875
1.3241316376699785e-10
2.4689025823754207e-10
1.834765533947902e-10
1.3174397683890504e-10
1.5632761751760427e-10
1.7529150353468026e-10
71.44720458984375
718.6624145507812
3000.22900390625
11510.4833984375
24381.353515625
30740.24609375
31098.150390625
22737.046875
19686.029296875
21722.642578125
27629.408203125
29684.95703125
26980.31640625
23026.751953125
25749.833984375
28905.173828125
30308.22265625
26535.830078125
17447.0234375
9288.193359375
3502.687744140625
594.3511962890625
0.0
6.08352590525385e-10
4.3218978396097896e-10
4.974013978475966e-10
2.729887704777667e-10
5.923411205976947e-10
219.05133056640625
753.6948852539062
3705.0673828125
11565.0849609375
21876.1484375
29433.337890625
29386.859375
25090.931640625
24144.44140625
23290.259765625
26597.326171875
22961.201171875
18859.322265625
15686.6787109375
18416.19921875
24914.62109375
30079.15234375
27503.888671875
18755.36328125
8425.6884765625
2790.73193359375
478.27630615234375
0.001429108902812004
2.9413885216378333e-10
4.0000566747799837e-10
3.9329023371337257e-10
4.34293989659551e-10
1.0544688039404448e-10
392.86175537109375
760.5790405273438
3462.98876953125
10914.455078125
21013.892578125
29671.61328125
31915.033203125
29615.994140625
26358.97265625
23950.435546875
22866.916015625
18862.84765625
16522.951171875
15233.873046875
20026.974609375
29122.541015625
32090.7890625
25491.9140625
14870.900390625
5346.29541015625
1908.93310546875
304.17962646484375
3.503712597829889e-11
3.850752772205368e-10
1.1356914714211186e-10
4.45690373496177e-10
5.931046209717294e-10
5.2727616717263e-10
285.4185791015625
468.2295837402344
3203.584228515625
7944.8876953125
18572.578125
27363.494140625
33112.4609375
32164.05859375
29650.90234375
27249.1015625
23614.91796875
21198.77734375
20177.865234375
22562.927734375
29393.583984375
32849.109375
30610.541015625
20304.55078125
8720.8837890625
3161.021728515625
1208.880126953125
0.0
0.001701293746009469
4.2125597454756303e-10
5.16635179081959e-10
5.672278757806737e-10
3.6581043749706055e-10
3.0929651201327957e-11
1.6374612776814956e-10
479.0384826660156
2135.882080078125
6446.1865234375
14024.1416015625
24899.87890625
29993.671875
32899.44140625
33058.93359375
31318.9921875
29565.580078125
28999.255859375
30398.38671875
31042.759765625
32317.888671875
30251.36328125
22613.373046875
12355.1044921875
4934.09912109375
1270.2476806640625
57.553321838378906
3.1341002015849995e-10
0.02270498126745224
3.306929452495666e-10
2.5762222910508115e-10
2.1094144486699662e-10
1.0322288163111537e-10
3.852812513471804e-11
2.408923061025803e-10
9.206426620483398
788.8232421875
3028.970947265625
9077.8203125
17723.400390625
25774.35546875
31495.8828125
35200.67578125
35170.640625
35572.9140625
33443.64453125
32646.482421875
32225.87109375
28152.185546875
20558.68359375
12140.4482421875
5661.87939453125
1555.1317138671875
90.7237319946289
1.2518720626831055
0.003672441467642784
0.01663695089519024
6.068114344337516e-10
2.095041501393169e-10
4.863839886404264e-10
3.683037486101881e-10
2.975195922960694e-10
5.366492805691792e-10
1.343184313773449e-10
27.458730697631836
456.6630554199219
2615.3818359375
8429.080078125
16062.5458984375
23215.05859375
29047.90234375
31791.3515625
31535.09375
29898.185546875
27845.0703125
22411.1015625
15678.76953125
10066.4521484375
3870.774169921875
1324.0360107421875
20.4818115234375
11.148391723632812
0.006003695540130138
0.003898696741089225
0.01775044947862625
2.2372943775383902e-10
7.392546991225046e-11
5.418008819368936e-10
3.732596176586611e-10
2.3731969167606337e-10
5.420680015966184e-10
2.2078049458085225e-11
34.90496826171875
391.8590393066406
564.0515747070312
864.8610229492188
1980.023193359375
3715.317626953125
6719.02783203125
9312.8115234375
10312.1142578125
10613.15625
9254.529296875
6532.10400390625
3671.389892578125
1678.8016357421875
474.2459411621094
464.8281555175781
13.7178316116333
3.822515359797052e-10
3.399606707255032e-10
2.409418775606298e-10
0.015466311015188694
2.527832942966768e-10
2.928244591249296e-10
4.1208042533824596e-10
4.746064097282954e-10
5.740342090554407e-10
4.761786520646183e-10
4.1035810860456934e-10
1.4818682392281346e-10
317.2470703125
492.31201171875
517.5534057617188
523.6609497070312
287.6380920410156
105.62918090820312
123.22402954101562
146.9971466064453
128.5088348388672
69.49314880371094
58.02156448364258
70.44413757324219
0.1420632153749466
3.172250444549718e-07
4.997521285687867e-10
3.226283684654163e-10
1.7719105349645048e-10
2.937202425723484e-10
1.8992447892163256e-10
5.950624992756559e-10
5.695128257876547e-10
3.6613884146774467e-10
2.2262579280063477e-10
2.5191048899642077e-11
4.978161771695966e-10
1.307261382477165e-10
5.945204883950339e-10
1.8497789411320298e-10
1.970743984669454e-10
3.285863525714916e-10
5.932174890199704e-11
6.085706938385727e-10
1.0145206896794434e-09
0.0015540124149993062
0.0026888521388173103
0.004672895651310682
0.006321229971945286
0.06853284686803818
0.028164800256490707
0.0009324122220277786
5.649949952335476e-10
4.432211542226838e-10
3.953613547658108e-10
6.054002854583018e-10
1.9288894093083542e-10
5.197470787088321e-10
5.227360211357279e-10
5.54622237025626e-10
5.464822691592097e-11
1.1538457689308501e-10
2.889572470188284e-10
4.429146216455848e-10
4.1309461407124104e-10
1.7486673220545867e-10
1.6039049255400784e-10
1.6593374244089354e-11
3.0623356628289855e-10
5.673775893555444e-10
1.8425128089916143e-10
2.536089394045149e-10
7.468498736118434e-11
3.840798790122335e-10
4.765192129774221e-10
3.63832491911964e-10
3.2044780717832566e-10
2.2159273027622106e-10
5.12976494615458e-10
1.9068845114045274e-10
1.5057824431785605e-10
5.223979027135783e-10
4.808513587306606e-10
5.335271668904795e-10
3.2818348039143075e-10
3.2444341657722475e-10
3.1857619320341257e-10
2.6528670926673215e-10
1.5517820362020984e-10
3.926923786146119e-10
2.619005012860498e-10
3.9262562645525634e-10
3.6236230682717974e-10
3.3255206921545266e-10
1.0967057817445891e-10
1.161785598280396e-10
6.054588497228508e-10
1.577629554772031e-10
1.766942009373551e-10
2.8663127427108748e-11
2.929775519411315e-11
5.266867497688565e-10
4.8222326132219e-10
5.712151238124186e-11
5.118085399935524e-10
5.262580371478975e-10
2.9631316844636046e-10
5.635970856676664e-11
6.002344732358722e-10
3.9450512301364427e-10
4.5094070144635623e-10
4.0864190503642206e-11
3.6373426492986027e-10
5.527442947794725e-10
2.9580793370342917e-10
3.2527794346925987e-10
5.4200401111703655e-11
3.0532801287286304e-10
4.2748588002794463e-10
1.0500605246432926e-10
1.4222405197994448e-10
2.0216583962451296e-10
5.670006686386841e-10
3.55950297015184e-10
3.4903874235325816e-10
6.000643315573484e-10
4.940877151859979e-10
1.3878759252961004e-10
3.570602979952042e-10
9.793108685096641e-11
4.2586109638698133e-10
5.350604403986381e-10
1.570630847602672e-10
1.972707969200016e-10
3.820397331821823e-10
1.2741435684304747e-10
5.667583069524085e-10
3.5584382662712244e-10
5.496673671778751e-10
3.7099434635479156e-10
6.081210535135995e-10
6.105181360460676e-10
2.180772229465333e-10
1.9124150874016976e-10
4.67895999722856e-10
