1.0996768828874792e-08
7.831147286196938e-09
3.324480468691604e-09
4.01701427676926e-09
7.963541825972698e-09
1.8772750465245736e-08
1.8350557740021145e-09
8.396982664748975e-09
1.396161519728878e-09
5.927446311559947e-10
1.0657983828821216e-08
4.72911154680844e-10
1.2668836646412274e-08
1.417825767902059e-08
8.264284367953678e-09
1.6219951604057314e-08
1.472424049353549e-08
1.5650931217692232e-08
1.1504784680482771e-08
5.373351541493321e-09
1.7575306543449187e-08
1.5436077305253093e-08
2.1550510265200273e-09
1.416750627925012e-08
1.3481314731222938e-08
1.3212636318371551e-08
5.3758966167549715e-09
1.071320987477975e-08
4.499223660303642e-09
1.5695221122769e-08
3.5110505613999976e-09
1.4834844463962327e-08
1.6776734668155768e-08
1.8089952646960228e-08
3.0228427400080804e-11
1.2332729504294093e-08
6.043323175219939e-09
1.2170486840545891e-08
4.660290375824161e-09
1.4070945297817161e-08
1.4730061614898204e-08
1.8782046140586317e-08
2.9610212060049435e-09
4.62851357241334e-09
1.1292184964872831e-08
1.4423017447029451e-08
1.1095074192724041e-08
4.0861882766307644e-09
7.89180099047826e-09
4.0308165139002483e-10
2.3358817102803187e-09
1.5154007826367888e-08
5.28766852525564e-09
6.70380861933495e-09
1.2467067378452157e-08
4.223072558318108e-09
1.3588028480171488e-09
1.0702971842135867e-08
5.620063525668684e-09
1.0695798913218368e-08
1.583134512372908e-08
9.081875695926556e-09
7.102379129264591e-09
4.401274456000692e-09
4.3777212965778745e-09
6.41189101813211e-09
1.563725149367201e-08
1.7368572358122947e-08
1.3343572469182163e-08
1.1970513469350408e-08
5.396405100555057e-09
4.51210659946355e-08
9.972450243367348e-08
6.784067352327838e-08
4.188145297234769e-08
1.8489389574938286e-08
6.998224666432407e-09
1.7366241777949654e-08
1.509689440126749e-08
1.871732280278593e-08
3.488501043591441e-09
1.220336809382161e-08
1.1746766226394811e-08
1.822974216025841e-09
1.4529535796725668e-08
8.251235250611444e-09
1.9889723201771403e-09
1.4983556617664817e-09
5.867006436233169e-09
2.587192016179074e-09
1.4749319987572562e-08
1.1681305700506073e-08
1.6208600683853547e-08
3.855344488101764e-09
1.3641378693307615e-08
1.6118892887106995e-08
1.452357611952948e-08
6.206524183482998e-09
3.0813783524763494e-08
9.891703456332834e-08
1.1406598332541762e-07
1.141753855904426e-07
8.79233610362462e-08
6.689387532787805e-08
5.0775277316006395e-08
3.8319885931059616e-08
4.097343975217882e-08
3.5208302939793157e-09
6.906518912330739e-09
1.8639001453379933e-10
9.278013024527354e-09
9.982633608629499e-10
1.3245315955145998e-08
1.629946311254571e-08
1.685323702815822e-08
9.603956740988906e-09
1.2254551151613668e-08
5.611239473068963e-09
6.447883560412038e-09
1.6435608429787862e-08
2.5667652892025217e-08
3.16095594143917e-08
4.206617632007692e-08
0.004720114171504974
0.006290706805884838
0.19256755709648132
17.2983455657959
0.5296024680137634
2.5112220214396075e-07
2.7583143946685595e-07
0.5113344788551331
0.5501405000686646
0.41441044211387634
0.3511144518852234
0.4193654954433441
0.14502093195915222
6.7423733263183294e-09
1.864102472382001e-08
5.283417703338955e-09
1.580444930482372e-08
1.4756814659122597e-09
5.9414553277292725e-09
1.205355548705711e-08
8.73678196455785e-09
6.549028430669068e-09
1.0351728363389157e-08
2.056891190704846e-08
3.9744112001471876e-08
2.6093491669598734e-06
177.94456481933594
371.9482421875
229.3657684326172
550.6011352539062
1714.114990234375
2479.171142578125
2678.696044921875
2878.927001953125
1591.4561767578125
1404.9661865234375
1204.6302490234375
720.5283203125
273.8835144042969
295.11932373046875
134.2088165283203
6.598106097044365e-07
2.7588550892687635e-06
2.29410215979442e-06
4.518016627486077e-09
1.4815498161624419e-08
1.2091908807576601e-08
1.1954979228789853e-08
1.0538270700521934e-08
1.7829551168802027e-08
9.19913020425156e-07
0.00716797262430191
0.8749459385871887
114.77426147460938
691.9115600585938
1663.98681640625
3348.90478515625
7286.1064453125
14175.9755859375
18514.58203125
22239.080078125
24008.072265625
23152.4140625
18661.64453125
12278.142578125
8153.9111328125
2533.586181640625
756.805419921875
295.44097900390625
27.879499435424805
1.1213611364364624
4.209781169891357
7.881842734036582e-09
1.6489270393549305e-08
1.8494734632668042e-08
1.499957313910727e-08
9.808796903598704e-07
6.66051278130908e-07
64.638916015625
9.483139991760254
22.837953567504883
119.52880859375
1672.0855712890625
4530.04150390625
11124.1396484375
21847.611328125
31533.970703125
36627.43359375
38282.58984375
36666.65625
37289.9140625
33018.86328125
24518.72265625
13924.201171875
5565.8603515625
1172.7476806640625
81.55203247070312
9.739669799804688
6.32511043548584
5.61566686630249
1.681855188451209e-08
7.283925018697346e-09
6.2391225519320415e-09
3.1345226414458693e-09
3.2168597385862086e-07
0.0001520735677331686
231.4893798828125
258.1689453125
581.9705200195312
989.8217163085938
5904.84326171875
14703.1357421875
28229.025390625
37962.3671875
40464.28125
37631.17578125
34111.6640625
31903.91796875
36071.56640625
36713.1875
30610.587890625
18769.2421875
7831.75439453125
2440.060791015625
166.06887817382812
7.241212844848633
5.635687351226807
5.977998733520508
1.2791388392940917e-08
1.6294698923502438e-10
6.8063812364016485e-09
1.99001015666056e-09
1.4371943635183015e-08
0.0
137.36000061035156
98.20075225830078
397.5926513671875
4029.821044921875
14234.1171875
28665.490234375
38969.73828125
41118.296875
36377.66796875
27692.115234375
20982.091796875
22801.189453125
29597.234375
34978.84765625
31590.431640625
20725.818359375
9569.8759765625
3381.529541015625
725.291259765625
153.3155517578125
145.53392028808594
2.5356094113249128e-08
1.206960753563635e-09
7.18898496288034e-09
4.254661511993163e-09
1.598917620526663e-08
1.4933593917021426e-08
0.06316019594669342
72.79531860351562
227.7054901123047
1926.5076904296875
10399.1357421875
24660.41796875
38396.33984375
39414.30078125
33996.5
20522.486328125
11409.3056640625
8164.00830078125
16557.0234375
28758.3984375
34371.69140625
31678.306640625
19675.2578125
8418.4462890625
2432.754638671875
888.0211791992188
606.62353515625
0.008132421411573887
4.4520369613110233e-08
1.3876844562332735e-08
5.894407184570127e-09
1.037749997045978e-09
1.0041274478567175e-08
4.912813711399622e-09
1.1154476453612006e-08
85.36881256103516
1154.436279296875
4444.0322265625
16766.412109375
34504.80859375
40810.89453125
36025.640625
19480.283203125
8014.84521484375
5225.052734375
10314.16015625
24507.619140625
34527.1328125
37065.125
30736.587890625
15824.5693359375
5604.56005859375
1691.6204833984375
632.9100341796875
473.2542419433594
0.0005269998800940812
1.0834459374109429e-07
1.1076038752833028e-08
5.8399862723490514e-09
8.60551363501827e-09
8.87794104897921e-09
6.813313913056618e-09
0.28438618779182434
119.29087829589844
1483.7354736328125
8312.287109375
23213.013671875
37520.953125
38994.7421875
28065.89453125
12702.951171875
8629.6123046875
11817.193359375
23378.1171875
34719.9296875
39362.34375
38326.34765625
28307.755859375
12344.56640625
4375.95654296875
908.1256713867188
40.152435302734375
26.842056274414062
23.108613967895508
58.46466827392578
1.302758612098387e-08
1.4817318927384804e-08
1.2294120388389729e-08
9.172117287903347e-09
1.5200993797037654e-09
0.4390820860862732
712.8438110351562
2831.620361328125
10334.314453125
24653.083984375
36428.8125
35590.5234375
26133.765625
18979.537109375
21488.859375
26045.9140625
34497.3984375
39439.4765625
42095.03125
37745.7109375
19614.55859375
6644.388671875
1730.19677734375
376.6723327636719
148.7944793701172
83.02760314941406
59.664634704589844
37.863651275634766
5.904430722125653e-09
9.65388124996025e-09
3.730050490702297e-09
4.823267563125455e-09
7.991793893324939e-09
0.510581910610199
1453.8963623046875
3083.74072265625
12247.9697265625
22479.56640625
31611.03515625
35959.2109375
32699.234375
33048.25390625
34403.828125
34093.53515625
38580.16796875
41588.09765625
41549.26171875
31708.1953125
12464.662109375
3063.128662109375
1378.928466796875
562.5899047851562
198.0006561279297
150.76220703125
124.31861114501953
1.6818470172097477e-08
3.1575857484256176e-09
1.204796085119142e-08
1.7924019601878172e-08
5.375800693485644e-09
0.59321129322052
0.7785831093788147
957.2813110351562
3425.503662109375
8319.953125
17974.462890625
25017.931640625
29506.203125
32848.58984375
34271.625
30538.39453125
31967.6171875
37401.59765625
41284.375
37793.19921875
21872.666015625
6463.39990234375
2114.774169921875
726.7608032226562
499.24566650390625
91.29674530029297
62.41994094848633
0.0004469362029340118
2.322884640193479e-08
2.3918251823573655e-09
1.3447835733870761e-08
3.7542320363570525e-09
1.6849790895889782e-08
1.327495713354665e-08
0.9507833123207092
290.3547058105469
2533.835693359375
4761.5234375
10640.29296875
18160.09375
19929.720703125
21351.05859375
22305.732421875
22572.001953125
30617.26953125
40076.87109375
41052.28515625
32017.5078125
12266.021484375
2688.109130859375
1016.301025390625
153.75067138671875
189.54559326171875
49.01852035522461
0.0002942788414657116
2.7665196355997068e-08
1.5068041037125113e-08
1.1237709429678944e-08
1.626895418382901e-08
1.1800152854846147e-08
7.464428186665373e-09
1.240450409056848e-08
0.3406190276145935
11.433815002441406
785.97607421875
1680.1239013671875
3218.982421875
5486.14453125
8428.462890625
9819.19921875
11111.400390625
17984.611328125
33103.13671875
41917.5546875
39043.02734375
21145.845703125
7105.58935546875
1044.80615234375
473.0042419433594
103.8306884765625
235.05746459960938
1.014797329902649
7.862771034240723
2.456166825481887e-08
1.1934604415841932e-08
3.2299758423448566e-09
0.33351919054985046
1.7973214028188522e-09
0.038733966648578644
0.0
0.1508598029613495
4.867356777191162
38.098121643066406
205.92605590820312
682.4141845703125
1303.236083984375
2597.23095703125
3522.29931640625
6945.40185546875
20476.361328125
38044.66015625
42841.78515625
31386.16796875
13192.4794921875
2188.187255859375
178.0675048828125
121.1423110961914
110.28923034667969
172.48513793945312
303.46002197265625
0.0
1.13950537894425e-09
3.949192972640958e-09
7.289347792038825e-09
4.80790962598121e-09
0.1105470135807991
0.38000836968421936
0.5453270673751831
0.5892971754074097
0.5073185563087463
2.3498666286468506
77.54017639160156
99.30319213867188
283.21722412109375
1277.3787841796875
3427.292724609375
12180.802734375
30012.943359375
41257.80859375
38678.0
25045.8984375
7249.85693359375
757.55078125
70.4561538696289
105.98821258544922
89.58012390136719
191.86595153808594
283.4662780761719
1.468742847442627
1.6515890877144557e-08
8.433834741694568e-10
2.5425703209513983e-10
1.838174235047063e-08
5.427831073490097e-09
0.6042760610580444
0.54958176612854
0.5313083529472351
0.6214460134506226
0.6527719497680664
24.941394805908203
84.00516510009766
361.9311828613281
1422.7467041015625
6292.58642578125
21868.58203125
37970.84765625
41993.74609375
31255.97265625
14625.56640625
3672.133056640625
144.39117431640625
0.012482868507504463
67.74850463867188
71.3222427368164
12.77661418914795
307.3400573730469
1.0763307809829712
1.266602045468801e-09
5.215071485764611e-09
2.068270221755597e-09
6.750318526371757e-09
2.77055578479235e-09
0.0
0.33010533452033997
0.5433881878852844
0.6311208009719849
16.52982521057129
33.81026077270508
135.3036346435547
587.1583862304688
3999.601806640625
14460.4365234375
30692.0625
40350.60546875
38107.01171875
23665.208984375
10298.3408203125
1750.7694091796875
432.4806823730469
0.02237040176987648
47.19076156616211
330.01220703125
225.9969024658203
260.59771728515625
288.069580078125
1.2638231794426247e-08
5.5199937953887e-09
4.4173624758059304e-09
1.5245751328052393e-08
1.6989222473284826e-08
1.4981697660232385e-08
1.6303984828880402e-09
0.013144723139703274
0.5543526411056519
20.5524845123291
39.868553161621094
578.5506591796875
1471.2313232421875
7422.05517578125
19393.876953125
35748.2265625
40963.078125
32749.728515625
16710.640625
5956.51611328125
586.6004638671875
355.0270690917969
0.01730818673968315
0.0
179.03871154785156
305.15679931640625
274.00634765625
260.73333740234375
2.0262048983088476e-10
1.807380556329008e-08
1.1833015456375051e-08
6.0892184627903134e-09
1.3419767519451398e-08
1.9196535472332243e-09
1.7352228098843625e-08
1.578386665812559e-08
9.247025190006752e-08
55.28668212890625
54.91768264770508
890.2286987304688
2982.381591796875
11647.416015625
25676.884765625
38504.85546875
39148.6796875
27792.427734375
12504.6943359375
3391.2646484375
276.2362060546875
52.56427001953125
3.3084285259246826
0.0059763481840491295
42.35966491699219
5.440279006958008
0.7114123702049255
1.044233798980713
1.3562210021689225e-08
1.0454545673610482e-08
1.540649563480656e-08
1.7147989694876742e-08
6.589980561244602e-09
5.140888159615997e-09
9.169122350272119e-09
6.02279381922699e-09
8.06004933906479e-08
7.810091346982517e-07
79.15471649169922
1072.5562744140625
5862.4951171875
14712.5283203125
30484.119140625
37053.6875
32644.78515625
20350.919921875
8624.623046875
1601.116943359375
82.23974609375
16.3367977142334
3.990928476582667e-08
8.027618408203125
41.21734619140625
15.581634521484375
0.32411935925483704
0.37974536418914795
1.1693717993921382e-08
6.623726012122688e-09
1.7601800905708842e-08
1.5644801010239462e-08
5.813088677086853e-09
1.3928368181037598e-10
1.4104849732632374e-08
6.909370409147186e-09
5.831641658460285e-08
4.030645754937723e-07
4.334489345550537
592.1558837890625
5732.0166015625
15030.2509765625
25318.771484375
28268.853515625
22894.3203125
12453.2724609375
3589.181884765625
309.1842346191406
0.9880136847496033
0.86201411485672
3.777291368578517e-08
1.7150123119354248
48.772064208984375
14.132746696472168
10.383112907409668
1.5733975899934194e-08
1.824929185545443e-08
1.7853169609338693e-08
1.8011467872725007e-08
1.7783177597152644e-08
5.064528796339118e-09
1.5990565316315042e-08
5.472127639905011e-09
1.5874428160866927e-10
1.5168350131489206e-08
2.3871098875360985e-08
0.012166067026555538
11.982821464538574
1028.2974853515625
3174.99072265625
6651.67578125
9054.3056640625
5838.0751953125
2795.185302734375
665.2775268554688
0.11416739225387573
0.056512173265218735
0.0486404225230217
5.305786032749893e-09
1.4658374070108948e-08
0.0026917532086372375
0.0018715675687417388
9.077461449180646e-09
1.5042092016415154e-08
1.1255633758366912e-08
1.4732411734996731e-08
1.588044540312694e-08
1.2364711032830655e-08
3.129636771959099e-09
7.140178226450189e-09
4.762894079135549e-09
8.337528889512669e-09
1.8806433743634443e-08
1.1443898051410883e-09
8.831939624087681e-09
3.6835232086751546e-10
0.039921313524246216
8.924630165100098
22.757753372192383
1.3531095532925974e-07
0.0010618272935971618
0.021685956045985222
0.0008323110523633659
5.457758689431103e-10
7.520095657298498e-09
1.87676407747972e-09
4.612646264945397e-09
8.39154701282041e-09
1.856306575120925e-08
1.8549462410533124e-08
1.3510269347705162e-08
6.095396187788538e-09
1.3561963996266968e-08
4.554342736273753e-10
1.0031501851415214e-08
