5.387338575246758e-09
6.39817754333194e-09
1.0498367508660067e-08
1.1419911238874647e-08
9.71889235756862e-09
1.1288768142492245e-08
4.528594832464705e-09
1.4757772781592848e-09
5.020344140405086e-09
1.2319847364494763e-09
1.0086981916401783e-08
9.782872290031719e-09
9.187485439099419e-09
1.6894949883550225e-09
1.0402412264909344e-08
5.432436278596242e-09
3.4588047981287673e-09
7.751273400913306e-09
5.132648084327229e-09
9.982237259009707e-10
6.52212950313924e-09
9.550202406671815e-09
5.9238827176955056e-09
3.102722967440741e-09
6.785100925554843e-09
1.0255447158158404e-08
4.903900063801814e-10
8.977840693091821e-09
9.708922554807486e-09
6.872979962935233e-09
5.181122197939203e-09
8.024410469431587e-09
9.560991998114332e-09
1.0451750576123686e-08
1.1294966739683332e-08
5.294593652394042e-10
8.183370425740577e-09
3.0676141626884146e-09
8.623127101259342e-09
102.469482421875
136.84136962890625
113.83866882324219
1.1357070839324024e-08
3.2110434311505287e-09
1.6204907415939829e-09
8.901568371300073e-09
1.0825514706880313e-08
5.6461633590743077e-08
4.0441094029119995e-08
9.724381300202367e-09
5.151650217527504e-09
3.078135968337392e-09
1.142164851586358e-08
3.5004155130025083e-09
1.0487402946068869e-08
1.1051760395730525e-08
4.345092285973351e-09
1.0920582660389755e-08
2.213141891971304e-09
5.732811558800677e-09
8.040492716077097e-09
8.012698837767118e-10
1.1007330158463446e-08
7.514072697389906e-10
1.310809016885628e-09
5.521598733793098e-09
1.0396897565101426e-08
92.87794494628906
160.2355194091797
78.46735382080078
1.237275437659946e-08
1.0509667802693912e-08
9.42010380811098e-09
1.4835108252952978e-08
1.1516544162759601e-08
319.3771667480469
312.85693359375
406.20465087890625
153.9941864013672
1.6062569618225098
0.09473400563001633
2.050754455140691e-09
1.1108025610440109e-09
7.808162116873518e-09
2.518525388239823e-09
2.265081455732343e-09
7.099794085974054e-09
7.432161996945297e-09
1.0116918858216195e-08
1.0743350209452274e-08
1.0764572344612588e-08
4.540405385000668e-09
5.669986702372398e-09
6.198735302831437e-09
3.605250098459578e-09
0.0018426746828481555
0.0029891682788729668
0.002247378695756197
0.8441869616508484
0.709463357925415
0.2796793282032013
2.0600626468658447
0.0
551.4092407226562
727.1346435546875
668.4183349609375
810.1398315429688
706.6732177734375
523.54931640625
461.6861877441406
2.66861338582558e-10
3.7058114354948657e-09
2.0527097799316607e-09
7.453413886082672e-09
2.467735127353876e-09
5.752319176544063e-10
3.64636987271183e-09
3.11985970391504e-09
6.904038230004517e-09
1.4105653534102203e-08
1.5982760004362717e-08
2.382224373320696e-08
0.0
0.005037976428866386
59.739036560058594
112.27928924560547
99.97463989257812
32.58538818359375
25.109731674194336
526.8502807617188
1206.044677734375
2681.116943359375
2734.41064453125
2529.8046875
2346.95654296875
1577.8155517578125
783.7615966796875
1154.3048095703125
162.13873291015625
7.644432642450738e-09
5.899473354276097e-09
5.065593722264339e-09
1.1114889453267551e-08
7.343981867080629e-09
2.9861515482565437e-09
1.0785334403351499e-08
101.92025756835938
504.8148498535156
3.356949207500293e-08
4.0999452721735e-08
81.49114227294922
90.67861938476562
112.63461303710938
164.41036987304688
689.596435546875
646.3255615234375
842.349609375
3084.498779296875
3487.336669921875
5191.66796875
5799.146484375
5443.345703125
5445.94580078125
3180.851318359375
2983.894775390625
1314.418701171875
184.66041564941406
1.984907127550173e-09
7.915652133760886e-09
4.734182379451113e-09
8.475997681500758e-09
1.0824351193150505e-08
2.124367126654647e-09
0.0
449.1560363769531
389.4102783203125
3.762882272440038e-08
7.15331509582029e-08
4.798296799890522e-07
297.1112060546875
1119.9066162109375
2026.3607177734375
2393.40234375
3542.7392578125
5625.78955078125
7271.9736328125
8793.8662109375
10523.873046875
10329.8505859375
11813.66796875
11703.1220703125
10273.853515625
8083.71142578125
2525.513671875
808.0390625
0.14569337666034698
9.185959548574374e-09
4.450643409370514e-09
3.9008902774639864e-09
4.29355839770551e-09
8.237751814021976e-09
3.50274395942688
2.609795570373535
3.6157000064849854
546.609375
373.3828125
1038.5745849609375
1302.290771484375
2956.294921875
5227.38916015625
6581.759765625
10953.46484375
13941.408203125
15406.5126953125
16712.97265625
20775.984375
21176.314453125
23380.763671875
21729.84765625
20429.658203125
15222.1845703125
6687.61962890625
972.7466430664062
137.8684844970703
1.5073562398271179e-09
8.81298944932496e-09
9.58024948261027e-09
3.3993241554952647e-09
3.8253546996713794e-09
1.2009150981903076
3.9988491535186768
468.8218994140625
743.8602294921875
1100.59912109375
3328.61376953125
4404.31201171875
9436.294921875
15906.4453125
21015.94140625
26801.92578125
30683.75390625
32723.505859375
34708.875
33229.69921875
33106.40625
33290.62890625
34126.1484375
31445.9609375
24481.6328125
10343.943359375
1924.764404296875
155.90939331054688
5.900837596328756e-10
4.923739194140353e-09
2.423269807039219e-09
1.7569748989032519e-09
1.926114823191938e-09
0.008350558578968048
163.1378631591797
455.6112365722656
1050.9586181640625
2959.806396484375
5690.72607421875
10621.6640625
19007.708984375
27575.20703125
34583.578125
37017.3515625
38910.859375
40140.2578125
40225.30859375
38708.37890625
36171.3984375
34429.7578125
33007.04296875
28649.607421875
23125.75390625
9367.1474609375
1469.5938720703125
0.12987224757671356
4.970059030995344e-09
1.3157276379516247e-09
9.920857468870281e-10
7.875547325397747e-09
6.812634900654757e-09
9.629828490176351e-09
390.45086669921875
923.9241333007812
1514.992919921875
4222.34130859375
11033.1162109375
19042.732421875
29962.3828125
37619.87109375
36947.296875
38301.03515625
36619.1640625
33070.1015625
31026.044921875
27923.306640625
25659.9140625
23061.00390625
19265.32421875
17506.076171875
13244.8779296875
4230.65966796875
382.0497131347656
0.06416775286197662
1.6295040872194022e-09
4.764584282668238e-09
9.701581760168665e-09
2.386365327566864e-09
5.250579082627382e-09
264.3390197753906
372.27178955078125
534.2274780273438
2536.3046875
8150.73193359375
18665.5859375
30911.923828125
38303.33984375
36568.1953125
33280.30078125
27817.328125
21070.439453125
14837.40625
14677.3193359375
11075.6689453125
12324.57421875
11361.4619140625
8299.1787109375
6444.57958984375
4127.07958984375
941.1243286132812
347.8145751953125
1.0800036420732795e-08
1.1057808890768683e-08
3.82277631771899e-09
1.0709600317682089e-08
1.0653019799633512e-08
6.865060075966767e-09
348.7774658203125
364.9903564453125
1338.76953125
6958.83984375
14495.796875
29015.4140625
36524.62890625
35375.87109375
32740.09765625
22804.26171875
16491.455078125
11881.8701171875
7947.86279296875
7987.73095703125
7216.91162109375
7619.4970703125
6972.46533203125
5089.0029296875
2264.902099609375
900.8079833984375
27.21416664123535
0.16311976313591003
9.343383844395703e-09
2.0016015511714613e-09
8.195689460421818e-09
2.3577702013000135e-09
9.186248206560776e-09
2.3222718238830566
535.4796752929688
471.9461669921875
4005.569580078125
10874.4716796875
22496.31640625
35194.00390625
36834.4453125
35207.20703125
28317.87890625
22865.841796875
19109.9140625
13969.666015625
12231.935546875
8768.65625
7324.705078125
7212.03662109375
5718.20263671875
3451.111572265625
1405.922119140625
203.36697387695312
0.0020853590685874224
0.000783471972681582
1.0430042607367795e-08
5.8838360850188565e-09
6.953565279133045e-09
4.9019948100692545e-09
9.589357752304295e-09
0.18715226650238037
979.2290649414062
2311.57568359375
6295.18505859375
15504.1953125
25509.23046875
34349.39453125
35953.5390625
33802.86328125
29553.48828125
26278.38671875
24452.587890625
21236.3515625
16735.197265625
12840.4931640625
8418.9267578125
6275.07177734375
4377.79345703125
2046.107177734375
1173.984619140625
120.10258483886719
6.9925057744058e-08
3.3559217627043836e-09
9.121913890908218e-09
1.0441429054708351e-08
9.656673682911787e-09
0.0
547.4091186523438
710.9749145507812
2672.979736328125
4848.205078125
9310.5869140625
15626.2216796875
22043.384765625
25979.748046875
28686.484375
25992.3515625
23279.5390625
23024.763671875
23060.9765625
24544.208984375
21611.767578125
14286.4091796875
9002.4697265625
5081.77880859375
2974.875244140625
1731.418212890625
228.85012817382812
3.5045342445373535
8.293114639457144e-09
3.951206029029208e-09
6.749768299840753e-09
2.5221871258196416e-09
1.6332698526966283e-09
23.526323318481445
719.299560546875
1115.738525390625
5281.36669921875
11431.6015625
13295.4560546875
15609.970703125
15755.740234375
15817.001953125
15471.0888671875
13872.458984375
18430.02734375
20881.98046875
23131.021484375
28478.73046875
23000.392578125
15810.5771484375
7954.25537109375
3520.005859375
2439.019287109375
222.10598754882812
33.54659652709961
0.0023304743226617575
9.789244082014648e-09
2.4783517460491566e-09
7.728405471141286e-09
6.043714861903027e-09
7.795207146443772e-09
39.97137451171875
435.76409912109375
2306.954345703125
10478.0712890625
17694.880859375
18023.193359375
16945.798828125
14639.5029296875
10323.916015625
10469.3916015625
12074.5478515625
16867.6875
23075.71875
28946.861328125
31516.62109375
22975.423828125
12322.0859375
5564.61474609375
2914.72998046875
1461.929443359375
86.38323211669922
80.81011199951172
36.13609313964844
8.98311647290484e-09
1.0474036749030802e-08
1.9302592857428635e-09
6.271426489234955e-09
2.0371514197758955e-10
5.990357099250332e-09
627.8944091796875
2819.431884765625
13388.2900390625
23543.98828125
23722.56640625
21353.740234375
17833.03125
15248.3193359375
15422.16796875
17891.041015625
25417.18359375
30541.189453125
33767.1015625
29543.77734375
18549.25
9331.7021484375
3689.173828125
1599.546875
774.457275390625
74.09602355957031
84.35787963867188
93.80196380615234
1.0711856290868127e-08
3.6294180993934333e-09
3.6386544888245e-09
4.477181736461944e-09
5.1282431634547265e-09
1.0145602226257324
1148.609619140625
3343.702392578125
14370.0146484375
26832.494140625
30290.224609375
27582.0234375
24897.369140625
24112.6640625
29744.470703125
32255.013671875
33754.9296875
36606.41796875
31448.599609375
23232.255859375
13087.732421875
4543.068359375
2262.162353515625
984.268798828125
471.0712585449219
278.64141845703125
1.2012606909195256e-08
1.2912950708710014e-08
8.464097867033615e-09
6.188055845512963e-09
3.750685317882585e-10
3.583525698402923e-10
2.6853546053473565e-09
252.58628845214844
864.1237182617188
3021.24462890625
14192.328125
26700.0
32398.857421875
34991.2265625
34059.21484375
33276.25
34858.125
37255.39453125
36764.69140625
32646.185546875
22243.23828125
14622.078125
6941.4794921875
3191.970947265625
1373.69677734375
714.658203125
371.4029235839844
8.077510216253359e-09
5.100407207692115e-09
2.3914485947074127e-09
3.4625426970080753e-09
1.0598776079007166e-08
8.977914411900656e-09
3.810174398211075e-09
6.471721825107579e-09
293.00439453125
615.8480834960938
2524.85400390625
9296.5537109375
18982.986328125
28593.1875
30331.716796875
31429.65234375
32334.859375
32968.66796875
30661.7734375
25801.25
16934.162109375
11816.31640625
6466.8564453125
3259.095458984375
1388.1104736328125
1046.7591552734375
716.4940185546875
596.138427734375
293.166015625
141.29823303222656
8.107114979338803e-10
6.83347822771907e-09
1.8603663054506114e-09
6.180503664410253e-09
6.564131904696069e-09
1.0698403052344929e-08
331.0970764160156
88.91609191894531
855.3294677734375
4265.62646484375
9383.986328125
15489.12890625
19698.666015625
21144.52734375
21253.099609375
19304.06640625
16448.71875
11931.9853515625
7015.41552734375
4396.60205078125
2596.162353515625
1796.13037109375
1451.783203125
717.88330078125
277.21630859375
267.37896728515625
293.2545166015625
239.05247497558594
45.05175018310547
7.004986368741584e-09
9.422818081361584e-09
1.1404929445291145e-08
6.168401789352629e-09
7.42306716094987e-10
1.190407328266474e-08
1.4315818752663745e-08
378.2061462402344
2807.1904296875
5318.67724609375
7095.765625
9102.7802734375
8709.076171875
7444.7880859375
7196.9912109375
5871.20166015625
3419.7138671875
1859.3095703125
932.917236328125
1112.3128662109375
1275.798095703125
930.8814697265625
985.7040405273438
661.49658203125
186.4743194580078
206.3102264404297
280.5136413574219
270.6626281738281
9.001830392207921e-09
5.1291908498285466e-09
4.234918637990859e-09
4.953359500348142e-09
3.827864691885452e-09
7.3210495443731816e-09
1.2121011749854915e-08
99.14982604980469
477.3600158691406
1942.477783203125
2627.04833984375
2665.347412109375
3031.609130859375
2245.824462890625
1370.2830810546875
820.6004638671875
658.4608764648438
370.26800537109375
294.6856689453125
367.60015869140625
942.6127319335938
957.3075561523438
633.8720092773438
1.3186209201812744
6.7614145393690706e-09
3.3542928434826536e-09
1.0062114697007019e-08
8.099696913177468e-09
3.6197205233179375e-09
4.603737391306595e-09
6.589291334790914e-09
1.0994788190998861e-08
1.0856084919907971e-08
6.570838984032434e-09
2.950972577409061e-09
0.04661628231406212
0.09533706307411194
54.6673583984375
390.5675048828125
670.87744140625
394.19183349609375
482.028564453125
418.5943298339844
398.8746337890625
202.49581909179688
116.17955017089844
266.3789367675781
291.8551330566406
849.874267578125
722.1298217773438
796.35546875
0.0
6.712261413355236e-09
6.149724285364755e-09
3.56096552245333e-09
1.1008218780972356e-09
5.8881099995744535e-09
1.065578203451878e-08
1.1387555787223391e-08
7.066581986236997e-09
8.533110218422735e-09
9.862149319417313e-09
9.726675465060453e-09
0.048520807176828384
0.07536517828702927
1.3807365894317627
15.888285636901855
14.926553726196289
10.371399879455566
69.21690368652344
92.83431243896484
0.000776128435973078
0.0008688607485964894
1.9358216363229985e-08
7.56969690322876
4.074759006500244
147.9191131591797
204.48866271972656
281.85498046875
0.0
4.2133344035910625e-10
9.246341470259267e-09
7.297738524592035e-10
1.1103543862134302e-08
1.0047481957542459e-08
3.2647180514544516e-09
4.510203321927975e-09
5.811117809173538e-09
5.012888326660914e-09
4.6309964751856114e-09
9.068409134727062e-09
9.495088271194163e-09
6.4275780253808534e-09
9.847322957057258e-09
8.798755501970845e-09
7.242381361294292e-09
6.613854797166141e-09
7.229031262490082e-10
6.626826642985861e-09
0.0006375056109391153
0.0008347079274244606
7.957242864620184e-09
3.874806253634233e-09
5.1584541083116164e-09
8.62583160454733e-09
7.855482486718302e-09
4.722732427353549e-09
5.254896517925545e-09
4.257966867982077e-09
8.189114275580778e-09
7.271359958593848e-09
6.358351622992586e-09
9.39012956280294e-09
2.33299002339038e-09
6.5243144220517024e-09
