1.756600340740988e-07
3.6342489018181823e-09
1.7250580697236728e-07
1.905908675325918e-07
5.138750314159779e-09
6.066810698257541e-08
2.522328941267915e-07
9.770985798240872e-08
1.6335104646714171e-07
1.1373340669251775e-07
3.5535265396902105e-08
1.2135568283611065e-07
1.9571943710161577e-07
4.8096804761144085e-08
1.4806509796017053e-07
5.992605167648435e-08
2.1141083550446638e-07
1.129020930079605e-07
1.2110727709568891e-07
6.559016441087806e-08
2.6098391003870347e-07
1.708941255174068e-07
2.5859864649646624e-07
2.606039402053284e-07
6.157868170930669e-08
1.329417642637054e-07
3.2629294821617805e-09
8.217073599325886e-08
2.307004933754797e-07
7.332290152817222e-08
1.9770027392951306e-07
1.8991414663105388e-07
1.287401207861194e-08
1.1062176064058349e-08
5.355456522693203e-08
2.041750413184218e-08
3.301796169807858e-08
1.4218434785107092e-07
2.686694955400526e-08
1.3047377400710047e-08
1.5284955523497956e-08
6.92886530373471e-08
6.047871892178591e-08
2.4066420678536815e-07
1.6141943603997788e-07
2.417786220121343e-07
1.430453693274103e-07
1.8069118823405006e-07
6.557294796039059e-08
6.20827762531917e-08
2.2885460637667165e-08
1.6151234660810587e-07
1.1374255848295434e-07
2.5150856686195766e-07
1.7828124043717253e-07
1.5885244408764265e-07
2.3268584925517644e-07
1.5744858217203728e-07
8.120869665617647e-08
1.1191593074499906e-07
1.7420968845272e-07
1.0735003996842352e-07
1.0353427626341727e-07
7.751786768039892e-08
1.4461672037668905e-07
1.6202486108340963e-07
2.6505384553843214e-08
4.216913396248856e-08
1.9428942721333442e-07
2.303464725628146e-07
2.890625694362825e-08
1.829642997108749e-07
1.2434506402314582e-07
7.732798223969439e-08
8.948300944666698e-08
1.9443184839929017e-07
1.3983999735955877e-07
2.0895168262313746e-08
2.0445524739898246e-07
2.0889814322799793e-07
1.58543059569638e-07
6.760975423958371e-08
2.441502147121355e-07
2.0631729569231538e-07
1.0891948676317043e-07
2.2385957265669276e-07
2.729157415615191e-07
1.0701673858193317e-07
9.280824997404125e-08
2.679388728665799e-07
2.1354662749217823e-07
2.1660083859842416e-07
2.1601202604415448e-07
4.242634332740636e-08
3.138024950999352e-08
1.8349982155996258e-07
2.46334312947738e-08
9.36320532218815e-08
7.888704089964449e-07
1.1323112403260893e-06
1.1419799648137996e-06
1.373088934997213e-06
0.000532483565621078
132.8570098876953
237.03346252441406
462.8455810546875
414.59747314453125
1.946525713947267e-07
9.856319849177453e-08
6.353121762003866e-08
4.2384613152535167e-08
5.027757765674323e-08
1.197226424665132e-07
1.9241183224494307e-07
1.7603827018319862e-07
2.729665879996901e-07
8.307027066223327e-09
2.395919409536873e-07
1.8167797577461897e-07
9.89314870025737e-08
2.3580335550832388e-07
0.016343459486961365
0.0637340098619461
625.8165283203125
526.6041259765625
1171.412353515625
1331.93115234375
855.238037109375
1267.0794677734375
1374.1710205078125
1680.4346923828125
1759.7078857421875
2004.684326171875
1895.2852783203125
1906.9091796875
855.8425903320312
543.7745361328125
74.66593933105469
1.216596007347107
5.783093826039476e-08
2.0904475661609467e-07
1.1877234129542558e-07
9.747240881097241e-08
2.5356661126352265e-07
2.1967274221879052e-07
8.353574543207287e-08
3.8588292598724365
4.636232006305363e-06
0.021144703030586243
446.1809997558594
800.8740844726562
3365.460205078125
5700.8125
8093.66650390625
7788.404296875
8834.34765625
9590.0
11123.541015625
13669.6103515625
15073.10546875
15659.6416015625
13148.025390625
11640.4375
9357.3603515625
6947.0146484375
1803.081298828125
22.002817153930664
1.0964105001676216e-07
6.868105373314393e-08
1.8940913548703975e-07
512.5647583007812
1.3933357934092783e-07
1.684011152747189e-07
7.525244427597499e-07
0.29631322622299194
144.56504821777344
786.7940063476562
1811.7239990234375
5253.1796875
8785.44140625
14949.39453125
19214.740234375
21468.0390625
25737.052734375
27263.220703125
28678.275390625
28583.7109375
27678.279296875
26493.05078125
23250.486328125
19527.291015625
15048.568359375
11822.8291015625
5874.9814453125
832.3114624023438
72.97164154052734
9.745259177407206e-08
1.7253718453957845e-08
378.7744445800781
2.6560478261217213e-08
1.047150362865068e-06
0.0
441.5578308105469
838.2349853515625
1814.436279296875
5675.7119140625
10448.927734375
20934.865234375
27150.5390625
31774.591796875
34372.73046875
35103.37109375
34912.0859375
34705.6875
35453.39453125
33283.36328125
30250.158203125
25585.595703125
21468.791015625
16118.2041015625
10604.9521484375
6541.56689453125
1548.47216796875
7.455811023712158
1.5718315182766673e-07
1.523142145742895e-07
2.638624607698148e-07
1.9908135584500997e-08
0.20956899225711823
0.8094765543937683
552.658935546875
1669.1376953125
6548.4111328125
11661.095703125
21002.07421875
29488.787109375
34810.5234375
35320.80078125
35243.8125
34709.56640625
34362.46875
31673.15625
28121.462890625
25710.697265625
23433.01171875
18912.767578125
14519.5712890625
11466.8369140625
7554.4599609375
2966.808837890625
842.0172729492188
3.5300748348236084
2.1919474590958998e-07
2.0041689197114465e-07
9.886342411391524e-08
5.640165312570389e-08
0.5531900525093079
6.153642177581787
1222.768310546875
3945.534423828125
8317.12890625
17719.83203125
26075.107421875
34251.3203125
34865.84765625
33777.09765625
28572.228515625
24722.255859375
23645.34375
20409.36328125
16836.267578125
15451.40234375
12179.1796875
10960.6650390625
8474.341796875
5816.7763671875
3388.64111328125
1551.31103515625
264.4004821777344
11.858835220336914
8.231261006130808e-08
1.1273824185309422e-07
2.3212542998862773e-08
3.3301668622698344e-07
2.0214576721191406
40.70976638793945
1221.3475341796875
5028.41015625
11237.615234375
22028.509765625
31310.02734375
33788.68359375
30677.60546875
23597.51953125
18483.037109375
12227.474609375
10762.5361328125
9130.171875
8416.69921875
6960.99951171875
5511.0263671875
5313.3017578125
3957.636962890625
3728.633056640625
2215.869384765625
803.1351318359375
570.4927368164062
0.00011107157479273155
2.1516244430586084e-07
2.4273134613395086e-07
2.4265176534754573e-07
1.6140508307671553e-07
1.9274590015411377
53.36064529418945
1165.742431640625
7324.837890625
15029.0146484375
25857.9140625
31844.833984375
32267.1796875
23386.814453125
16588.736328125
10641.375
7487.814453125
6739.44873046875
3561.99072265625
3178.968017578125
2597.125
2055.003173828125
2654.90283203125
1951.8572998046875
1936.5274658203125
1473.8812255859375
661.2378540039062
465.751953125
4.727206004417894e-08
1.0443565656714782e-07
2.10212803608556e-07
2.0276891632420302e-07
2.9787321409457945e-07
2.702188491821289
56.963111877441406
1650.5623779296875
7596.93212890625
18787.7109375
29526.537109375
32474.75390625
30968.830078125
23548.287109375
14372.671875
10178.494140625
7163.95361328125
4272.537109375
3817.085693359375
2499.718994140625
2278.489013671875
1445.85302734375
838.6356811523438
694.1104125976562
253.13693237304688
192.75071716308594
0.001526319538243115
5.329171415269229e-08
1.8754374764284876e-07
1.9723015043382475e-07
1.6324293028446846e-07
1.0796337335250428e-07
3.653383657820086e-07
0.21988487243652344
155.42361450195312
1802.5703125
8580.3466796875
17646.5234375
28398.35546875
33797.5859375
32455.044921875
28375.61328125
22048.09375
15766.1171875
12935.212890625
8526.47265625
4286.591796875
3240.87109375
1605.519287109375
1034.8914794921875
794.1865234375
302.8587646484375
244.1439208984375
111.80996704101562
7.297670663319877e-07
7.659597400788698e-08
2.361097131142742e-07
9.223543884218088e-08
1.4717070939695986e-07
2.3872289034443384e-07
1.7719692380069318e-07
0.0
123.04505920410156
1584.652099609375
7854.09814453125
15459.5322265625
23895.24609375
31172.740234375
34446.4375
32204.38671875
30850.822265625
26442.4140625
21645.58203125
16130.498046875
8940.01953125
3834.787841796875
1987.6324462890625
748.3600463867188
752.450927734375
214.0865936279297
209.3905029296875
10.904373168945312
0.0
1.9086817815150425e-07
1.1262461185879147e-07
3.149655825041009e-08
1.5421201737808587e-07
4.357366023555187e-08
2.2178031144903798e-07
2.5514370349810633e-07
73.05644226074219
2005.1025390625
6536.99755859375
10934.8095703125
18009.17578125
23298.13671875
27920.802734375
31826.77734375
32121.123046875
30384.994140625
27810.994140625
22413.6953125
14695.4609375
7663.9033203125
3000.37890625
1264.2908935546875
654.69287109375
157.78924560546875
67.7470932006836
0.00833538081496954
0.0
2.597518573566049e-07
1.327011460716676e-07
1.2150019301770953e-07
2.105385021877737e-07
2.0361596853035735e-07
4.987370871845087e-08
2.7316994533066463e-07
173.0839080810547
1211.7340087890625
3618.147216796875
6945.357421875
11533.767578125
15260.6123046875
17762.439453125
21555.33984375
27229.6953125
30968.458984375
30456.126953125
30166.548828125
21123.978515625
14461.021484375
5786.7998046875
2691.540283203125
460.372802734375
65.28646850585938
8.271683692932129
0.007091399282217026
0.0
1.7974097943351808e-07
1.831888312153751e-07
1.577226953486388e-07
9.655560972987587e-08
2.5861294261630974e-07
0.0
0.0
441.60540771484375
1139.9964599609375
2685.55322265625
4309.27734375
5877.564453125
7904.99951171875
11405.197265625
11717.06640625
15164.5458984375
21361.96875
28026.3515625
31617.01171875
28304.755859375
18515.48828125
7899.8466796875
3824.781494140625
247.68496704101562
41.6660041809082
0.3758823573589325
0.006629754789173603
21.135969161987305
16.352706909179688
8.180972344007387e-08
1.5142890674724185e-07
1.015110200341951e-07
1.959142821306159e-07
1.3401567935943604
5.422641277313232
734.1560668945312
2191.63330078125
3481.07373046875
4372.7900390625
4596.123046875
5171.95849609375
5117.1416015625
6906.0615234375
8669.873046875
15069.474609375
23885.70703125
32547.658203125
31241.189453125
21677.28515625
9198.9267578125
3824.224853515625
354.73748779296875
17.391006469726562
0.9273856282234192
0.004422678612172604
0.0
23.015663146972656
2.340741787065781e-07
2.491742918664386e-07
2.4975645374070155e-07
2.2252959297475172e-07
1.7060702361959557e-07
14.792593955993652
1618.0867919921875
4148.4404296875
6823.1572265625
7382.021484375
5547.1337890625
5883.3662109375
6113.92529296875
4041.63671875
5108.4189453125
11413.0986328125
23336.0859375
33324.75
33842.796875
22289.369140625
10785.6337890625
3400.44189453125
148.60064697265625
13.396828651428223
0.8282479643821716
2.551069542278128e-07
33.19034957885742
15.011353492736816
2.582231104497623e-07
2.128993514816102e-07
3.477613930158441e-08
3.69247281639673e-08
1.4219502020296204e-07
304.58685302734375
1927.3087158203125
5573.6005859375
8714.2666015625
9813.724609375
9794.25390625
8431.2021484375
7041.11083984375
6482.37158203125
8045.9423828125
16095.15234375
25484.216796875
34353.828125
33250.05859375
22335.453125
8843.4951171875
3070.378662109375
222.85592651367188
13.719535827636719
2.3297908306121826
1.393300834706679e-07
27.19135284423828
22.749486923217773
1.459109029156025e-07
2.1179053533160186e-07
3.873591936098819e-08
2.9339506824044292e-08
3.596424269503018e-09
950.4782104492188
1625.255615234375
6118.6865234375
11200.4541015625
15666.4208984375
17261.126953125
16734.30859375
15804.4267578125
16521.11328125
21315.66015625
25933.048828125
32255.833984375
34431.04296875
28905.98046875
17007.572265625
6239.22314453125
2283.23193359375
285.7825622558594
2.6578927040100098
2.0613625049591064
0.006420326419174671
0.0
28.122758865356445
2.226305326757938e-07
2.711878437366977e-07
2.61422087532992e-07
2.435367889574991e-07
6.136987451554887e-08
896.7764282226562
1575.4774169921875
5299.29638671875
10831.3642578125
16663.591796875
23987.63671875
26948.29296875
27313.091796875
30177.548828125
34751.66796875
36375.34765625
35596.5546875
30990.244140625
20645.904296875
11194.9384765625
3369.392578125
856.760009765625
595.8035278320312
338.4320068359375
2.193181276321411
0.007450239732861519
0.0
2.2974901980887807e-08
1.1513026976217589e-07
2.6123169050151773e-07
1.9723684019368193e-08
5.4792170800510576e-08
128.87644958496094
211.02316284179688
1389.2021484375
3431.638427734375
7901.9677734375
15269.130859375
23955.505859375
28554.634765625
31207.2578125
35617.50390625
36477.58203125
34982.203125
30643.46875
20126.875
10449.578125
5823.68212890625
1143.976318359375
561.373779296875
641.9450073242188
2.288743257522583
2.35512113571167
0.003843084443360567
1.1335907856846461e-07
5.6674888782026756e-08
2.2828474754987838e-07
8.265211448588161e-08
1.4440029616480388e-08
6.173037547796412e-08
1.3757740259170532
1.925890326499939
102.02517700195312
479.61407470703125
4443.841796875
9138.7099609375
15577.48828125
21940.630859375
23800.068359375
27407.92578125
26490.8515625
22658.154296875
15253.2822265625
7394.31298828125
3292.38427734375
884.4877319335938
435.5738525390625
393.77142333984375
382.383544921875
0.7522823214530945
2.2253961162732594e-07
2.616102676711307e-07
3.304446138940875e-08
1.4183029861669638e-07
2.2204987715213065e-07
2.2818217360054405e-07
8.592476774538227e-08
2.2005843902661582e-07
1.869373704721511e-07
1.2030707694066223e-05
0.0019641395192593336
1.1042128801345825
895.7191162109375
2318.126953125
4673.56982421875
6071.0693359375
7394.05029296875
6735.3408203125
6452.90966796875
4735.404296875
2885.337646484375
898.1691284179688
481.9482421875
58.65003204345703
9.855328971752897e-05
1.5472360814783315e-07
1.9794711647591612e-07
2.5659136326794396e-07
3.109270352297244e-08
2.665759950559732e-07
1.0278336759483864e-07
2.4120359398693836e-07
2.754433694462932e-07
1.0748177459163344e-07
2.0730402638946543e-07
1.0735437427911165e-07
2.0839047465415206e-07
2.047840581553828e-07
5.042523198994786e-08
2.0018947566313727e-07
0.002223252784460783
0.0054838769137859344
0.011921051889657974
306.9249572753906
530.3499755859375
359.6991271972656
149.89517211914062
445.8742370605469
371.0209045410156
0.0007461966597475111
5.855524432263337e-05
2.3992581077436625e-07
1.1332235771988053e-07
5.331432628707944e-09
1.2441127239526395e-07
2.1776884295832133e-07
1.904165287669457e-07
1.7343796798741096e-07
1.979068997570721e-07
1.8303724091950357e-09
1.2235648227942875e-07
2.6979020617545757e-07
2.743793459103472e-07
1.4872655640374433e-07
1.868259431603292e-07
1.7115171146997454e-07
1.1936351995700534e-07
2.5076536758206203e-07
1.5154933308281215e-08
7.673510538097617e-08
1.2462579945804464e-07
0.00673860777169466
0.009066150523722172
0.01050883810967207
0.005978766828775406
1.2646036395835836e-07
1.1158385149201422e-07
2.1328763466499367e-07
2.717398785989644e-07
2.442220363718661e-07
4.389016439176885e-08
1.7370746263623005e-07
1.3920123365096515e-07
1.542462513270948e-07
1.8929520706478797e-07
1.660343684761756e-08
9.430716119140925e-08
7.573558491458243e-08
1.488480450007046e-07
