1.2131060600495402e-08
7.793197909222727e-08
9.002094714105624e-08
9.410930346120949e-08
6.874413926993839e-09
6.374393279884316e-08
3.4135915427668806e-08
1.7624895320977885e-08
1.276659133964131e-07
7.739826202168842e-08
1.8744016117011597e-08
1.014244119801333e-07
4.3206018318642236e-08
1.3646886287688176e-08
2.336402182834263e-08
1.9891377434078095e-08
4.766551597867874e-09
7.198023288523814e-10
2.832973677868722e-08
1.0947673700911764e-07
3.170275775232767e-08
1.5145703358143692e-08
1.0529885940968597e-07
1.1847515679619391e-07
2.72538205337014e-08
2.5383352308949725e-08
3.476245291622604e-09
3.482455213088542e-08
8.312391486242632e-08
7.97236552330105e-08
3.747983967627988e-08
4.8449081191392906e-08
8.273569562788907e-08
1.2561976348024473e-07
1.2989930020523843e-08
3.05555509783062e-08
1.1370641317398622e-07
6.48167031158664e-08
2.3637716228819272e-09
8.535427298284048e-08
7.053302941706363e-10
7.513161648375899e-08
5.951091708311651e-08
1.0440759723451265e-07
9.229503916685644e-08
6.310620648264376e-08
7.182998018606668e-08
1.5466987690615497e-09
6.054274592770525e-08
1.923884163090861e-08
7.652448630324216e-08
1.1816046452395312e-07
1.0782863313352209e-07
1.1139577082985852e-07
8.278263408101338e-08
2.6425018617715068e-08
1.0344812295670636e-07
3.4716528318767814e-08
1.0918888904143387e-07
6.445374367558543e-08
1.032879382023566e-07
8.734813405908426e-08
2.920329755795592e-08
9.01339731740336e-08
7.883224384386267e-08
6.527197626837733e-08
4.493213623391057e-08
7.130000767574529e-08
1.1756337414681184e-07
1.496041690529637e-08
5.544162107185002e-08
6.68736888087551e-08
9.375602161298957e-08
1.1435437485829425e-08
7.132935309073218e-08
8.397950779226449e-08
6.262518326138888e-08
6.775680816417662e-08
2.2280747913328014e-08
8.847802490663526e-08
1.1130777721746199e-07
5.916407985750993e-08
8.71832739335332e-08
2.1008228490160263e-09
7.588117512113968e-08
8.634189363476708e-09
9.519791177581283e-08
1.3618606686804924e-08
5.394815616455162e-08
7.645583366411302e-08
7.956960956789771e-08
6.943484720522974e-08
4.754929605610414e-08
8.456697742076358e-08
1.5381351659016218e-07
1.3617123784115392e-07
2.2936600885259395e-07
1.9698731534845138e-07
521.5274658203125
427.48333740234375
566.2777099609375
443.6631164550781
371.534423828125
52.170467376708984
86.8964614868164
99.26298522949219
86.69268798828125
4.470326530281454e-06
1.8386618449994785e-08
1.0221065593896128e-07
1.1720368320311536e-07
1.0130695926591216e-07
1.1643479957967884e-08
1.1339285954647949e-08
2.7489619469633908e-08
1.0604721722984323e-07
4.036264158457925e-07
5.826271944897599e-07
5.834727971887332e-07
6.439481694542337e-07
8.762048082644469e-07
1.3250822803456686e-06
1.362701368634589e-06
77.22357177734375
237.2834930419922
766.4865112304688
2561.70703125
3624.471923828125
5722.10791015625
8169.47998046875
7809.79052734375
5993.1484375
3471.336181640625
1709.5140380859375
728.496826171875
443.864013671875
0.059561021625995636
2.1315896603368856e-08
1.0435814346010375e-07
2.334287430016957e-08
7.355067310754748e-08
2.3307462626576125e-09
7.225892062479033e-08
9.243095178135263e-08
148.91696166992188
100.52215576171875
0.0
0.0
22.52585792541504
139.4453125
225.47119140625
875.5093994140625
2014.3895263671875
4327.2998046875
8503.7138671875
14328.951171875
17174.849609375
18934.740234375
19915.84765625
17535.251953125
14388.6806640625
9034.244140625
3958.909423828125
1293.7091064453125
210.53482055664062
9.480004337092396e-08
9.634410247372216e-08
9.897764385868868e-08
9.199549566574206e-08
6.636557969841306e-08
1.273186427397377e-07
5.072766739999679e-08
305.1768798828125
190.4330291748047
222.2233428955078
214.7150115966797
105.95846557617188
263.7906188964844
762.4321899414062
2709.322021484375
8530.7412109375
14554.9697265625
21113.083984375
23716.068359375
25315.373046875
26456.115234375
25778.697265625
25523.275390625
25071.32421875
19295.875
11412.9853515625
5645.28466796875
787.8284301757812
1.1718097425728047e-07
6.844248190418512e-08
1.3245431773611926e-07
8.030132647718347e-08
7.886320219085974e-08
3.391771485894424e-08
3.201703080435436e-08
172.80055236816406
183.44366455078125
164.67330932617188
347.2359619140625
667.1348266601562
782.3824462890625
3118.613037109375
9486.509765625
17662.44921875
23303.986328125
26400.005859375
27291.90234375
28437.03515625
27189.73046875
26531.115234375
25806.291015625
26900.21875
26953.33984375
21549.10546875
10022.8974609375
2222.066162109375
0.08518464863300323
1.328656651367055e-07
1.800974303023395e-07
1.2497021195656544e-08
9.632440622908689e-08
5.032203631571974e-08
6.80978473610594e-08
6.957772029636544e-07
9.251262664794922
479.63726806640625
786.0358276367188
913.4884033203125
2816.18212890625
10465.25
19438.244140625
25190.359375
27233.955078125
27135.783203125
26656.052734375
23908.791015625
20909.90234375
21289.634765625
20623.796875
23578.05859375
27619.54296875
26052.763671875
17230.685546875
5279.44140625
0.0736822634935379
1.1704794644629146e-07
5.5497061168807704e-08
1.2295100759729394e-07
1.1902841379196616e-07
1.0308882281151455e-07
9.233074393932839e-08
5.432656280390802e-07
384.34185791015625
515.3359375
732.5786743164062
2676.614990234375
8360.5078125
18410.38671875
26898.46875
27112.759765625
27688.9453125
24132.224609375
20496.005859375
16465.48046875
13557.529296875
13318.6572265625
13440.55078125
18094.537109375
25786.501953125
26867.591796875
22276.12109375
7839.41162109375
0.18884144723415375
2.881687422018331e-08
6.006857233842311e-08
3.832748163290489e-08
1.7394391482739024e-09
4.393504227095946e-08
8.497697479015187e-08
1.5681579113006592
94.58921813964844
705.504150390625
3418.081787109375
7949.5849609375
17485.6171875
26454.431640625
28216.263671875
26561.576171875
22102.791015625
19328.267578125
12890.2685546875
8089.7001953125
6341.70458984375
7358.41552734375
8081.20849609375
14037.6240234375
23248.818359375
27203.861328125
23847.568359375
9091.7099609375
0.38956719636917114
8.129689632596637e-08
5.1517101695708334e-08
8.878834023562376e-08
1.1635887631200603e-07
3.4429437079097625e-08
5.8428234694929415e-08
0.9999011754989624
30.99460792541504
2282.261474609375
8188.8525390625
16553.76953125
25418.787109375
28363.70703125
27849.236328125
20983.638671875
17194.65234375
11885.6875
5967.212890625
4397.326171875
3664.24609375
4207.4345703125
4944.54443359375
10139.02734375
22191.341796875
28132.078125
25481.28125
9749.8974609375
1.0437564849853516
7.887756936497681e-08
1.2139747695982805e-07
6.445686295819542e-08
1.1576495495546624e-07
2.458059356058584e-08
8.759651848322392e-08
5.1544084548950195
816.137939453125
4705.02490234375
14031.57421875
24383.275390625
27546.076171875
26569.7578125
20931.92578125
13298.7255859375
8640.6376953125
4394.318359375
3337.16259765625
2344.643798828125
1027.93505859375
2154.900390625
3824.276611328125
10738.6064453125
23682.37109375
29033.494140625
24208.775390625
7512.80859375
327.5970764160156
5.0787189564971413e-08
7.306488924996302e-08
4.40732250694964e-08
7.184547001770625e-08
9.943885714847056e-08
4.552098076260336e-08
40.68265914916992
3037.562255859375
10254.57421875
20498.994140625
27722.509765625
27678.13671875
20292.0625
13987.2373046875
6464.53076171875
2671.592529296875
2110.95361328125
1180.272705078125
853.7963256835938
497.90911865234375
1342.7479248046875
4560.19677734375
15184.8857421875
25382.927734375
27781.236328125
20747.21875
6505.74951171875
419.9398193359375
5.162855742923966e-08
1.2117988035242888e-07
9.119872856899747e-09
8.000701257060427e-08
2.592831727099565e-08
8.688799368883338e-08
823.2382202148438
7474.86328125
16632.625
27543.451171875
27685.6015625
24044.123046875
16727.408203125
7652.61962890625
2089.162109375
1020.6044311523438
377.0208740234375
379.8197021484375
782.365478515625
624.5009155273438
2300.862548828125
8887.2158203125
20293.044921875
25617.451171875
27950.95703125
17463.04296875
6028.8251953125
305.6645202636719
3.559496164484699e-08
7.101875354464937e-08
9.902850450771439e-08
1.0130952432518825e-07
1.794843029756521e-08
3.321631858455021e-09
3459.443359375
11349.16796875
23237.158203125
27857.11328125
26737.890625
19284.341796875
7833.99169921875
1906.5279541015625
720.7650146484375
786.6478271484375
991.8951416015625
647.695068359375
583.4351196289062
1459.59912109375
5609.63330078125
15599.9541015625
24169.470703125
27417.85546875
25393.7578125
11504.1982421875
3419.8974609375
418.3414001464844
1.2712865782305016e-07
7.731960494083978e-08
5.136442382536188e-08
4.4260467291223904e-08
5.139872882864438e-08
2.5406241416931152
4906.18408203125
17796.673828125
25003.6953125
28107.185546875
22457.111328125
13647.9130859375
3435.2275390625
1717.9013671875
734.1616821289062
714.811767578125
644.24755859375
592.8794555664062
1551.622802734375
4350.88427734375
12120.68359375
22581.58984375
26636.283203125
27240.3203125
16946.021484375
7441.109375
1046.2259521484375
265.12420654296875
3.5301819245603383e-09
6.916620520769357e-08
1.1118147114075327e-07
6.986296341437992e-08
1.0362285962628448e-07
2.1052308082580566
8126.4794921875
22185.66796875
28239.38671875
26357.05859375
18460.849609375
7227.16748046875
1919.279296875
1110.4266357421875
550.5408935546875
82.95172882080078
378.1431579589844
2543.188232421875
6269.32373046875
13086.0830078125
21184.244140625
27889.8671875
26337.58203125
20634.416015625
11098.775390625
2366.72705078125
191.23146057128906
0.028740961104631424
1.0010127482473763e-07
4.140198939239781e-08
6.218600390184292e-08
9.020629221367926e-08
8.249345739841374e-08
4.760186672210693
10469.974609375
24631.84765625
28448.912109375
24926.88671875
16634.34765625
4894.9326171875
1955.7142333984375
1182.888427734375
603.5433349609375
2334.627685546875
4818.673828125
8373.3291015625
16026.384765625
23655.146484375
27385.705078125
27607.162109375
22288.31640625
13394.4384765625
4540.7529296875
571.89111328125
4.4122772216796875
8.124656147856513e-08
1.3164799916864922e-08
9.071985829223195e-08
6.924233986183026e-08
8.427937103760996e-08
9.046264182188679e-08
4.119225025177002
10899.9306640625
25310.1875
27083.912109375
25197.0390625
14384.5234375
7602.56298828125
4828.1806640625
4906.00830078125
6128.73291015625
8088.90478515625
14956.6884765625
18798.556640625
25041.087890625
27577.001953125
28063.20703125
20775.767578125
13688.013671875
4185.97998046875
1119.0738525390625
39.85218811035156
0.0
3.1821365098494425e-08
1.0283557827506229e-07
6.342710179296773e-08
9.384873322915155e-08
6.030030874626391e-08
6.872163993421054e-08
41.411346435546875
8974.650390625
24304.568359375
28277.982421875
26150.189453125
21120.70703125
17477.876953125
15081.685546875
15502.583984375
18488.271484375
21974.359375
24423.26171875
27812.8515625
28781.0859375
26613.529296875
19422.97265625
12056.11328125
3798.04443359375
918.190673828125
377.3005676269531
41.64784240722656
9.46983789162914e-08
1.9687314889438312e-08
1.0862451205184698e-07
3.948090565586426e-08
6.004247410373864e-08
9.696684344362438e-08
7.955418368510436e-08
85.808349609375
6695.03857421875
20521.775390625
26278.0
26612.564453125
27040.013671875
25112.439453125
24463.501953125
25393.8984375
26185.537109375
27984.330078125
28314.5
27631.896484375
23677.533203125
15002.58984375
7698.48291015625
3626.489013671875
579.1747436523438
385.8017578125
165.35655212402344
53.45127868652344
1.5751980697586987e-07
6.591313450599046e-08
3.459324560139976e-08
9.849949300644312e-09
1.10717408574601e-07
2.7666247959245993e-08
3.3478098515615784e-08
0.32253772020339966
3745.48193359375
12572.5400390625
19923.439453125
26057.44140625
26773.197265625
27455.771484375
27940.66796875
28247.701171875
27596.08203125
26672.7421875
22434.953125
16724.71875
10816.6826171875
4672.576171875
1838.3472900390625
350.4346923828125
337.4476013183594
265.25152587890625
1.6287744131204818e-07
1.1333676752656174e-07
1.214727660681092e-07
5.728395535697928e-08
3.589304142792571e-08
1.0918237869361747e-08
1.2189573794785247e-07
3.551724958583691e-08
9.451478177879835e-08
5.396823965497788e-08
727.5473022460938
5052.4990234375
10899.5986328125
18123.951171875
20610.501953125
22287.236328125
22316.90625
20944.736328125
18191.83203125
14400.0927734375
10584.0087890625
5812.43603515625
2625.95556640625
690.8356323242188
262.8776550292969
272.1266174316406
62.319847106933594
1.207292257277004e-07
7.166121207546894e-08
6.303196897761154e-08
0.207365021109581
0.26888445019721985
1.794233028817871e-08
8.748557434046234e-08
3.3255094677997477e-08
6.796518903229298e-08
4.87742379817746e-09
7.263008683366934e-08
0.18790672719478607
543.8347778320312
2172.576171875
4860.23583984375
6433.431640625
8177.3447265625
6795.79443359375
6001.46875
4754.13134765625
3450.062255859375
1655.934326171875
610.010986328125
112.88249969482422
0.0
9.89775728044151e-08
1.2648203551179904e-07
1.4276055537720822e-07
5.5438416524111744e-08
9.49183842635648e-08
6.555610720937466e-09
1.535767912864685
0.6414655447006226
9.600314854196768e-08
8.716534694030997e-08
1.6168614891398647e-08
1.226088244266066e-07
6.014628439743319e-08
1.0390148474925809e-07
9.45333322732722e-09
5.311694550869106e-08
9.89534569839634e-08
10.017966270446777
17.15603256225586
82.5014877319336
96.16836547851562
106.54450988769531
65.39444732666016
81.0731201171875
32.13654327392578
7.086914166620772e-08
1.7246343020360655e-07
1.9175743659616273e-07
1.286821458279519e-07
2.5843583273399418e-08
1.3256605591038806e-08
4.8730225188364784e-08
1.0024112384598993e-07
5.5935766435366574e-11
5.82654458014531e-08
4.769487027544983e-09
6.891858106428117e-08
9.969377146035185e-08
1.0604254185864193e-07
1.1446829262240499e-07
6.17780386846789e-08
2.7641901212405173e-08
1.253480803597995e-07
5.834970195905953e-08
1.0644823333905151e-07
9.644213605497498e-08
1.1908232977475564e-07
1.5121935703632516e-08
9.2115328698128e-08
1.4887424981679942e-07
1.3905577134210034e-07
1.982254786980775e-07
1.1045742098758637e-07
2.9568564485771276e-08
9.606105066950477e-08
8.855619171299622e-08
1.4787410407279822e-08
1.1816327827318673e-07
1.1409362343783869e-07
3.413115834405289e-08
5.150537774056829e-09
1.1767828311803896e-07
8.265133288887228e-08
2.9488592900861477e-08
1.1765527574425505e-07
7.347914987576587e-08
5.879936892938531e-08
6.684172149107326e-08
3.7793480345271746e-08
3.740967713383725e-08
3.616093025016198e-08
1.0781148063188084e-07
7.79466873268575e-08
3.2224441781636415e-08
4.70892658199773e-08
2.005704402563424e-08
1.1058386206741488e-07
1.0251747539768985e-07
2.1859216658981495e-08
7.022489700858614e-09
1.241820939412719e-07
1.1886572082175917e-07
1.0189718402386916e-08
1.0121356552872385e-07
8.40471585661362e-08
9.621587970798373e-10
6.704684807345984e-08
9.617233587277951e-08
1.221849998955804e-07
3.358591271762634e-08
1.261322779555485e-07
6.152378517754187e-08
1.2281077488296432e-07
7.511949284833008e-09
