2.7249626555203577e-08
3.9818338848363055e-08
2.533674781091122e-08
2.9814163582386755e-08
7.362599863114383e-09
3.4169477913792434e-08
3.450254837389366e-08
1.430377771782787e-08
4.833829336803319e-09
2.7809319291804968e-08
3.670772130703881e-08
3.2874918787229035e-08
8.560613551367169e-09
3.766504974578311e-08
3.094705292028266e-08
1.9602163447984822e-08
2.217452355068872e-08
1.2326158760345152e-08
1.2345314992501244e-08
2.834374335236589e-08
2.099390350451813e-08
2.455624326103134e-08
9.805402712004252e-09
3.175097162966267e-08
3.43364483512687e-08
6.879877112453414e-09
2.5452832730366026e-08
2.9027003023429643e-08
3.9587163769283507e-08
2.612121718925664e-08
1.086861889376678e-08
3.0656179816901385e-09
1.9837829157154374e-08
3.7291119525662e-08
2.423450329303023e-09
2.3349018718477055e-08
3.0677924200972484e-08
8.328232325993667e-09
6.659267803854618e-09
2.7658238366257137e-08
3.267663117867414e-08
1.7932299201106616e-08
2.395706966140665e-09
1.6373583600071129e-09
2.5405151760082845e-08
1.3153013789235501e-08
6.245046701991441e-09
2.5738566833410914e-08
8.021688202575206e-09
1.4018478822208635e-08
1.383255288089913e-08
8.755517200143004e-09
1.6900143506859422e-08
3.2346264333682484e-08
2.2270269184332392e-08
5.440961459157734e-09
3.886819044396361e-08
4.9043702432527425e-09
3.0354425639700366e-09
3.1670521760673864e-09
2.086965800174312e-08
1.7841699673226685e-08
3.416486293872367e-08
5.8067128883010355e-09
3.477132892726331e-08
1.3878418414492444e-08
3.725758812578306e-09
1.9238683535149903e-08
2.164248691371995e-08
2.940425503084043e-08
1.9815603380379798e-08
7.811932767332053e-10
2.4773840756608934e-09
2.0018354973672103e-08
6.024264820325698e-08
5.102411648749694e-08
9.62082769007111e-09
9.676200285468894e-09
5.253042001385211e-09
9.439246717590777e-09
3.983114638117513e-08
2.1211404188647975e-08
2.6639336070388708e-08
9.859475014195596e-09
4.562979327715766e-09
3.949222460164492e-08
2.3451059760759563e-08
1.643173241916429e-08
2.7332385243994395e-08
1.2417725514524136e-08
3.239057733139816e-08
2.2193601123543516e-11
2.0185927596116926e-08
5.031433936153462e-09
4.209469217641981e-09
2.0414109513922085e-08
2.8131021068134032e-08
1.838760495185852
1.838760495185852
0.7765482664108276
3.494368527867664e-08
3.747996757397232e-08
6.805105812190959e-08
14.491327285766602
174.6293487548828
298.9241027832031
87.28904724121094
120.7510757446289
50.39981460571289
2.9033455848693848
1.5436040001759466e-08
2.29822685327008e-08
2.3917575475707054e-08
4.8525161666646e-09
1.0740316191970578e-08
1.84469381991903e-08
2.0937671152410076e-08
6.612418168572276e-09
3.665322978463337e-08
1.9764078373896155e-08
6.539649710646245e-09
3.770195178276481e-08
64.98562622070312
100.4972915649414
48.27143478393555
102.97380065917969
141.8143310546875
58.671546936035156
37.51120376586914
44.193809509277344
14.78434944152832
530.4886474609375
2111.0625
2291.070068359375
2742.051025390625
1787.686767578125
481.8603210449219
173.1453857421875
3.822100325123756e-08
3.757709876595072e-08
1.4306609230629874e-08
3.3452508318987384e-08
2.3594873610477407e-08
1.707610763901357e-08
3.9067540313908466e-08
3.554058736199295e-08
3.650927027365469e-08
3.5901553729900115e-08
3.753759258984246e-08
53.44193649291992
94.66047668457031
343.6741943359375
1459.8018798828125
2529.311279296875
2477.71533203125
2256.66943359375
1198.6190185546875
788.5308837890625
1937.8697509765625
3540.89794921875
5199.517578125
9457.8623046875
11161.7236328125
9335.7890625
4612.4150390625
1096.262451171875
0.9308913350105286
3.660663949744958e-08
4.249943064138506e-09
2.549013800035027e-08
3.0367072412218477e-08
3.023255956691173e-08
0.0
0.0
0.0
44.193302154541016
0.0
203.9075469970703
832.3862915039062
3270.98779296875
6243.00146484375
8248.4228515625
8790.037109375
8473.544921875
9273.1328125
9348.8564453125
10204.837890625
12587.6591796875
14133.109375
17447.8671875
17124.923828125
12536.9306640625
6957.0830078125
1411.635986328125
4.070338249206543
5.629647414906458e-09
2.5385542556932705e-08
2.1478975043009996e-08
2.9790912847715845e-08
3.411981808199016e-08
2.3381103275710302e-08
0.0
0.577012300491333
0.2463688999414444
206.87376403808594
672.2868041992188
4118.58349609375
8497.1259765625
13244.6015625
17697.07421875
17499.96875
15591.1611328125
14842.232421875
13222.435546875
14407.568359375
18352.41796875
21950.6640625
24687.064453125
21455.01953125
13654.8525390625
6897.3876953125
1963.6368408203125
237.0763397216797
6.601818203222365e-09
2.6782435824657114e-08
9.270991974119625e-09
1.9391086070186248e-08
1.9146859653318415e-09
111.45762634277344
1.665790319442749
2.5797038078308105
0.7862798571586609
971.6538696289062
4225.04736328125
11716.7958984375
18634.98046875
25548.35546875
27032.671875
20980.693359375
17115.69140625
12856.1259765625
11058.8662109375
15610.9404296875
20756.61328125
28078.6953125
27713.138671875
23133.51171875
12187.1376953125
5730.0849609375
1791.9791259765625
438.7718200683594
256.4598693847656
5.242223988233263e-09
1.7842820554392347e-08
35.286537170410156
191.83462524414062
7.415661116283445e-07
54.92046356201172
57.2967529296875
255.58853149414062
4509.40234375
13784.5966796875
23445.494140625
30136.7421875
32307.59375
27105.908203125
19254.685546875
11335.5654296875
7410.57763671875
7917.83349609375
13806.9189453125
22855.853515625
31966.556640625
28213.822265625
21264.537109375
10429.8916015625
3752.86767578125
1144.019287109375
148.65005493164062
2.1440162356611836e-07
1.750533584754521e-08
3.703009454625317e-08
177.0973663330078
168.13739013671875
317.9466857910156
302.7217102050781
352.6165466308594
4336.09619140625
13743.5703125
22879.86328125
31550.634765625
33137.59375
28394.880859375
20713.123046875
10258.1435546875
5396.92138671875
4211.92041015625
9224.1572265625
19866.931640625
28207.984375
33750.9453125
27591.345703125
16814.837890625
6957.26171875
2224.90087890625
521.0787353515625
0.2416144609451294
1.6851947748364182e-07
2.089378980940637e-08
1.744693101102257e-08
137.5924072265625
217.19869995117188
465.105224609375
383.14544677734375
2201.357666015625
9839.0517578125
21621.1796875
30738.82421875
34002.421875
30225.9765625
21298.525390625
10263.4736328125
4228.80419921875
3364.3818359375
5602.68359375
13520.0634765625
27834.046875
34693.8671875
30810.537109375
22307.0390625
11408.923828125
3824.079833984375
782.4696655273438
0.5562026500701904
0.3563653528690338
1.0482939849509876e-08
1.0230124303234334e-08
2.7831363880181925e-08
3.8299631910376775e-08
87.382568359375
393.0152893066406
739.00439453125
6922.203125
18489.951171875
29347.36328125
34560.80859375
30305.34765625
23518.802734375
13729.158203125
5695.845703125
3228.37158203125
6165.07080078125
12081.3134765625
25597.19140625
34717.5
35982.09765625
28206.5703125
18629.822265625
6995.95703125
1459.340087890625
112.24130249023438
0.37991777062416077
0.3997247815132141
5.096648880709154e-09
3.754259836341589e-08
1.4551107874183344e-08
2.156230394234626e-08
4.947397513888063e-08
254.56358337402344
3735.96484375
12778.4404296875
25210.974609375
33139.796875
32669.068359375
27030.78515625
19411.76171875
11108.3349609375
8342.5615234375
9850.2216796875
13521.4375
23812.177734375
34100.66796875
37602.515625
32714.330078125
24078.921875
11451.5048828125
3333.6572265625
2418.563232421875
536.0065307617188
11.62309455871582
0.4680415987968445
2.493326212160696e-09
2.466358495212262e-08
3.52315190355057e-08
1.1127159638135709e-08
4.859111157884399e-08
315.2145690917969
7156.77880859375
18452.08203125
28403.201171875
34025.36328125
33623.84375
28083.634765625
23559.25
20837.365234375
20845.400390625
23913.0
26271.0546875
33517.0859375
39145.1796875
38026.8984375
29203.931640625
17503.95703125
7579.51416015625
3159.6455078125
1874.632080078125
269.2007141113281
8.718064308166504
0.15221688151359558
1.2559546735957383e-09
3.373232360104339e-08
9.266647893468871e-09
1.8733500084522348e-08
40.8772087097168
1311.356689453125
9398.1650390625
18995.52734375
28426.173828125
33949.48046875
33308.8828125
31466.755859375
29587.712890625
29916.7734375
30591.921875
30953.3046875
34174.9296875
38974.8984375
39587.171875
33319.0859375
22339.154296875
10684.427734375
5147.50341796875
2564.858642578125
1550.9158935546875
326.0580749511719
143.43905639648438
0.4078389108181
2.1278868445051558e-08
3.058977071646041e-08
3.394007208612493e-08
3.8994386386548285e-08
262.46539306640625
2333.976806640625
7751.73583984375
17461.79296875
23284.154296875
27666.802734375
28705.359375
29109.443359375
28840.9765625
29896.45703125
29390.525390625
32482.796875
38563.109375
40262.859375
35195.62890625
23797.4375
11952.5205078125
6136.3203125
3726.413330078125
2237.03759765625
738.1729736328125
199.6884765625
46.279598236083984
0.07558862119913101
3.4461422160347865e-08
3.2867752963738894e-08
1.1648339182102063e-08
0.0015625603264197707
465.9058532714844
2275.993408203125
5328.154296875
11049.806640625
14511.5517578125
15929.3994140625
17837.203125
16997.974609375
17470.140625
17691.92578125
21681.865234375
35108.234375
38451.8984375
35233.8125
23344.3359375
11425.1533203125
5804.01123046875
3537.92626953125
1928.572021484375
1061.4017333984375
275.4750061035156
50.285465240478516
0.00011591466318350285
3.466768134785525e-07
3.68868882105744e-08
3.6372366452042115e-08
2.5592431285303974e-08
103.27311706542969
119.68142700195312
781.75390625
3158.532470703125
4165.50048828125
5126.474609375
5103.2587890625
5148.74560546875
5157.3974609375
7268.408203125
13901.841796875
28727.14453125
37420.12890625
36479.69140625
26752.638671875
11584.1025390625
2920.8271484375
1485.8397216796875
1829.2152099609375
836.0823364257812
236.11141967773438
0.5254907011985779
0.0
0.00027424306608736515
2.661376754531375e-07
1.5512952700191818e-08
3.718959007414924e-08
1.432603341511296e-10
153.61209106445312
181.1013641357422
23.336225509643555
862.3319702148438
1126.41162109375
1186.5406494140625
973.8265991210938
1263.7100830078125
3636.207763671875
9079.1474609375
23424.076171875
35651.91015625
37915.01171875
29764.568359375
16378.5146484375
3722.711181640625
459.9034118652344
547.3867797851562
454.12164306640625
98.22636413574219
1.9870301485061646
2.5247706147979443e-08
5.956058521405794e-05
0.21046379208564758
2.4470901749396035e-08
3.593594755102458e-08
1.8522149147770506e-08
2.868095094754608e-08
1.984293618306765e-08
9.907519249452434e-09
16.00162124633789
266.2099914550781
341.62713623046875
435.7855224609375
582.6240234375
2688.671630859375
7167.23388671875
16696.42578125
31572.291015625
38444.34765625
33022.390625
17980.728515625
5719.3505859375
946.3716430664062
746.58642578125
269.6326904296875
317.7405090332031
107.0932846069336
19.311134338378906
41.92331314086914
55.46177291870117
0.0002527424949221313
1.4932345138163328e-08
2.4585341762417556e-08
1.0574463082946295e-08
1.2116552206009601e-08
1.489111056685033e-08
1.2840857266382955e-08
8.319602784467861e-08
46.8045654296875
124.749267578125
336.30731201171875
1363.4434814453125
5271.126953125
14799.2373046875
27372.669921875
35880.9765625
35226.47265625
22865.533203125
9973.4306640625
2347.808349609375
202.18905639648438
128.74008178710938
236.41915893554688
355.7757263183594
234.54055786132812
186.31967163085938
73.32543182373047
58.52218246459961
0.00025639895466156304
1.0488027334213257
3.1773648601074456e-08
1.0783280046666732e-08
3.2184871656681935e-08
9.874915996022082e-09
2.451169578421286e-08
5.072455167010048e-08
20.477737426757812
109.07267761230469
565.2986450195312
3411.12109375
10738.7822265625
22348.630859375
31933.400390625
34426.53125
26387.962890625
15050.552734375
3701.422119140625
589.197509765625
137.22303771972656
198.8414764404297
197.30960083007812
164.7626953125
192.28868103027344
206.45138549804688
179.06182861328125
25.468570709228516
1.1463386684340549e-08
3.337651577339784e-08
2.4164000578252853e-08
2.725032288708462e-08
1.2391874193440344e-08
3.2188573584335245e-08
1.0550717632895612e-08
4.352590678990964e-07
33.380027770996094
175.18540954589844
1640.7313232421875
6115.11962890625
15935.05078125
25038.75390625
31600.767578125
27985.083984375
17572.537109375
7435.8505859375
1270.1480712890625
98.59274291992188
187.85891723632812
191.34835815429688
250.05979919433594
62.412078857421875
206.55685424804688
137.86329650878906
179.43373107910156
80.4347152709961
3.7719555479043265e-08
3.8405364222171556e-08
1.5555318810811514e-08
2.6033625033505814e-08
2.0097900232940447e-08
1.5450026813468298e-09
1.9755395541665166e-08
3.1661300659179688
96.28668975830078
418.5851745605469
2735.24755859375
7400.955078125
16086.0556640625
20996.22265625
23809.466796875
17137.86328125
9483.06640625
3360.9599609375
526.3314819335938
200.16795349121094
183.24046325683594
204.41305541992188
268.0659484863281
2.437503887620096e-08
0.13130618631839752
0.19336721301078796
40.41334533691406
1.128096105418308e-08
9.946438694896642e-08
2.310005875472143e-08
1.3674741339286811e-08
3.381951785286219e-08
8.569837284255755e-09
3.1055730431717166e-08
3.617802235567069e-08
2.627795696258545
151.6311492919922
782.4541015625
2156.966552734375
4919.79736328125
8467.09765625
11705.4130859375
9152.1064453125
6649.78955078125
3372.68359375
1397.4508056640625
242.41932678222656
139.94155883789062
137.20718383789062
64.23462677001953
8.39503613292436e-08
3.310045570970033e-08
0.11994871497154236
0.3616642355918884
0.6832341551780701
3.4007253901791046e-08
2.167050716650465e-08
3.2961200435721594e-09
2.1157594787268863e-08
2.29702443732549e-08
2.0324018024098223e-08
3.84300591349529e-08
2.232384943567922e-08
2.8201628765600617e-07
0.00488418759778142
34.66098403930664
268.92303466796875
1621.2435302734375
2314.94677734375
2816.2119140625
2163.134521484375
1184.0953369140625
586.9857177734375
200.03326416015625
161.97567749023438
119.99449920654297
8.203964085851112e-08
6.925405671154294e-08
4.3254125614566874e-08
2.0470688255613823e-08
2.2319985859553526e-08
4.7989372475854e-09
2.6114026496770748e-08
1.0197966915370671e-08
3.21872910546972e-08
1.796234805340191e-08
2.4769603257368544e-08
3.202467979690482e-08
2.1472731148719504e-08
1.1986476700087678e-08
4.295477029625516e-10
3.4961613604167496e-09
2.088657247156789e-09
3.470925591386731e-08
1.990649245442455e-08
5.965617333458795e-08
21.52033233642578
21.02829360961914
1.1324213566865637e-08
3.406857729260082e-08
3.455514274719462e-08
2.6900201177681993e-08
3.6326250896223655e-09
2.4902876205601387e-08
3.3480908712135715e-08
1.8855704553288888e-08
9.388879895766422e-09
1.5131481845287453e-08
7.977048355201077e-09
1.780573377629935e-08
9.747271434434879e-09
2.4530164566272106e-08
1.0773002045993962e-08
8.588135536058417e-09
3.233496315147022e-08
