7.526258372081429e-08
1.6036193528634612e-07
1.4781466006752453e-07
9.551839497135006e-08
6.779873018558646e-08
9.794212729730134e-08
8.589476863107848e-08
6.983356826140152e-08
1.6989253026622464e-07
9.333431449931595e-08
1.5007482545570383e-07
1.0963197638602651e-07
7.238194399405984e-08
1.0363183378103713e-07
1.3630112505325087e-07
1.4427723726839758e-07
1.0780619419392679e-07
2.5135089565253566e-09
1.4436159290198702e-07
1.0870309807842204e-07
1.6359422261302825e-07
6.65422064116683e-08
1.2926935255563876e-07
7.414082148216039e-08
4.143776521914333e-08
1.326666421164191e-07
1.1497602514509708e-07
1.6483716080983868e-07
7.926192324703152e-08
7.04665907846902e-08
1.6403679126142379e-07
6.136339436579874e-08
8.581442045851873e-08
2.3669478821375378e-08
8.247857152809956e-08
3.371379264649477e-08
2.5637111988885408e-08
2.167850254863879e-08
7.068996499270952e-09
6.312075129244477e-08
3.1334497663237926e-08
1.4295613937065355e-07
4.646358320314903e-08
7.818938740911108e-08
5.596978169819522e-08
4.7934879177091716e-08
4.426631150522553e-08
1.447791504460838e-07
1.6282911019516177e-07
2.6435069244712395e-08
1.258075457144514e-07
8.942449625237714e-08
5.015114368234208e-08
1.640944873315675e-07
1.4138051085410552e-07
1.678414349726154e-07
1.4639040557540284e-07
8.658088290758315e-08
5.6733831854671735e-08
9.274369006107008e-08
1.5419367116464855e-07
1.0469258882039867e-07
4.836460831825207e-08
1.661290696119977e-07
1.7090013670895132e-07
7.575735594400612e-08
1.6305425276641472e-07
1.574672978676972e-07
3.92460330900235e-09
1.296938876294007e-07
2.1541527672752636e-08
1.5099887207270513e-07
1.6716609252398484e-07
6.107653405251767e-08
0.00178886903449893
0.0022222627885639668
1.6591783946751093e-07
9.042635440437152e-08
1.0073731715465328e-07
4.118600216429513e-08
9.776617559964507e-08
5.333594899070704e-08
1.3555590783198568e-07
1.3223902328718395e-07
1.1585305514927313e-07
1.5649723650312808e-07
9.508982046213532e-09
7.987698324996018e-08
5.5071616600343987e-08
1.5194193281331536e-07
1.3229728779151628e-07
9.176698512192161e-08
1.559778723958516e-07
0.00024001092242542654
0.00033795408671721816
0.991660475730896
5.750967025756836
491.0471496582031
375.32391357421875
409.4544372558594
796.3742065429688
656.4639892578125
356.51092529296875
36.63372802734375
1.1492196321487427
0.46784231066703796
1.0926490290330548e-07
1.1810456612693088e-07
4.539758435839758e-08
1.770850417415204e-07
2.300969548230114e-08
2.4433999712414334e-08
3.7192169344280046e-08
2.717254510287148e-08
1.2615562638984557e-07
9.463207817361763e-08
6.42182413912451e-08
3.3226726259272255e-08
3.997261543986497e-08
0.34070324897766113
3.72033953666687
23.32614517211914
118.47957611083984
521.2642211914062
1739.8917236328125
4425.7421875
5545.21044921875
6898.65185546875
7305.81689453125
6527.60791015625
5626.41748046875
2421.65478515625
1180.9197998046875
616.9114379882812
70.74637603759766
11.59026050567627
2.2846235481210897e-07
5.4372300439808896e-08
8.541449147969615e-08
1.0215749313147171e-07
5.086491583483621e-08
4.553983856681043e-08
5.232188016179862e-08
8.616046187626125e-08
0.0
1.068440997187281e-05
1.206144497700734e-05
3.838271141052246
70.00894927978516
567.190673828125
1089.0272216796875
3986.45947265625
6729.7392578125
9300.40234375
14175.75390625
15799.271484375
15982.830078125
16691.888671875
16336.64453125
13040.4521484375
7667.42236328125
3518.577880859375
1044.0504150390625
144.93655395507812
4.4505526375360205e-07
1.2259967263617e-07
1.5580873480303126e-07
1.710689474521132e-07
1.6184024786980444e-07
1.5514000040184328e-07
4.672540754313559e-08
9.095970199268777e-08
1.1711388651747257e-05
101.05299377441406
176.45065307617188
337.39306640625
601.6431274414062
1721.5377197265625
5156.328125
9811.322265625
15422.5703125
19801.69140625
22174.2109375
23018.521484375
23405.283203125
23435.115234375
23298.21875
20238.4609375
17893.044921875
11115.0869140625
4949.865234375
1737.0936279296875
12.204017639160156
1.4886258270507824e-07
5.81204346872255e-08
8.60200017882562e-08
1.7954427278255025e-07
2.1639566583075975e-08
4.943885301145201e-08
3.378859503300191e-08
274.6905822753906
288.7743835449219
297.1300048828125
690.8034057617188
2000.8970947265625
5947.37548828125
14265.966796875
18952.029296875
23123.109375
25341.19921875
26188.728515625
25717.333984375
25260.435546875
25262.19140625
26151.330078125
25271.205078125
25282.611328125
19600.263671875
11998.796875
4825.42333984375
377.5721740722656
2.461528367803112e-07
1.8043552074686886e-07
7.517715516769385e-08
7.015765390860906e-08
1.67850885191001e-07
9.65416120379814e-08
4.892791594102164e-08
319.1450500488281
286.67730712890625
451.9443054199219
1767.261474609375
7096.16796875
15789.1806640625
22319.474609375
25424.62109375
27240.1484375
27023.787109375
24870.958984375
23467.05078125
22527.904296875
20986.529296875
22181.216796875
23209.66796875
26667.84765625
25520.212890625
19283.291015625
8693.0380859375
1003.005615234375
1.7609298197385215e-07
1.8394257494946942e-07
2.350106242943184e-08
9.942569789700428e-08
1.6241887124124332e-07
7.98066110974105e-08
1.510916192160039e-08
303.5801086425781
440.4027099609375
1256.593994140625
6574.11962890625
15369.607421875
23864.68359375
26050.69921875
25938.234375
25405.83984375
23501.974609375
20250.384765625
17578.97265625
15177.9296875
13714.9462890625
14429.56640625
16941.140625
21618.517578125
26920.662109375
23797.087890625
14993.8095703125
3470.5625
0.18199892342090607
3.5862373071182674e-09
1.1646927333686108e-07
1.6861058327322098e-07
1.1939654598336347e-07
1.1902217877945986e-08
1.454764060326852e-07
275.50286865234375
970.1615600585938
3936.97021484375
16913.861328125
23849.5546875
26873.505859375
27183.17578125
24057.498046875
20389.474609375
14534.908203125
12066.841796875
8355.4248046875
6678.36279296875
6135.1435546875
8724.3115234375
11919.8798828125
19581.359375
24557.037109375
27770.443359375
19633.34765625
5838.3408203125
0.1630103588104248
2.2156312695642555e-07
6.254884965528618e-08
1.380098666459162e-07
7.885071795499243e-08
1.2536226279280527e-07
1.3084483896363963e-07
409.98419189453125
1655.89013671875
11092.705078125
22317.845703125
26659.6953125
27664.470703125
23765.2734375
17964.78515625
13979.998046875
9454.2763671875
6093.19921875
4011.851318359375
3570.339599609375
3019.447509765625
4607.65185546875
8243.7783203125
14653.44140625
22719.765625
27517.00390625
23285.83984375
9786.341796875
0.2131083607673645
5.7832401978430426e-08
6.482290615394959e-08
2.5152504523617836e-09
4.718578239248927e-08
7.9505376504585e-08
1.205677051530074e-07
714.5355224609375
7168.0986328125
19179.5390625
27166.51953125
28284.177734375
23197.875
16881.005859375
9691.30078125
6857.8486328125
4580.51904296875
2712.03076171875
2247.374267578125
1906.637451171875
1121.8111572265625
2081.748046875
5763.712890625
12124.232421875
21700.89453125
26928.958984375
23986.619140625
11302.4892578125
25.568500518798828
9.504707065843832e-08
6.52092708719465e-08
1.653149581670732e-07
1.0952355466997687e-07
7.494816145481309e-08
4.644529738584424e-08
1235.594970703125
13287.2236328125
25375.02734375
29264.55078125
24727.439453125
17561.56640625
10504.9892578125
4611.43701171875
3840.87646484375
2998.8779296875
2308.330810546875
1384.7396240234375
1156.50341796875
866.7944946289062
1289.5703125
5331.677734375
12016.09765625
21767.009765625
26445.134765625
24725.736328125
13105.287109375
22.501373291015625
6.10763279951243e-08
1.0679745088282289e-07
5.703500605136469e-08
6.531116980568186e-08
5.6742401000065e-08
4.9748294372875534e-08
2669.8583984375
18150.60546875
26808.197265625
26819.0
20998.57421875
12817.3369140625
6603.31201171875
3611.00830078125
2281.7197265625
1756.1661376953125
1731.7294921875
477.9403991699219
453.753662109375
552.1751098632812
1433.461181640625
5595.1328125
13577.3486328125
21533.37890625
25627.271484375
23531.5859375
12839.486328125
292.0489501953125
9.206474693712607e-09
1.557298787702166e-07
1.5574937606288586e-07
3.3648934305574585e-08
5.765698674053965e-08
4.6852804302943696e-08
4972.64111328125
24160.236328125
26891.83203125
25543.822265625
17670.875
9021.490234375
3491.61572265625
1811.532470703125
1482.566650390625
535.4608764648438
545.39697265625
478.54107666015625
456.3251037597656
725.5507202148438
2372.29443359375
7038.5478515625
16202.1396484375
22897.302734375
26319.837890625
22971.49609375
11134.78515625
181.62164306640625
1.6587094364695076e-07
6.67516886210251e-08
1.0307876152637618e-07
8.738091850091223e-08
5.4512039326937156e-08
8.473924708596314e-07
7140.2802734375
24234.294921875
26225.875
24584.1796875
14063.5712890625
7008.8828125
1680.4468994140625
568.1929931640625
665.6229248046875
388.39288330078125
363.37786865234375
490.598876953125
807.762939453125
1756.2615966796875
3943.6904296875
11199.1162109375
20864.158203125
26027.962890625
26436.412109375
19781.6171875
6630.13525390625
288.8807067871094
1.6497443411367385e-09
2.1841149333567955e-08
4.8185277989887254e-08
6.937629848380311e-08
1.8015938962889777e-07
8.155183195412974e-07
7970.6201171875
25010.859375
26731.498046875
21714.318359375
13765.4443359375
4604.0859375
1801.022705078125
1198.56005859375
636.005859375
846.251953125
1106.5333251953125
1251.0142822265625
2676.802001953125
4886.169921875
10765.236328125
19101.6015625
24915.677734375
26687.875
22980.4609375
12948.8447265625
3468.1689453125
247.6930389404297
1.4722095542651914e-08
1.1591871640348472e-07
1.0609649336856819e-07
1.1741338568072024e-07
1.1630413609964307e-07
8.765855454839766e-07
7091.09765625
25467.703125
26813.26171875
22487.96484375
14982.8466796875
8351.798828125
4818.33642578125
4347.9638671875
2492.20947265625
3681.53955078125
4086.328125
5624.90380859375
9197.328125
13758.0146484375
19086.74609375
24847.65625
25922.45703125
23830.59375
17204.416015625
7769.54150390625
1905.500732421875
320.9250183105469
1.49893736534068e-07
1.0998756039271029e-07
1.6543117453693412e-07
1.277292085433146e-07
1.704113117284578e-07
6.661517204520351e-07
6949.966796875
23079.92578125
27036.20703125
23159.033203125
18065.6171875
13252.2021484375
10225.13671875
7946.6865234375
8170.72900390625
7956.345703125
10595.4423828125
12331.169921875
17096.0234375
22394.7421875
25864.146484375
25529.775390625
24066.392578125
17641.7578125
9047.3642578125
3142.36474609375
839.5896606445312
322.9190673828125
1.7354926740154042e-07
5.768686861529204e-08
4.2983465675661137e-08
4.357396221621457e-08
9.275075818493406e-09
4.0909185372584034e-07
4577.912109375
17646.373046875
24859.255859375
25751.720703125
22590.1796875
20329.443359375
16447.357421875
16343.841796875
16795.234375
17699.978515625
18759.673828125
22243.716796875
24090.3125
24212.408203125
23632.9765625
22457.978515625
15890.05078125
8777.92578125
3843.2958984375
1334.5748291015625
456.73095703125
103.22119903564453
1.730782912545692e-07
1.1196900118193298e-07
4.854418378386072e-08
6.406170882655715e-08
1.2382599834381836e-07
2.6383426643405983e-07
1812.5621337890625
9610.8486328125
21501.13671875
25139.322265625
24335.673828125
24902.875
24618.345703125
23276.015625
23818.416015625
24187.78125
25258.72265625
24744.775390625
24316.57421875
22846.4375
19445.640625
12134.716796875
6906.32666015625
3143.20166015625
1431.001708984375
471.1385192871094
306.87445068359375
1.1991131998456694e-07
6.184929191022093e-08
1.5480483739338524e-07
2.6929691809840506e-09
4.013498156041351e-08
1.6814875891668635e-07
1.7073983826776384e-07
1003.101806640625
4600.71142578125
12082.5966796875
18375.583984375
21899.7890625
23104.1640625
22982.453125
23414.724609375
22909.0859375
23100.103515625
22631.896484375
20910.7109375
17708.259765625
13609.61328125
8061.71875
4994.314453125
2324.931884765625
1404.4718017578125
272.7911071777344
156.10470581054688
1.5408730291710526e-07
1.373299909346315e-07
1.4492781019725953e-07
1.8890514041913775e-08
9.4727539590167e-08
3.1401469868796994e-08
1.7436239829748956e-07
2.478285523466184e-07
114.01036834716797
1196.10302734375
3329.068359375
7304.96435546875
12012.9345703125
15912.9814453125
16174.8115234375
16465.517578125
16775.208984375
14827.61328125
12994.8525390625
10617.46484375
6937.0185546875
4849.2548828125
3137.43212890625
1328.88037109375
419.1146240234375
139.33409118652344
241.5013427734375
2.9108056409654637e-08
1.509426539314518e-07
1.496280646051673e-07
2.4489700933827407e-08
1.0700573227495624e-07
8.340757418068279e-09
1.2450910524819392e-08
5.190336693772224e-08
9.773178533123428e-08
154.50733947753906
114.40068817138672
993.9664306640625
2312.730712890625
3876.84716796875
6599.72265625
5609.3251953125
5216.021484375
5394.15625
4587.591796875
3893.245361328125
3101.749267578125
2025.9278564453125
947.3974609375
333.21685791015625
7.588781159029168e-08
8.625483616242491e-08
1.0962269669789748e-07
1.4423999061818904e-07
1.7212954617207288e-07
4.050221846796376e-08
1.5443207246335078e-07
1.210336932899736e-07
7.879484087425226e-08
1.2866472332007106e-07
3.9922827710370257e-08
1.109095606466326e-07
9.321279748064626e-09
6.849960954014023e-08
3.691119943027843e-08
1.0099009628561362e-08
2.310113984549389e-07
48.0686149597168
447.479736328125
313.94287109375
518.5731811523438
580.8524169921875
449.7161865234375
229.45884704589844
199.0627899169922
143.22450256347656
51.232444763183594
1.8005560775691265e-07
1.5371860229151935e-08
6.716683742524765e-08
1.5664163299788925e-07
5.189309248976315e-08
6.769341753809499e-10
1.785690386668648e-07
7.174085681072029e-08
5.350029042006099e-08
1.1564933544150335e-07
9.92358462070797e-09
5.606293651538863e-09
8.325670108888517e-08
1.1636822705440864e-07
1.3332594051007618e-07
7.961287451507815e-08
4.976439882398154e-08
1.4418571936403168e-07
9.19400520160707e-08
3.239104842123197e-07
4.903135391032265e-07
4.850266464018205e-07
4.285868158149242e-07
170.94369506835938
159.94435119628906
97.0213394165039
1.910409679339864e-07
1.1624513263086556e-07
1.1566603319579372e-07
1.139746359513083e-07
6.896107862530698e-08
3.92585306485671e-08
1.1879342309839558e-07
1.771980961962072e-08
1.0103594405563854e-07
8.088873215683634e-08
2.45355158412508e-09
1.8182191752202925e-08
8.462582457013923e-08
1.0186007415313725e-07
7.58535207978639e-08
1.3589374248113018e-07
4.1465355593572895e-08
1.6359592791559407e-07
9.285222546395744e-08
3.834981399108983e-08
9.039393233933879e-08
7.123375667106302e-08
2.0519949828212702e-07
3.166486521877232e-07
1.6096250021746528e-07
6.52246896493125e-08
8.226791692322877e-08
1.2507562985319964e-07
2.1273744721383991e-07
8.960243036426618e-08
1.778514047146018e-07
1.167902112797492e-07
7.168857507622306e-08
4.508892459398339e-08
1.1675504651975643e-07
7.909767063551953e-09
1.676996390642671e-07
1.6615420861398889e-07
1.1821655476751403e-07
1.5549292697869532e-07
