3.4454910036174624e-09
1.0733398170259534e-08
1.5383355034259694e-08
3.7013716536193897e-09
6.319411216537674e-09
4.098311912059671e-09
1.9009586793572453e-08
1.6976695604853376e-08
1.200861077244042e-09
1.4328481734438014e-09
1.5203180936396166e-08
6.669436558581765e-09
1.9080870217180745e-08
6.6039991253319386e-09
8.7009732752108e-09
1.8209680874292644e-08
1.699013291167617e-10
6.207979463823676e-09
1.2246641034607819e-08
1.461337895136694e-08
8.084975355870938e-09
5.500325528373651e-09
1.739383037602238e-08
4.558135646703931e-09
1.3129002773837328e-08
1.388497583576509e-08
1.2586848896489755e-08
1.1797193444351706e-08
1.9082833091488283e-08
5.999806873546731e-09
2.8476268010280137e-09
3.630867606574384e-09
1.119169112939744e-08
1.6065667907128045e-08
9.530291222858978e-09
1.2761441681163888e-08
1.1165706581550694e-08
1.0358611746141833e-09
1.0852818199680314e-08
6.781563310909178e-09
1.0254741944493162e-08
7.296569570769407e-09
1.1995649806806341e-08
1.8471093099492464e-08
1.49630512424892e-08
3.461103278978861e-11
2.522278164107661e-09
5.633857824705046e-09
1.1237063723967822e-08
6.2644280873769276e-09
4.364840933135383e-09
5.223106835927638e-09
3.769423884136813e-09
9.161885472508402e-09
1.035150898331949e-08
1.491806678188823e-08
1.5485388971114844e-08
1.170071417533336e-08
2.0837920278182764e-09
1.254424297769674e-08
1.3713621349609184e-08
5.763966193228498e-09
1.2199052434880286e-08
3.6134322201064606e-09
6.121299023220672e-09
2.676085131270156e-08
2.672166665718123e-08
1.7571231580859603e-08
1.930862048027393e-08
2.259290532435898e-10
5.405987479889518e-08
3.6934719105374825e-07
3.5049868074565893e-07
7.434318050059119e-09
0.607109785079956
3.356300115585327
10.961518287658691
105.01863098144531
108.96795654296875
134.1074676513672
1.7905044558119698e-08
1.3968201040270856e-09
1.006850780527202e-08
2.3281623295901e-09
1.0962177832141151e-08
8.65630500612724e-09
7.929076062396234e-09
3.356244102081796e-11
1.8888828279273184e-09
5.076098652523342e-09
9.773023279535664e-09
7.295720694244778e-10
6.900768312334549e-08
8.724799016590623e-08
7.585681061073046e-08
1.1422426382523554e-07
1.0183457987977818e-07
1.1602742944205602e-07
25.604103088378906
730.005126953125
1436.6475830078125
1305.556884765625
1365.95166015625
1231.92138671875
1080.1748046875
456.6720275878906
261.83673095703125
134.51895141601562
0.0002514507796149701
0.00011600778816500679
3.3025029377853343e-09
1.597421928067888e-08
1.184978426493899e-08
5.773097999650645e-09
6.271073882402334e-09
0.003935507033020258
1.0318933263420149e-08
9.912603182726798e-09
1.467596177917585e-08
4.6399083686310405e-08
2.6826984882354736
2.168225049972534
2.152458667755127
2.3047542572021484
126.75041961669922
1016.5880737304688
3187.826904296875
5378.720703125
7751.60791015625
10599.767578125
12062.7578125
11421.5908203125
8517.404296875
4651.4326171875
2084.656494140625
195.72518920898438
6.91454553604126
0.031400881707668304
4.8877573100014615e-09
1.8241327337520374e-09
6.085858927917798e-09
5.486235465923528e-09
7.089744347155147e-09
0.004451101180166006
0.0
147.40115356445312
42.860801696777344
28.62828826904297
58.63990020751953
4.229031562805176
4.382537841796875
445.0264587402344
1393.036865234375
3915.633056640625
6637.607421875
10761.072265625
16764.546875
20883.03515625
20978.81640625
20413.8046875
17072.203125
11227.064453125
4849.55126953125
446.1842041015625
30.29463768005371
0.01421720627695322
1.219601930557701e-08
9.803627243343271e-09
3.4291407491338077e-09
1.6874713182346568e-08
5.5191131664855675e-09
3.033710227473563e-10
99.24763488769531
0.0
0.0
2.2797541987529257e-07
70.43631744384766
26.22616195678711
294.9773254394531
1497.3662109375
5048.6376953125
10092.2314453125
15557.8125
20849.611328125
23121.93359375
25176.291015625
26325.8828125
24767.390625
23193.48828125
18207.962890625
12871.1962890625
3820.68359375
304.6260070800781
93.54901123046875
1.3388679498405054e-08
6.26006579906857e-09
5.861940710616409e-09
1.3356433292699421e-08
1.5126563113199154e-08
1.3217144712029949e-08
77.41541290283203
0.676232635974884
0.6819614768028259
0.0
0.0015695244073867798
487.2572326660156
1371.0963134765625
6080.58349609375
12022.3525390625
18129.3359375
23037.693359375
26854.28515625
26832.88671875
26914.75
27422.537109375
27066.845703125
25745.181640625
23498.3203125
17079.810546875
8405.431640625
2448.806884765625
458.42376708984375
1.0678346207271261e-08
1.6815370429412724e-08
4.976135947742932e-09
1.5510108752891938e-08
4.969957334566288e-09
1.5911895800968523e-08
1.6274324110554517e-08
0.0
0.0012376068625599146
3.4471917152404785
858.1196899414062
1320.5223388671875
5078.076171875
12662.662109375
20398.59375
24076.859375
26971.517578125
26502.685546875
26996.2265625
25558.3203125
23948.69921875
24147.130859375
26151.10546875
25197.154296875
20081.208984375
12036.9619140625
4035.013671875
480.1383056640625
1.3377867702502044e-08
1.1745340700031193e-08
6.27623775173447e-09
6.4948708633494334e-09
1.4777250534336872e-08
11.188207626342773
0.0
1.8608125174068846e-07
0.0031699480023235083
6.836864948272705
1131.643798828125
5239.23681640625
12256.8857421875
21344.923828125
24981.646484375
28276.970703125
26955.373046875
25008.43359375
21457.373046875
16971.10546875
17571.943359375
20224.802734375
23781.26171875
24719.9375
21081.412109375
13588.3154296875
4925.2470703125
1.1539006233215332
6.0711613514286e-07
5.4495039591984096e-09
1.5585500889869763e-08
6.335149627112457e-10
1.031313812127621e-09
45.62966537475586
6.360001236771495e-08
0.0022920137271285057
36.15557861328125
787.8721923828125
3476.179931640625
9564.455078125
21293.98046875
26891.041015625
29213.6875
26875.640625
23490.681640625
17513.61328125
11381.7802734375
7658.18408203125
9443.755859375
13937.7119140625
20996.75390625
24169.666015625
21902.818359375
14021.783203125
4884.18115234375
10.592238426208496
1.6038280037378172e-08
1.4000791637158727e-08
1.6697047300340273e-08
1.2251551773090341e-08
1.1909740749160846e-08
41.29962921142578
34.238887786865234
0.01096002385020256
559.8168334960938
3110.0859375
8557.5029296875
18831.1171875
26418.8125
28929.953125
26730.779296875
22523.38671875
14880.892578125
7728.8681640625
5145.80712890625
3680.052734375
7279.833984375
13588.3916015625
20662.73828125
23907.8203125
20948.345703125
15269.7861328125
4871.91455078125
34.889381408691406
3.2820308693004563e-09
3.7002374497774326e-09
1.5043834622474606e-08
1.9428258113407537e-08
154.869140625
43.46122360229492
34.03864288330078
153.107177734375
2302.3857421875
7765.70556640625
17696.568359375
25902.126953125
29123.537109375
28374.283203125
21911.630859375
13834.90625
7651.22509765625
3732.355224609375
2535.451171875
2767.15869140625
7757.07177734375
15240.8115234375
21146.126953125
24083.775390625
20468.650390625
11860.7978515625
3356.48828125
277.9827575683594
6.71518129991e-09
7.453850869865164e-09
7.24351423286862e-09
1.3488698158425905e-08
470.56219482421875
55.80723571777344
62.973628997802734
735.1741943359375
6329.1611328125
14843.8818359375
24841.23828125
29316.271484375
27795.16015625
23203.064453125
13371.064453125
5672.1318359375
3601.517333984375
2611.022705078125
2452.350341796875
4074.26220703125
8876.5654296875
17089.193359375
24235.396484375
24335.880859375
18075.93359375
9952.86328125
2602.089599609375
320.36224365234375
4.22632684404789e-09
5.206438835614335e-09
2.9112889876614645e-09
5.643098877072816e-09
1.9293439734724416e-08
29.35213279724121
178.92337036132812
3499.158447265625
11429.41796875
22833.796875
27969.818359375
28987.375
24153.427734375
14269.158203125
6272.72216796875
3021.12646484375
1932.9947509765625
3236.251953125
2918.808837890625
5574.76904296875
13134.1572265625
21227.73828125
26071.7890625
25744.197265625
16250.748046875
7707.03466796875
2248.342041015625
372.2078552246094
3.019607452969808e-09
7.212037189674447e-09
7.725438067041068e-09
1.0544125572664598e-08
1.7274832231350956e-08
28.602182388305664
1091.9608154296875
6933.998046875
18352.931640625
27072.173828125
28841.9921875
23873.609375
15838.35546875
7071.6708984375
3019.67236328125
1370.0928955078125
1712.5595703125
2238.00732421875
2180.5654296875
8669.1142578125
17769.609375
24863.74609375
27373.6953125
22791.25390625
12861.02734375
5065.7568359375
1430.1002197265625
300.67572021484375
1.3232385853712003e-08
1.5474549641680824e-08
1.556593609564061e-08
1.1722495862898086e-08
1.5427874089368743e-08
22.17285919189453
3100.123291015625
11346.3173828125
22040.75390625
27335.669921875
25380.21875
18582.78125
7750.326171875
2292.963623046875
912.3919677734375
868.0703735351562
1465.204833984375
3049.640380859375
6395.92626953125
14650.076171875
23338.40234375
27696.0546875
26565.80078125
17787.40625
7747.56396484375
2672.40771484375
1074.7320556640625
357.816650390625
8.245251592597924e-09
9.691856206472949e-10
7.779377142469457e-09
1.508884039935765e-08
3.543990878540626e-09
4.54887580871582
5212.00439453125
17727.11328125
26261.275390625
27198.52734375
22614.77734375
11678.9892578125
3610.109130859375
1240.1744384765625
1090.277099609375
1308.779296875
3402.734619140625
8402.7578125
14571.43359375
23003.2421875
28565.25390625
28702.478515625
22810.365234375
12301.10546875
4229.35693359375
1163.695556640625
254.64169311523438
0.004747442901134491
4.343608139834032e-09
3.1509626019499137e-09
1.6685604009580857e-08
1.874199018203626e-09
8.482161639733476e-09
33.00752258300781
8192.833984375
20834.802734375
27154.2734375
25641.09375
19770.734375
9053.083984375
2709.17236328125
2199.240234375
2822.86767578125
6339.34521484375
10962.83203125
18615.9375
25136.7109375
29924.453125
28373.611328125
22557.783203125
13521.7978515625
5633.529296875
1736.5963134765625
275.6853942871094
6.521662498926162e-08
1.758169432264367e-08
1.4574333739858503e-08
8.817426788709781e-09
1.0142176876115627e-08
1.7307476340988615e-08
1.4615643806337175e-08
68.32154846191406
9552.697265625
20758.42578125
27096.298828125
24852.375
19197.517578125
11354.3671875
8405.908203125
10704.4501953125
13219.1015625
16755.80078125
22409.4921875
26949.64453125
28924.837890625
28867.01953125
23156.8671875
13974.76953125
5708.19140625
1532.8017578125
51.71015930175781
0.001607482903636992
3.196850073550195e-08
1.812477634643983e-08
2.275412214203243e-08
1.0906359371176677e-08
1.0594416899323278e-08
3.0996873956468107e-09
1.8412762869957078e-08
85.91693115234375
7960.95947265625
19986.794921875
27043.439453125
26583.841796875
22766.2890625
18079.568359375
16193.8681640625
18909.99609375
24646.748046875
27049.0625
28356.392578125
28690.91796875
27237.908203125
21629.40625
12041.1630859375
4505.83984375
1000.1825561523438
40.33968734741211
0.13364796340465546
3.3512442111968994
3.643793533569806e-08
2.487020012154062e-08
2.6133291086694044e-08
1.409526539930539e-08
8.786885885569973e-09
4.57093474182102e-10
1.4414411886320977e-08
69.593017578125
5651.732421875
16688.26171875
25420.80859375
28548.255859375
28924.330078125
26767.412109375
26283.798828125
28416.23828125
29115.931640625
28077.4375
27206.41796875
24755.306640625
16390.845703125
9446.7060546875
2196.821044921875
683.2754516601562
27.57790756225586
26.739154815673828
4.939937591552734
7.378129482269287
1.509220193263161e-09
1.7960088527502194e-08
1.4466214004471567e-08
1.4008850968139086e-08
5.321086238296857e-09
9.341889928293767e-09
1.57665951405761e-08
73.66451263427734
2459.479248046875
11763.0322265625
19145.958984375
25279.314453125
28299.5234375
28515.892578125
28210.4140625
28015.796875
27039.5859375
24514.275390625
19040.017578125
12240.6923828125
4949.6845703125
1057.16455078125
384.3106384277344
12.011256217956543
47.12250900268555
3.4863436222076416
8.359167098999023
8.408992767333984
5.18723330955595e-09
1.1148765466373334e-08
5.240469391765146e-09
6.123186846451745e-09
1.483474765251458e-08
1.8963410397532243e-08
1.1797621546350001e-08
0.0
145.0004425048828
3379.1240234375
10253.5927734375
16312.18359375
20926.62109375
21556.328125
21319.806640625
19171.212890625
15138.7568359375
10329.8857421875
5161.296875
1898.9913330078125
434.1424255371094
146.101318359375
0.003266148502007127
2.852389335632324
2.4178273677825928
3.426396131515503
1.769492268562317
4.640155792236328
1.566406027109224e-08
1.622574252735376e-08
1.3679671617694567e-08
1.6471739527901264e-08
2.393550468937633e-09
1.0564114916178369e-08
2.8812536800870703e-09
1.4043664009477652e-08
5.8381781578063965
222.73678588867188
1240.8892822265625
2665.82080078125
3927.48583984375
4174.47705078125
4369.4453125
3168.3798828125
2181.09521484375
664.8645629882812
184.09312438964844
30.872106552124023
25.10080909729004
4.6691008037669235e-07
1.0647733716950825e-07
8.13158465007291e-08
3.630776390650681e-08
1.9860809885585695e-08
1.2364190560276711e-08
1.674787952765655e-08
9.257493438497022e-09
3.118530100820749e-09
9.257859479028241e-10
1.3225235129254997e-08
1.0745983658466685e-08
1.4243453527740257e-08
5.028846672416876e-09
8.931093642416954e-10
8.84571793591249e-09
1.438173402590337e-08
0.0
0.02196330949664116
19.115530014038086
36.71931457519531
36.263126373291016
31.185367584228516
59.295799255371094
112.13606262207031
47.14400863647461
1.611594711903308e-06
5.0831637565806886e-08
3.741640330900964e-09
2.132850518421492e-08
4.1938479355962954e-09
1.3014389566023965e-08
1.8269068036147473e-08
4.4055532555375976e-09
7.425071668620831e-09
1.2262556303710426e-08
1.6173684613818295e-08
1.390718740168495e-08
1.8192000794670093e-08
1.6367302180242405e-08
1.17003597921439e-08
1.0529067395737002e-08
1.5973279587910838e-08
1.5943026454579012e-08
4.30902069581407e-09
0.0
0.019773103296756744
0.013006052933633327
20.666215896606445
27.978347778320312
29.32961082458496
0.0
2.496923912076454e-08
1.710617070216358e-08
1.4651322821634949e-08
4.8630734994503655e-09
1.4074131193808626e-08
1.7477720604119895e-08
5.3416107093084975e-09
1.1948369404990444e-08
4.053581914575943e-09
6.079341918763248e-09
1.2102383983858545e-08
1.8673942392410936e-08
1.7544095953780925e-08
1.7104440530602005e-08
8.430046882779152e-09
1.3355586636620842e-09
1.434529051103084e-09
2.8514370864485272e-09
4.797250152677179e-09
1.6079685138947752e-08
3.777906876223369e-09
7.208966756877544e-09
5.799938751493983e-09
8.649001514982047e-10
1.2619565836757829e-08
3.579141871767888e-09
3.6957832350026365e-09
9.384624632957639e-09
9.91024040608579e-10
4.737355840944701e-09
9.632993958064162e-09
7.838907301049858e-09
1.1298298296935627e-08
7.862030138028331e-09
7.921314271186475e-09
1.1224722484826088e-08
1.2572020757772862e-08
3.0282099050538136e-09
8.92186324819022e-09
3.934483405743094e-09
1.0717522869185814e-08
1.4744311549463873e-08
1.4979625873046132e-10
