8.509045690274775e-10
5.73767366951472e-10
1.3080050931257858e-10
3.720172614407602e-09
5.79180037263427e-10
2.750175864818516e-09
7.798591217245132e-10
4.013647636469386e-09
2.847219571222581e-09
3.550610472302651e-09
3.888526833861761e-09
1.409796057671997e-09
3.1961435720262443e-09
4.293451705272844e-10
1.2439207441872213e-09
5.159651039754465e-10
4.178142276600738e-09
3.749160093491355e-09
3.0762001834716557e-09
5.559500082519264e-10
1.4575534112992727e-09
3.355076882982644e-09
3.1393416755065573e-09
4.074017123656404e-09
1.8932046208508524e-10
1.2716195874062919e-09
5.505781386361264e-10
3.674809345710628e-09
1.9300316900228154e-09
2.826626266383414e-09
1.7266005292171371e-09
3.3258114040535247e-09
2.9290059266884327e-09
2.0411272672049563e-09
2.359315243172233e-10
1.610018923736689e-10
9.300923364818914e-10
3.931024838976782e-09
1.2087122414072837e-09
2.562036804931722e-09
4.217603599698805e-09
4.753422100378657e-10
4.33016777989792e-09
1.4244165846832857e-09
1.1908882213695904e-10
8.759542535763387e-10
2.764176221248249e-09
3.4498714995834234e-10
3.607043830289314e-10
2.447357649870696e-09
2.762266415601289e-09
1.3077674498873648e-09
1.2658174508572984e-09
1.0602875244458687e-09
2.5692039606894923e-09
3.433476170044969e-09
1.008669592295064e-09
1.5562462429841162e-09
6.964952503629718e-10
2.6537374520074763e-09
3.7091954507850744e-10
6.113769490667664e-10
1.241682756614182e-09
2.8649149719228717e-09
3.531094749931185e-09
1.7946453212402957e-09
3.2824147844223717e-09
2.0967669822624657e-09
4.189634861262448e-09
2.5759478994302754e-09
7.46129060757994e-08
3.0291082975253403e-09
5.064902275364602e-09
3.3001397170551172e-09
1.1148547640615902e-09
2.0142443268866828e-09
3.7266492669552065e-10
1.279155670275145e-09
1.0416845164229471e-09
2.070033255918702e-09
6.301517641027488e-10
1.077223643619618e-09
3.490264188776848e-10
1.542348360139556e-09
2.2542960831373193e-09
3.0454714305960806e-09
2.6718454115837176e-09
4.800794206616388e-10
0.005193356890231371
86.13661193847656
57.434837341308594
0.0
4.492760830032694e-09
1.6624709386903191e-09
0.0008731713169254363
80.62240600585938
196.42144775390625
352.5951232910156
490.7641906738281
1066.053955078125
969.5726928710938
802.033935546875
304.27191162109375
3.112608283117879e-06
3.449300493230112e-06
1.5237408002022335e-09
1.1207804684332245e-09
1.4636948320045917e-09
1.1481009198899272e-10
3.912903889791153e-10
2.0877186646117707e-09
2.0143580137244044e-09
1.987059627950316e-09
3.6136789116625323e-09
3.837239859194597e-09
8.179086297133153e-10
0.0
0.0
94.59392547607422
0.7719854116439819
89.7779312133789
679.3138427734375
1422.375732421875
4397.8994140625
7534.1416015625
11376.2490234375
14276.474609375
15250.193359375
14209.8056640625
9898.82421875
4134.279296875
1645.6485595703125
744.0550537109375
649.6492309570312
101.8248062133789
4.140067400015823e-09
3.681920324183352e-09
1.8199037832289378e-09
3.1556346424821413e-09
1.771437108111229e-09
1.2829379225642867e-10
3.1047491244606817e-09
7.522013567573538e-10
2.6751989512519003e-09
1.1345971939746846e-09
1.750168121539275e-09
63.05720520019531
135.2565155029297
1180.4818115234375
2742.142822265625
6795.5546875
12552.9755859375
17886.28125
23952.6015625
27289.322265625
28064.203125
26815.537109375
21674.41015625
12844.7890625
6599.59814453125
1744.5882568359375
725.618896484375
585.799072265625
9.140466690063477
0.036594830453395844
1.8509154209311873e-09
1.0802023719946874e-09
1.8592151151963776e-09
2.871750393040884e-09
2.309742619388544e-09
1.5426587784972412e-09
1.7312061784124921e-09
39.97339630126953
1.757091183662851e-07
160.3380584716797
570.43896484375
3191.521484375
7327.9765625
13704.3251953125
22698.58984375
27068.525390625
29031.046875
30187.994140625
28920.740234375
30178.4140625
28158.63671875
21769.8046875
15667.779296875
7514.25927734375
1121.43408203125
741.4486694335938
201.1223907470703
5.966766357421875
3.1905902364570693e-09
2.9199782591859957e-09
1.7165631138738036e-09
4.0800509637506366e-09
5.0948543994788764e-11
2.2185500103688582e-09
3.5009155574527995e-09
17.961196899414062
147.12063598632812
775.9781494140625
2501.447998046875
5922.798828125
13021.4931640625
21371.73046875
27518.353515625
29080.3125
27057.294921875
25321.955078125
25737.158203125
27142.78515625
28276.2421875
28071.458984375
22539.177734375
14653.9033203125
4118.451171875
943.4559326171875
564.3202514648438
121.49321746826172
8.502579973423963e-09
2.548389277379215e-09
1.188678183661196e-10
3.0754567781343667e-09
3.680854510079712e-09
6.943060570918647e-10
1.7425780818314252e-09
64.08167266845703
348.5974426269531
1092.6378173828125
3322.92919921875
10048.94140625
19359.412109375
27291.0703125
29316.439453125
24800.462890625
20497.8125
18170.466796875
18841.396484375
20073.296875
24801.244140625
27381.91796875
27619.818359375
19948.78515625
11154.666015625
2449.813720703125
980.2852172851562
138.9043426513672
1.0423321761265925e-08
3.7176925982151943e-09
2.4008861565505413e-09
7.255906986358696e-10
8.364790110571008e-11
2.3153270412024085e-09
2.5210553644683387e-09
409.15625
607.0557250976562
1898.962158203125
6539.02490234375
14455.1171875
25650.609375
29219.666015625
26344.619140625
19399.017578125
14742.9638671875
12042.1650390625
12655.1767578125
13698.4013671875
17535.62890625
22677.646484375
28610.474609375
25189.00390625
16237.171875
6343.18896484375
1893.1363525390625
161.4657440185547
6.355501014354559e-09
4.1231426606280763e-10
2.8070441526750756e-09
1.1280436584826248e-09
3.245246071870156e-09
2.1371757696897475e-09
3.2116092008038777e-09
597.9788208007812
1291.658447265625
3321.6630859375
9040.595703125
20383.5
29001.609375
28855.796875
22641.8203125
15668.0751953125
9977.1279296875
6547.14599609375
5048.23583984375
8596.2529296875
11415.1611328125
18234.3828125
24712.119140625
27370.03125
21635.564453125
9086.4287109375
2160.661376953125
36.77450180053711
4.1533980699171025e-09
4.176583967563374e-09
1.7196860602197717e-09
1.2819283412568439e-09
3.361195988205168e-09
2.773580476400639e-09
1.1119380971535975e-09
432.9328308105469
2905.895263671875
4713.5615234375
13580.5625
23186.296875
29376.01171875
26494.79296875
18915.2890625
10656.8330078125
6044.61669921875
3592.219482421875
2734.6650390625
3498.540771484375
6572.73779296875
14329.830078125
23568.84375
28545.931640625
24875.330078125
12954.6044921875
3629.42724609375
263.4184875488281
1.2558021289521548e-09
2.668248066939327e-09
1.192428489282804e-09
2.4531350284462405e-09
3.93760712924518e-09
3.1924998200594246e-09
1.9019116836993533e-10
430.99676513671875
2252.5849609375
6505.82568359375
17698.974609375
27029.724609375
28227.376953125
22921.1875
13191.2431640625
6800.87255859375
2407.09716796875
1493.9700927734375
1352.457763671875
1349.77001953125
3487.374755859375
11229.955078125
21005.041015625
28191.009765625
26091.98828125
16403.1171875
5533.05126953125
259.276123046875
2.7677966585315517e-09
2.133813126192763e-09
2.361382422932934e-09
3.9388106110038734e-09
1.9139159146419615e-09
2.8976640531475084e-10
3.887442368011307e-09
265.3403015136719
2991.191162109375
8953.724609375
19316.232421875
29193.822265625
28283.57421875
19342.271484375
9226.1337890625
3348.204345703125
1927.3880615234375
1507.323486328125
1189.926025390625
1281.78955078125
2620.95263671875
8870.9462890625
18249.09375
27522.46875
28283.4765625
18577.1875
6012.4267578125
884.5579833984375
1.781458081495657e-06
6.259803231323247e-10
1.7198025226150548e-09
4.073061055098748e-10
1.92831550727135e-09
4.299135270002807e-09
3.4481177912937255e-09
603.7406616210938
3241.5517578125
11759.177734375
21827.93359375
30019.30078125
25414.0546875
16087.0458984375
6767.681640625
2756.877197265625
1714.594970703125
1501.6729736328125
781.05810546875
865.423583984375
1882.401611328125
7984.931640625
17010.513671875
27175.265625
29134.921875
19556.291015625
5913.92822265625
1619.3748779296875
0.0
3.91124643783769e-09
3.672599779847019e-09
2.282843025724901e-09
3.595254760568878e-09
3.4554579197987323e-09
4.172411749436833e-09
641.9100341796875
3155.875244140625
11870.31640625
24223.076171875
29895.720703125
25085.69921875
14323.927734375
5517.5185546875
1484.1414794921875
590.0147094726562
423.4930725097656
461.5440673828125
634.34326171875
2502.232421875
6252.71484375
17253.130859375
27253.154296875
28293.4453125
18925.990234375
6874.86376953125
1526.4296875
0.972008228302002
2.1111437042975467e-09
3.056734421136298e-09
4.041936563226045e-09
2.4692914379897957e-09
2.77409539783946e-09
2.5720030549791773e-09
433.8426818847656
3629.410888671875
12608.3583984375
24405.494140625
29314.4921875
23673.85546875
12333.205078125
3794.233154296875
798.016845703125
182.78817749023438
79.59491729736328
60.294246673583984
292.6040954589844
3325.8798828125
7995.25048828125
18721.41796875
27149.091796875
28102.0546875
17554.166015625
6042.8671875
1171.00439453125
3.3777951546909435e-09
4.470398273781484e-09
1.216495348899116e-09
3.8240601796246665e-09
4.198639214081368e-09
4.3047774234139524e-09
3.3050724379535268e-09
586.7113037109375
3693.13525390625
10942.1103515625
23920.455078125
28449.02734375
23738.455078125
12646.505859375
3602.171630859375
1523.1080322265625
835.5800170898438
451.6468811035156
730.6339721679688
2291.133056640625
5676.5693359375
12924.173828125
20815.275390625
27868.333984375
25998.376953125
14131.544921875
4452.9931640625
994.4382934570312
0.08740480244159698
5.1699364789215e-09
2.3814106242525668e-09
2.3360657852578015e-09
1.5766291605601168e-09
1.8345808205921799e-09
8.632411452325073e-10
606.9983520507812
2982.63818359375
10513.6484375
21833.275390625
28886.455078125
25103.111328125
13964.73828125
4588.224609375
2396.9736328125
1470.5814208984375
2440.30859375
3143.76025390625
6122.982421875
12017.60546875
18479.966796875
26433.69140625
28728.5703125
20515.5078125
11023.767578125
1885.412353515625
127.16146087646484
0.02959776297211647
5.334431563142061e-09
4.222085348004612e-09
3.8190455242670396e-09
1.1179016601303715e-09
4.217968196940092e-09
0.0005262806080281734
181.9136505126953
2343.360107421875
9347.291015625
20460.52734375
28189.150390625
28128.796875
19901.21484375
10809.134765625
6922.5068359375
5065.6455078125
5694.44189453125
8296.2421875
12102.5009765625
18410.953125
24039.5234375
29243.634765625
26384.408203125
16436.41796875
6217.71923828125
1262.1162109375
170.90061950683594
0.02624860405921936
1.6995834739574889e-09
1.7579369071540896e-09
3.691187799859108e-09
3.5129077424755906e-09
1.2691137030174104e-09
1.242846492388594e-09
82.69100189208984
1062.29052734375
6312.990234375
16528.779296875
25325.5078125
28822.162109375
25193.123046875
19290.78515625
14665.599609375
13561.5478515625
13527.216796875
15878.2685546875
19523.744140625
24443.921875
28427.466796875
27291.2265625
20507.783203125
9629.162109375
2499.763427734375
698.9310913085938
0.1000337228178978
2.9369229270770347e-09
3.6471947684191264e-09
1.9844526022438913e-09
7.097632481745109e-10
3.069051901505304e-09
1.4737706610645773e-09
6.712877365089298e-09
63.81402587890625
364.1815185546875
3388.920166015625
12087.826171875
21856.232421875
28346.30859375
29365.904296875
26766.744140625
23910.49609375
22038.53125
23345.833984375
26037.205078125
27917.7890625
29193.4375
27018.19140625
21124.228515625
12176.666015625
3359.65869140625
634.9461669921875
241.541259765625
67.40409088134766
1.5614783910322672e-09
75.43347930908203
2.513169672369031e-10
2.5023167982141103e-09
3.2637916813627044e-09
3.155066874427348e-09
5.581378026420225e-09
48.484771728515625
217.18722534179688
708.7349853515625
5448.01953125
15019.1083984375
21079.322265625
28161.85546875
30343.541015625
29681.166015625
30104.228515625
29394.087890625
29245.826171875
28978.1484375
24964.888671875
19003.91015625
10889.5146484375
3918.46533203125
1018.0909423828125
192.27288818359375
70.92644500732422
77.5292739868164
2.3862332110269335e-09
2.0387900256935154e-09
4.12911749236855e-09
4.285199750597712e-09
2.9412561275421467e-09
4.2509546993585445e-09
2.288165656949559e-09
9.7099027633667
52.02145767211914
123.80195617675781
833.6263427734375
4743.51611328125
12050.64453125
19065.677734375
23647.638671875
28218.55859375
28131.201171875
26926.361328125
24263.87109375
18182.86328125
13678.9013671875
7266.84716796875
2314.4580078125
451.9487609863281
103.91886901855469
70.85993957519531
55.1858024597168
2.4362469819294574e-09
1.2113837710714392e-09
3.104081436333672e-10
3.72696007389095e-09
2.943787213993687e-09
2.7198303609310415e-09
1.5411257825448388e-09
1.125889825814852e-09
3.976344142841981e-09
2.117499287024316e-09
23.82550811767578
14.864910125732422
1128.6571044921875
2524.199462890625
5166.75341796875
6721.11669921875
8486.255859375
9209.6455078125
8760.041015625
7063.35546875
4874.6044921875
1934.0792236328125
1089.68408203125
0.9956852793693542
2.814772637194096e-09
2.0209010020977303e-09
1.2167593321787962e-10
3.1500679842366708e-09
3.185067543043374e-09
1.4713289475665192e-09
1.2801584445276681e-11
9.035394654688389e-10
2.0010442192130995e-09
3.7663139274002333e-10
5.611018316642458e-10
2.5674178338874754e-09
3.221839017797379e-09
7.292942361125654e-10
1.9320136601663762e-09
5.21409670994899e-09
4.904487038714933e-09
5.995380636392156e-09
7.657146028350326e-09
3.856227337450946e-09
0.0008969101472757757
11.60319709777832
15.000750541687012
7.444830417633057
0.004939200822263956
6.870872759634494e-09
7.956255210217478e-09
2.8647226812950066e-09
1.6509048572643792e-09
1.722851528107583e-09
1.466047061526865e-09
4.049009572071327e-09
4.068863024286884e-09
9.7970687118476e-10
3.505410184345692e-09
1.4718428698046182e-09
3.956257543791253e-09
2.8920554839828583e-09
3.912684398699184e-09
3.5834197831263737e-09
1.9347101698485858e-09
3.122401226463012e-09
5.561602844927904e-10
4.5281020599752253e-10
1.988604142466599e-10
9.484402152537541e-10
4.384096696785633e-10
3.859802699679449e-09
2.3799990866990584e-09
3.5314067226011048e-09
1.1406259270430041e-09
2.793901332509563e-09
2.1818518103344786e-09
3.2167071228883515e-09
1.391686349494492e-10
3.2635669722225202e-09
1.7793855278114279e-09
2.9268976131646696e-09
3.352736088757524e-09
2.409719312979064e-09
1.3879277727113504e-09
2.2332520277501544e-09
4.268932762840905e-09
4.236488049258469e-09
5.067535835401316e-10
7.95168098033372e-10
1.336935229190317e-09
5.019200610689722e-10
2.521863384785661e-09
2.267566356906059e-09
1.779374758648089e-09
5.518001611193313e-10
1.7420592746120178e-09
2.2861532666951234e-09
1.7628606352459997e-09
4.1633643199645576e-09
1.4096054323786689e-09
1.394323545511611e-10
1.896389267841414e-09
1.7589073253443388e-10
3.424960981490699e-09
2.3133042148515415e-09
2.1543602457541056e-09
4.080821902618936e-09
2.3525719150541136e-09
1.222469014905414e-09
2.2839115043638003e-09
1.3299600309935045e-09
3.654692770638235e-09
1.0201532951725767e-09
3.3884606231993075e-09
4.205726433781365e-09
