2.0034788050793395e-08
1.1365796304119158e-08
6.129788232556166e-09
1.3534525500347172e-08
8.174342092104325e-09
1.8067364493390414e-08
1.32738593450199e-08
1.556030149174603e-08
1.3174366486623512e-08
5.085429410911502e-09
1.6720674622661136e-08
1.690578899093964e-09
2.0653375898405102e-08
9.687628477195176e-09
1.2761693035656663e-08
9.877215489950686e-09
1.28326087533992e-08
1.8649064514875136e-08
5.073839570712835e-09
1.5716411283506204e-08
6.307343980438418e-09
9.9499155581384e-09
7.1096462050945775e-09
2.5545157100737015e-09
1.3545212951271424e-08
1.7711743183213002e-08
3.369050372015181e-09
9.46411837787764e-09
1.3198024895189064e-09
1.0455034171741318e-08
1.4657512537041839e-08
5.223825261246873e-10
2.0863570870943704e-09
5.960906768187613e-10
4.462108904590423e-09
5.9878999536522315e-09
2.8675135599343093e-09
2.040304813988314e-08
2.0542561429692796e-08
1.2236541779842014e-09
6.476837288715842e-09
1.898909474107313e-08
1.982986930215702e-08
2.0955422286306202e-08
7.858384165615462e-09
1.0051133259025846e-08
1.1842063329936536e-08
1.1281544587404824e-09
1.7601397006572483e-09
9.720914739830278e-09
1.0601908240204239e-09
6.4201941540886764e-09
1.619149969656064e-08
2.978634006112202e-09
2.008944655074174e-08
1.0876185285724205e-08
6.651263428913978e-10
4.892562466274342e-10
1.8180198679829118e-08
2.724242165186297e-09
1.9905215253857023e-08
2.0678485590508444e-09
1.417135297998584e-08
5.723074014696294e-09
4.85995022003749e-09
9.456876171043405e-08
1.803288114388124e-07
2.2042438985181434e-08
1.9832787856444156e-08
1.2308908559077736e-08
5.7442299805643415e-09
1.861454634877191e-08
1.6631377164344485e-08
2.1098168545563567e-08
3.1002425071591233e-09
6.7135395021011846e-09
6.456370993390692e-09
2.2651450493071934e-08
4.6979335976971015e-09
9.296885039589142e-09
1.4321140717754588e-08
1.4513701351859254e-09
2.805777554737432e-10
1.2829688422755225e-08
8.452819777460263e-09
9.261747813127386e-09
1.0465032396211882e-08
9.360808794767195e-10
1.913043945478421e-08
1.5274647102714312e-09
3.869252029886638e-09
2.2543012789810746e-08
3.593585873318261e-08
1.8332664808440313e-07
252.79263305664062
304.9903869628906
2.019145561860114e-08
2.0894215246869408e-09
4.275498621808538e-09
1.1076512151930729e-07
1.5788249640991125e-07
1.225508867719327e-07
2.9876952023499825e-09
5.3954716250359525e-09
7.210080976705058e-09
2.191287151731558e-08
1.9899434988701614e-08
1.567068963481688e-08
1.5413611720305198e-08
1.8734535700559718e-08
1.8833908654869447e-08
7.663657264345147e-09
4.786073315443673e-09
1.0798922644994491e-08
1.5504518557918345e-08
54.883201599121094
38.334407806396484
36.83349609375
0.0
1.4466263564827386e-07
178.13987731933594
333.2654724121094
416.7846374511719
337.2697448730469
4.443518832886184e-07
5.059841328147741e-07
5.559432452173496e-07
13.924076080322266
16.177473068237305
4.074220782968041e-07
2.8916133487655316e-07
1.7539450425374525e-07
6.971355048790429e-08
5.0996316502960326e-08
3.824775518523893e-08
2.139813659596257e-08
1.859556419958608e-08
2.56161380995934e-09
1.7073540803380638e-08
2.7290507631505534e-09
6.659230056271781e-09
5.0234238990753965e-09
3.2751177325707204e-09
21.772254943847656
36.111515045166016
226.693359375
480.88885498046875
507.19378662109375
819.303955078125
1046.475830078125
808.5184936523438
696.5288696289062
437.02264404296875
184.15280151367188
182.82431030273438
66.44651794433594
33.86494064331055
11.418187141418457
0.4294438064098358
1.1835217037514667e-06
2.058259838122467e-07
9.314043580843645e-08
5.5093483553037004e-08
4.243491957822698e-08
3.5675384424393997e-08
7.003441382380515e-09
1.5333821323793018e-08
1.7107225858126185e-08
8.934262218929234e-09
1.8314976202304933e-08
328.5992431640625
22.806386947631836
102.90746307373047
791.3764038085938
1284.9705810546875
1905.69580078125
3467.983154296875
4433.8349609375
4839.77978515625
4323.0615234375
3271.931884765625
4421.3427734375
3509.320556640625
4169.54443359375
2814.31591796875
3073.736572265625
2202.2587890625
1324.94287109375
573.2008666992188
124.81958770751953
17.14991569519043
0.014040517620742321
1.9501189996162793e-08
1.916126990408884e-08
6.757785442346176e-09
8.12305955832926e-09
0.0018892372027039528
4.102215766906738
529.1983032226562
1521.2767333984375
3352.001708984375
4845.41650390625
8491.568359375
13246.474609375
17826.875
20585.388671875
20295.595703125
21048.6875
21183.6171875
21363.9765625
23329.912109375
24260.607421875
22717.28125
22013.6328125
17817.66015625
9961.6923828125
4017.640380859375
1629.510986328125
357.22381591796875
135.7869873046875
3.267373571702592e-08
3.734997022775133e-08
2.6989013690581487e-08
8.102627013784058e-09
0.004250143654644489
5.21917200088501
1443.59375
3613.82275390625
8074.39453125
14450.8974609375
20494.33203125
26519.068359375
34671.625
36222.2265625
36862.8671875
37461.234375
36967.0859375
37420.015625
36969.46875
37596.59375
37141.13671875
37165.609375
32141.4140625
24581.810546875
11953.6513671875
5810.80859375
1429.2373046875
835.4697875976562
49.44209671020508
2.6290795318573146e-08
1.4736073694621155e-08
5.2777533454673176e-09
0.0006592225981876254
1.8008719682693481
2271.80810546875
4884.4912109375
11724.4912109375
19719.908203125
27908.626953125
34199.10546875
38510.45703125
40043.640625
39500.5078125
39051.703125
38936.0859375
38705.859375
39419.5859375
39431.8203125
40485.45703125
41126.921875
38152.25390625
29768.416015625
17077.798828125
8862.47265625
2513.356689453125
841.2704467773438
54.878631591796875
2.813582611338461e-08
2.4447054158827086e-08
4.34811608940322e-09
9.825231295224057e-09
11.31518268585205
2037.9818115234375
5819.337890625
10488.0
17133.26171875
24172.4765625
32641.58203125
34196.22265625
34451.859375
33227.8203125
30190.42578125
27644.32421875
26555.796875
26237.505859375
30791.1171875
36091.77734375
41864.4140625
39255.5078125
29769.0234375
18311.53515625
9460.20703125
3541.369140625
888.0598754882812
0.010408032685518265
1.6792598422910032e-09
5.08765518603127e-09
9.051024374429062e-10
0.0010262029245495796
138.46470642089844
1278.7520751953125
3913.953125
7929.89599609375
9922.392578125
17434.4765625
24896.041015625
25472.994140625
24678.146484375
21728.6640625
17605.171875
17125.462890625
17068.1328125
16562.943359375
18838.08984375
27571.740234375
38818.23828125
38100.55078125
28780.947265625
15692.3408203125
8936.3056640625
2937.666748046875
151.2050018310547
2.703711986541748
1.61717732538591e-08
2.4120421215911847e-09
1.0424323626523346e-08
0.0012827662285417318
172.09732055664062
1011.6749877929688
2003.2462158203125
3965.834228515625
6390.84814453125
11312.1708984375
16462.888671875
16439.01953125
15705.42578125
13295.6162109375
9504.0654296875
7767.39697265625
6636.0615234375
7854.76806640625
13410.1044921875
25814.427734375
37862.23828125
38054.9453125
28195.458984375
14198.6962890625
7418.7314453125
1713.5284423828125
60.5654182434082
2.6333930492401123
5.290847315819747e-09
2.0960481350584814e-08
1.1139116296021712e-08
3.2905842495267734e-09
175.2911376953125
278.8319396972656
734.7144775390625
2377.249267578125
4354.48779296875
7561.119140625
9238.123046875
10193.1376953125
10392.8935546875
6954.07080078125
3688.0654296875
2641.836669921875
3095.08935546875
5379.51611328125
12875.7705078125
28995.21484375
41687.80859375
36219.06640625
24132.607421875
12206.009765625
5513.26904296875
945.487060546875
6.388035774230957
3.7152903079986572
1.4534307091196297e-08
1.520698944545984e-08
1.5443529122194377e-08
2.0796889543817088e-08
2.0754120200194848e-08
0.00018399949476588517
29.234182357788086
327.936767578125
1927.5556640625
4622.08447265625
6617.2802734375
6356.57177734375
5659.20703125
4906.1884765625
2973.638671875
2088.30712890625
2090.625732421875
4553.72705078125
15593.2529296875
32871.875
40506.13671875
36968.3203125
21297.505859375
11518.0029296875
3822.578857421875
899.1973876953125
264.35662841796875
80.193359375
1.1379925890508957e-09
1.3916471308661471e-09
1.799484117270822e-08
6.1934155581866435e-09
5.1784905252816316e-09
1.2901246293495205e-08
12.026427268981934
217.63192749023438
989.3775634765625
1882.3636474609375
3152.21923828125
3679.26611328125
3710.545166015625
2849.7431640625
2054.4287109375
1605.3934326171875
1954.6519775390625
6422.63720703125
22469.072265625
38806.59375
42152.9765625
34603.19140625
18387.470703125
9048.6201171875
2880.98681640625
610.4569702148438
500.46612548828125
120.9080810546875
0.0
1.961635298641795e-08
1.2954934902609239e-08
1.4286387184370142e-08
1.8578110161371342e-09
5.759521304327109e-09
5.8405656814575195
53.005252838134766
424.79571533203125
1499.28564453125
1749.9111328125
2144.069580078125
1968.2601318359375
1945.83154296875
1951.46142578125
2343.004150390625
3257.52490234375
10047.328125
30494.615234375
42982.84375
40595.65234375
29427.80078125
15131.7958984375
6760.4248046875
1759.5718994140625
781.4761962890625
660.2899169921875
275.54498291015625
36.064517974853516
1.647231329116039e-08
1.4903662304277532e-08
8.956654973246714e-09
3.7085375785827637
1.633853052851464e-08
1.6331044435501099
82.69165802001953
84.47124481201172
472.54656982421875
577.4229736328125
1003.3317260742188
1752.9625244140625
2134.5751953125
2844.55615234375
3427.413330078125
4176.61328125
16455.525390625
33598.96875
42682.265625
40070.890625
23962.830078125
10631.767578125
2843.234375
1071.9954833984375
638.7245483398438
360.8290100097656
155.72129821777344
98.26203155517578
3.9572123355924305e-09
6.4471050720271705e-09
9.131993494726487e-10
5.58539342880249
4.210661597170429e-09
4.233173847198486
3.439920425415039
78.65974426269531
241.45578002929688
178.53904724121094
815.131103515625
2215.6005859375
2426.7890625
2885.848876953125
3123.538818359375
6911.95263671875
23731.28515625
39296.64453125
43543.265625
38145.3515625
18853.013671875
7072.52197265625
1806.3812255859375
932.8627319335938
420.6377868652344
440.29949951171875
233.11656188964844
241.68556213378906
1.9105460324908563e-08
4.9349750952387694e-09
1.4985003238265904e-09
1.271819360937343e-08
1.7342891567295737e-08
9.134410561273398e-09
1.7227556270427158e-08
7.490154985134723e-08
0.10998065024614334
21.226877212524414
316.6858825683594
819.9528198242188
1643.5128173828125
2245.388671875
3465.194580078125
10626.9677734375
28091.912109375
42911.25
43077.30859375
32809.23828125
12944.583984375
2677.115966796875
1478.3134765625
484.8636169433594
90.92770385742188
58.384944915771484
1.5667173862457275
4.608705861386397e-09
2.048615854732816e-08
1.6829945437280003e-08
1.8804984236453492e-08
1.4596897912610984e-08
1.1161864321707071e-08
1.1742686822913129e-08
1.8669831902684564e-08
2.556778907775879
0.2613547444343567
0.6146441698074341
32.96051025390625
240.37120056152344
771.5771484375
1323.4820556640625
4148.1806640625
13800.0244140625
31401.263671875
43888.88671875
41787.44140625
26884.283203125
9890.728515625
1789.4771728515625
553.906982421875
146.3441619873047
3.640451669692993
0.8090596199035645
2.0117251873016357
1.8333519591351433e-08
1.988499320759729e-08
2.0115326293534963e-08
2.390106335070641e-09
1.0613448786500612e-08
1.6615375741935168e-08
9.789408395022292e-09
1.9476537715945597e-08
1.9682917594909668
0.6247025728225708
0.7104772925376892
16.186798095703125
262.57391357421875
651.459228515625
2536.40771484375
8897.126953125
19230.880859375
36128.8046875
41915.50390625
36435.85546875
18388.859375
5358.466796875
1861.3966064453125
562.030029296875
51.68977737426758
53.801124572753906
49.8304443359375
26.150117874145508
0.0
7.632583454153519e-10
1.2125714654587227e-08
9.823967417332824e-09
7.785447841968107e-09
8.6178051361685e-09
5.444624306960577e-09
4.445527945762251e-09
2.6175555944973894e-08
6.743186276025881e-08
0.5310212969779968
30.581697463989258
327.8768310546875
906.3594970703125
4138.5849609375
11726.291015625
23172.326171875
37039.9140625
43383.80078125
29870.33984375
16150.423828125
4761.7548828125
1244.4044189453125
550.6773071289062
150.10757446289062
170.3963623046875
74.56362915039062
140.78158569335938
88.49405670166016
1.7912082483917402e-08
6.524931150941882e-10
1.666731819227607e-08
1.1689299306283374e-08
1.8145767555211023e-08
5.451110673959647e-09
1.1883939504623413
5.194096088409424
5.126613140106201
4.763985633850098
24.007801055908203
603.3947143554688
2236.74853515625
6886.6337890625
13653.8271484375
24549.794921875
36615.72265625
38770.80859375
23572.54296875
12579.56640625
3114.494140625
1650.17333984375
554.0570068359375
247.74607849121094
208.8297576904297
142.48773193359375
141.56959533691406
149.3218231201172
1.3798129749886812e-08
1.8014793212728364e-08
7.756587372398371e-09
7.748055530498732e-09
1.3948349142367533e-08
3.144984722137451
5.402337074279785
4.870847702026367
3.5755279064178467
5.670581340789795
631.8942260742188
668.1292114257812
2340.53857421875
8277.546875
15771.4267578125
26176.8359375
36473.67578125
33840.14453125
21123.853515625
10277.5634765625
3346.474365234375
1356.0859375
541.4716186523438
47.64516830444336
15.000019073486328
122.427490234375
87.11639404296875
30.56743049621582
1.2711273811305546e-08
1.9548565433069598e-08
1.1482826245412525e-08
1.299518004316269e-08
1.5506051553870748e-08
2.6592721358298377e-09
8.323716542690818e-07
6.594726073672064e-06
7.295896466530394e-06
2.5626213550567627
511.23638916015625
874.1605834960938
2113.83056640625
8339.9208984375
16384.49609375
25909.7265625
31654.453125
27698.775390625
17885.06640625
8203.392578125
2691.101806640625
1256.1097412109375
529.8983764648438
187.63185119628906
36.31474685668945
4.396498680114746
1.60267972946167
5.038131689616421e-09
1.4246123392069876e-08
4.831857580711585e-09
5.4983120278961906e-09
1.921837800011872e-08
2.4780233420784725e-10
1.2514234093430332e-08
1.272535854468515e-08
1.1474454275628432e-08
2.836765133906738e-08
4.133735131972571e-08
21.68202781677246
701.5087280273438
1375.1368408203125
4903.53173828125
11276.8271484375
17732.064453125
23611.216796875
18604.71484375
10716.048828125
4683.287109375
1645.4373779296875
698.5218505859375
56.58668518066406
0.0006152488058432937
1.4006731774429682e-08
1.379860936623345e-08
4.394671848650944e-10
5.1167807768592866e-09
4.795075003727334e-09
6.484890957558775e-10
1.3874676518810247e-08
5.207185793665303e-09
9.591495597760513e-09
1.0101661729322586e-08
4.669500341947241e-09
1.4839003803501782e-08
1.5174453693589385e-08
2.2794145237980956e-08
1.8745263814926147
94.31124877929688
584.1327514648438
616.162109375
1818.6124267578125
2761.759033203125
4650.58251953125
3275.144775390625
2521.983642578125
642.5121459960938
319.26129150390625
217.76693725585938
9.734483441548036e-09
7.675215130120705e-09
9.901308217763471e-09
5.531458402430189e-09
1.3796238595986665e-09
1.1748837458469552e-08
5.711696449139936e-09
1.772712465708537e-08
