8.875276193975878e-07
6.374689291988034e-07
2.257893072510342e-07
1.6782922784841503e-07
5.208964353187184e-07
2.455128651490668e-07
1.0393445109002641e-06
2.901028892665636e-07
3.1258483090823574e-07
2.8271688279346563e-07
8.790342462816625e-07
6.427010248444276e-07
1.0895624882323318e-06
2.5174674078698445e-07
6.54740745176241e-07
6.028553798387293e-07
6.616882615162467e-07
8.285651347250678e-07
9.341879092517047e-08
1.3523565201012389e-07
2.1094203361826658e-07
5.938824187978753e-07
8.001765650078596e-07
7.661589620511222e-07
1.710208863414664e-07
8.696111990502686e-07
9.748386275987286e-08
4.3624325485325244e-07
3.2444916087115416e-08
3.0193351108209754e-07
1.0158668146686978e-06
3.476329482055007e-07
2.6847109779737366e-07
7.971697186803794e-07
8.714705472812057e-07
9.319296623289119e-07
1.1385864127078094e-06
3.092813756211399e-07
1.0510625543247443e-06
6.789028930143104e-07
8.418926711328822e-08
3.1404675837620744e-07
5.141390033713833e-07
4.727493490008783e-07
3.1102925390769087e-07
3.438946691858291e-07
6.598594382012379e-07
4.2237593333993573e-07
9.675105729911593e-07
7.566990234408877e-07
1.017734234665113e-06
6.036539730303048e-07
1.1325913646942354e-06
1.1403459438952268e-06
3.311988336918148e-07
9.776316574061639e-07
2.143546282695752e-07
2.8535950491459516e-07
6.533943608388881e-09
2.1465493205141684e-07
1.875566795206396e-07
7.265400085998408e-07
9.643133580539143e-07
3.3825241985141474e-07
3.364690428497852e-07
5.517569547919265e-07
4.534521451660112e-07
7.414763558699633e-07
4.746488535545268e-09
1.1942961464228574e-07
1.1681419920250846e-07
1.9910025628178118e-07
1.312911876993894e-07
8.977670518106606e-07
1.4394804281891993e-07
1.0655536186732206e-07
1.0277855153617566e-06
4.571020042476448e-07
8.559175057598623e-07
1.0045832823379897e-06
1.0912108336924575e-06
8.247542382378015e-08
2.594562147351098e-07
1.4374541024153586e-07
7.334119800361805e-08
9.868182360150968e-07
5.862419811819564e-07
5.789887040918984e-07
5.639979008265072e-07
7.740853789073299e-07
9.716127635783778e-08
5.889963858862757e-07
9.827704161580186e-07
1.0920217619059258e-06
2.07362927540089e-06
2.038002548943041e-06
2.8104386728955433e-06
3.2094328616949497e-06
3.054937906199484e-06
2.3341792712017195e-06
235.5123748779297
320.9749755859375
45.87858200073242
55.47586441040039
50.70368194580078
48.2308235168457
7.972496032714844
2.8902019266752177e-07
7.617862252118357e-07
1.2346488631465036e-07
7.815346521056199e-07
8.063653353929112e-07
3.995555530877937e-08
1.0161076033909922e-06
8.214813647100527e-07
1.572412600125972e-07
2.8476756597228814e-07
1.6481058651152125e-07
1.1860756785608828e-06
1.4962688510422595e-06
1.1372072776794084e-06
7.6828131675720215
269.54510498046875
408.4113464355469
1272.4554443359375
2616.0615234375
3498.133056640625
4022.860595703125
4324.81201171875
4364.48779296875
2698.929931640625
1478.71337890625
442.3119201660156
48.409278869628906
50.70368194580078
1.8858490591355803e-07
8.871431873558322e-07
7.087460289767478e-07
9.11586042207091e-08
2.178918023787446e-08
1.8690450076519483e-08
2.4991967961796036e-07
9.93875801214017e-07
8.968197562353453e-07
1.2247004121945793e-07
9.625468919693958e-07
11.755806922912598
24.77863311767578
411.1934509277344
1899.53857421875
4026.296875
9682.2548828125
18159.666015625
23361.416015625
27084.140625
27671.533203125
26465.822265625
24099.625
17736.5234375
11713.01171875
7505.27978515625
2977.841064453125
1590.2110595703125
592.1753540039062
116.29774475097656
345.3733825683594
349.2739562988281
5.041370059188921e-07
4.0957058899948606e-07
1.7622321024646226e-07
6.779042109883449e-07
2.4234685724877636e-07
4.508338451385498
22.9627628326416
140.2082977294922
723.5284423828125
3370.847900390625
7901.6201171875
14997.6962890625
26200.052734375
30038.265625
32681.60546875
33785.25390625
32081.365234375
32006.025390625
29507.333984375
26464.314453125
20901.234375
12286.2568359375
6884.31201171875
4007.251708984375
1504.677978515625
1047.211181640625
597.407958984375
404.6694030761719
1.1050493640141212e-06
9.92998138826806e-07
8.647704703435011e-07
4.79586390156328e-07
0.0
121.66685485839844
212.53451538085938
629.6876220703125
3172.550537109375
8069.619140625
16677.17578125
25920.216796875
31901.654296875
31836.42578125
30149.771484375
26989.50390625
26078.787109375
24823.876953125
25381.23828125
27534.3828125
26181.990234375
20095.828125
11974.2109375
6555.67578125
1997.42138671875
939.772216796875
453.80279541015625
408.2296142578125
1.1193537829967681e-06
4.080403641637531e-07
4.115549074867886e-07
6.716366556247522e-07
5.982069969177246
175.30859375
199.3295440673828
1446.228515625
5879.99609375
13230.5947265625
22550.412109375
30321.97265625
29481.9609375
24828.19140625
19830.3046875
14796.939453125
12533.6767578125
14055.703125
18648.6640625
25081.109375
28038.806640625
22148.130859375
14378.404296875
9839.458984375
4643.419921875
1507.3375244140625
867.1471557617188
1.1915850639343262
3.092045233188401e-07
1.9870600453941734e-07
1.0963087504478608e-07
5.850805564477923e-07
5.586254119873047
165.46609497070312
559.9205322265625
2813.75341796875
6481.92822265625
14818.208984375
23131.7578125
29409.63671875
25699.873046875
17268.79296875
10450.16015625
6184.23291015625
6119.033203125
9295.478515625
17588.201171875
24440.8046875
27125.1640625
22507.57421875
13330.0380859375
9390.0361328125
3743.2724609375
1104.1751708984375
831.6803588867188
37.92089080810547
2.9883074148528976e-07
5.8580386763651404e-08
9.191539902531076e-07
1.1274960343143903e-06
5.297109603881836
30.67313003540039
1508.419921875
3123.073974609375
7530.8583984375
13880.8095703125
21672.888671875
27120.7265625
22666.091796875
14236.4931640625
6096.6669921875
5155.59765625
5710.3466796875
11613.0751953125
20467.369140625
26577.88671875
26174.30859375
19371.48046875
12756.2978515625
6615.767578125
2428.027587890625
1156.9793701171875
1090.095947265625
130.26803588867188
5.653946004713362e-07
7.119866722860024e-07
8.620984885965299e-07
8.10181745691807e-07
0.1445590704679489
142.70071411132812
888.4912109375
2877.51513671875
6717.302734375
11753.5703125
17504.849609375
25041.466796875
22002.708984375
16589.029296875
10407.2685546875
6557.8076171875
12142.94140625
20265.5078125
25252.947265625
27559.208984375
23363.44921875
15498.0107421875
8988.732421875
4621.328125
2227.128173828125
1048.731201171875
851.8339233398438
427.0857849121094
4.2780118292284897e-07
9.132262448474648e-07
1.0162118257994734e-07
1.000532392936293e-06
7.658384220121661e-07
155.9558563232422
718.2456665039062
2317.491455078125
3841.049072265625
9159.8603515625
16004.4638671875
20806.306640625
24657.15625
22615.80859375
19455.939453125
17668.974609375
20602.8984375
27015.404296875
28761.169921875
25402.912109375
16581.85546875
9250.2138671875
6548.923828125
2046.830322265625
893.2630004882812
808.5463256835938
665.2774658203125
254.1436004638672
5.234446120994107e-07
1.077647084457567e-06
7.91263610189219e-10
7.285112815225148e-07
3.5020440236621653e-07
228.49037170410156
246.58062744140625
949.3448486328125
1884.56591796875
5459.099609375
9832.48046875
17955.59765625
24155.41015625
27616.17578125
29338.58203125
28074.724609375
30415.2109375
30440.17578125
26616.611328125
18351.87109375
9987.515625
3761.723876953125
1425.565185546875
699.8507690429688
708.2501831054688
311.479248046875
1.1293189317029828e-07
1.094236381504743e-06
4.4937533516531403e-07
7.518738129874691e-07
2.956429341338662e-07
1.3824111988469667e-07
2.138319956657142e-07
7.919222611008081e-08
218.27279663085938
299.87799072265625
900.45703125
2176.9384765625
5765.6884765625
12812.130859375
20248.01171875
29044.099609375
32622.099609375
33746.703125
32373.17578125
30815.318359375
21113.896484375
10560.201171875
4559.49951171875
1823.9444580078125
823.6546630859375
228.3219451904297
1.69660222530365
0.19409510493278503
0.0
1.8616779229319036e-08
4.90420347887266e-07
3.581383225537138e-07
9.48396802868956e-07
3.251028033446346e-07
5.541091923078056e-07
1.1279532827757066e-06
4.603555679321289
6.069210529327393
506.4271240234375
1467.10986328125
3814.24365234375
9820.9208984375
22057.5078125
30147.453125
33219.09765625
32479.296875
31433.99609375
28549.177734375
19970.90234375
7003.63330078125
2883.874267578125
825.03125
1.1771692037582397
0.0
0.0
0.19375401735305786
0.0
8.081897249212489e-06
5.08598191117926e-07
4.2028946722894034e-07
8.177841550605081e-07
1.0892430424291888e-07
3.1657083354730275e-07
3.405405095691094e-07
5.08116340637207
9.62786865234375
30.180437088012695
1464.230224609375
5335.392578125
13597.546875
23737.71484375
31026.865234375
31640.328125
28109.65234375
29835.275390625
28581.232421875
21605.6328125
10757.8212890625
3694.34912109375
898.9143676757812
85.91869354248047
11.657258033752441
0.11953961104154587
0.15662680566310883
0.0
7.059717518131947e-06
6.025111360941082e-07
2.936778571438481e-07
8.327112936967751e-07
3.31226715388766e-07
8.410418104176642e-07
2.9009196758270264
5.9140849113464355
12.448582649230957
693.39013671875
2372.316162109375
9260.140625
21340.259765625
28575.05078125
28482.837890625
24171.07421875
20223.51953125
22659.49609375
27029.884765625
25770.921875
15334.2666015625
6581.6884765625
2093.86669921875
229.49066162109375
124.31401824951172
163.53749084472656
139.6895751953125
0.0
3.757470068421753e-08
1.0858758514586953e-06
3.760817151032825e-07
9.975515240512323e-07
7.951302904984914e-07
1.1822427836705174e-07
4.388102054595947
42.807594299316406
250.43692016601562
1766.6962890625
5061.62744140625
15954.4111328125
27382.623046875
28535.095703125
24072.33984375
13631.8193359375
11415.3525390625
17167.712890625
23156.193359375
26828.712890625
21797.97265625
9608.310546875
2673.332275390625
460.9288635253906
286.79132080078125
216.8619842529297
172.3066864013672
1.9370693493669933e-08
6.23468565663643e-07
3.6601317532358735e-08
8.990722903945425e-07
8.344168804796936e-07
2.9895232955823303e-07
1.1177825172126177e-06
1.8191068172454834
82.35537719726562
521.4608764648438
2252.015869140625
8288.5556640625
20947.73046875
28753.15234375
27259.134765625
17286.357421875
7655.0126953125
5375.59326171875
11885.26171875
23104.576171875
28497.005859375
22794.22265625
12455.7978515625
4776.59716796875
769.0143432617188
498.3529052734375
240.77151489257812
51.83937454223633
4.978736569682951e-07
8.091699896795035e-07
1.3301165324719477e-07
5.761642682955426e-07
2.3736484422443027e-07
2.8692736009361397e-07
2.456600327604974e-07
6.980572209158709e-08
92.47442626953125
707.67431640625
3247.4453125
10232.11328125
23595.841796875
29877.37109375
24577.197265625
13749.662109375
5846.21484375
6482.80712890625
14048.6240234375
24828.072265625
29384.13671875
21359.4453125
12658.119140625
4878.15673828125
1628.739990234375
325.5455322265625
121.3195571899414
0.00010785491031128913
6.426312666008016e-06
3.8821249859211093e-07
6.294347940638545e-07
2.322578609437187e-07
2.3338115795468184e-07
6.340958975670219e-07
7.097099228303705e-07
4.824715347240272e-07
14.04401969909668
934.0032958984375
2749.797607421875
10381.896484375
24723.5859375
30181.669921875
24699.267578125
16528.80078125
13677.1279296875
14549.9453125
22466.615234375
28778.962890625
30120.109375
19890.072265625
10214.2333984375
4050.065673828125
1355.5238037109375
178.2338409423828
147.4725341796875
23.00893211364746
0.0001652358187129721
1.1129543509014184e-06
7.472983156731061e-07
3.5574441881180974e-07
2.0677605050423153e-07
1.0068517894978868e-06
1.2348911582193978e-07
0.10620030015707016
0.17783905565738678
940.3817138671875
2440.691162109375
7999.87109375
20781.884765625
30289.615234375
30154.431640625
25785.1640625
25131.435546875
27213.1953125
30915.099609375
31570.69140625
25634.705078125
15116.05859375
6737.521484375
2321.489501953125
625.3804931640625
50.87525177001953
44.83515167236328
29.971704483032227
0.0
8.69213693022175e-07
1.1259130587859545e-06
1.1357367384334793e-06
7.273663413798204e-07
1.0193328989771544e-06
0.11095305532217026
0.20514342188835144
0.16128404438495636
349.85064697265625
1853.4322509765625
5823.96923828125
15530.89453125
25222.009765625
30848.97265625
32773.953125
32748.958984375
32611.650390625
31514.947265625
25823.76953125
16031.69140625
7387.8203125
2650.4931640625
662.275146484375
46.553646087646484
0.18666957318782806
5.053898348705843e-07
0.15944014489650726
9.589407454768661e-07
9.648834975450882e-07
1.3505058404916781e-08
5.886835197088658e-08
5.038825179326523e-07
1.0550802471698262e-06
0.15382249653339386
0.21685722470283508
0.1820979118347168
531.862548828125
834.9317626953125
2262.34326171875
7236.07568359375
13553.85546875
21912.58984375
25792.0078125
26614.453125
23101.3046875
18389.984375
11815.8916015625
5976.052734375
2000.51611328125
609.7318725585938
73.2222671508789
2.0673167000495596e-06
0.1436387598514557
4.935528181704285e-07
8.794154382485431e-07
1.6584336037794856e-07
9.272923193748284e-07
4.7654069135205646e-07
4.3184633113924065e-07
1.0362937175045772e-08
7.94927871083928e-07
4.999211569156614e-07
4.065618668391835e-07
3.0709642828696815e-07
340.9901428222656
374.6629943847656
379.4071044921875
904.8685302734375
891.9140625
1826.9857177734375
2167.44189453125
2426.3564453125
2112.573974609375
1978.343994140625
1430.0592041015625
218.5150604248047
0.18615446984767914
0.07881651073694229
8.07373737643502e-07
5.506726665771566e-07
3.0572365972147963e-07
1.2036377938784426e-07
7.956325589475455e-07
1.0403413170934073e-06
1.0219747537121293e-06
9.895821051486564e-08
2.2115839826142292e-08
8.071284582911176e-07
1.098481902772619e-06
1.6392029067446856e-07
4.4721429048877326e-07
5.440517725219252e-07
7.301114237634465e-07
1.0554648497418384e-06
3.5153044564140146e-07
8.62715126004332e-07
1.551929358356574e-07
6.343335030578601e-07
0.03271392360329628
0.052174706012010574
0.020175766199827194
6.467433308898762e-07
7.259797030201298e-07
1.1390109193598619e-06
6.286193752202962e-07
1.144298309441183e-07
6.691085445709177e-07
1.2482662725687987e-07
5.215018745730049e-07
4.1676520368127967e-07
9.874835313894437e-07
3.1896917107587797e-07
2.9460917971846357e-07
6.860415169285261e-08
3.277972098203463e-07
3.322323323118326e-07
8.28210147574282e-07
3.343510002196126e-08
4.658543559799e-07
1.0762275906017749e-06
6.545262749568792e-07
5.355008170226938e-07
7.515381525990961e-07
3.763073834761599e-07
1.7506613403384108e-07
8.77457694059558e-07
2.896918545047811e-07
1.9670211770517199e-07
8.411203680225299e-07
4.5996833364370104e-07
1.30584552948676e-07
6.104812655394198e-07
2.5310848172921396e-07
1.127572090808826e-06
6.359370559039235e-07
1.5544920017873665e-08
9.838147434493294e-07
8.214213380597357e-07
1.282467110286234e-07
6.244899282137339e-07
8.49589753215696e-07
2.032349897262975e-07
