1.1751721729069686e-07
1.9821833063815575e-07
1.5630622840490105e-07
2.275159829423501e-07
2.078545335848503e-08
2.0370063680275052e-07
1.5784857509970607e-07
1.123381032641646e-08
6.609099045817857e-08
2.2205362881777546e-07
3.569039819240061e-08
1.412042678339276e-07
1.972204870526184e-07
2.226406365934963e-07
5.696442428870796e-08
1.3197420400956617e-07
1.3028461864905694e-07
1.8200647389221558e-07
2.2004955724241881e-07
9.18109606118378e-08
2.169879707025757e-07
4.763525396356272e-08
2.267722720716847e-07
7.310540439675606e-08
1.6226906041083566e-07
6.761118243048259e-08
1.7778340577478957e-07
2.0897331864944135e-07
1.854233921960713e-08
1.243699898623163e-07
1.1252744513967627e-07
5.407106229426972e-08
1.3033930201800104e-07
1.8146285185594024e-07
1.9394776984427153e-07
2.0405215650498576e-07
1.4808396997523232e-07
1.575937744746625e-07
3.234565681964341e-08
6.29855705369664e-08
1.993191887095236e-07
9.76474368030722e-08
2.2078194206187618e-07
1.562584230896391e-07
5.664884561440431e-09
1.9810828177924122e-07
1.8582910854547663e-07
1.3862695880106912e-07
9.241794174386087e-08
6.922238071638276e-08
1.4535949333094322e-07
2.136746672931622e-07
9.008665813325933e-09
1.494860555339983e-07
1.232705812981294e-07
1.1994254123237624e-07
2.5139559767239916e-08
1.957022561782651e-07
2.1246411563424772e-07
5.170522232589292e-09
1.8020864445134066e-07
2.0808893452795019e-07
3.161682826657852e-08
7.672591806340279e-08
1.6711058492546726e-07
1.6933529423113214e-07
1.0112944437423721e-07
6.387518425299277e-08
1.1267051291952157e-07
6.804382337577408e-07
1.0143770623471937e-06
8.860828870638215e-07
0.04953036084771156
0.050734877586364746
210.07363891601562
591.9874267578125
364.4114074707031
482.63177490234375
240.78402709960938
0.7754278182983398
5.3996882343199104e-05
4.2874784412560984e-05
1.356795991114268e-07
1.458516436514401e-07
7.427264847592596e-08
1.885057088202302e-07
1.5380179263502214e-07
1.7147927167115995e-07
1.2518550818185759e-07
1.453674229878743e-07
2.5351829435749096e-07
1.1854755399554051e-07
0.0
12.667999267578125
40.48878860473633
83.21659088134766
211.41107177734375
319.5479736328125
349.5339660644531
432.34075927734375
668.5691528320312
1210.5289306640625
2815.779541015625
3572.92431640625
4895.68896484375
3297.126953125
2901.03662109375
2570.11376953125
1465.70068359375
400.7750244140625
0.02817372791469097
4.443243994955992e-08
1.4849926799342938e-07
1.918505034836926e-07
1.4436069761813997e-07
1.898788326570866e-08
1.6887686626887444e-07
3.035654287941725e-07
2.6634063488018e-07
2.2428011448027974e-07
62.21589279174805
13.860732078552246
52.21599197387695
363.21063232421875
347.5061340332031
576.9657592773438
1966.4576416015625
3019.28125
5604.52880859375
7095.42919921875
10023.83203125
11765.25
11310.44921875
8915.611328125
7505.84814453125
4211.14306640625
1994.3194580078125
461.3343505859375
0.44745707511901855
5.206639386301504e-08
1.2807674920622958e-07
2.016089126755105e-07
3.4707849039250505e-08
8.705326592917118e-08
1.8714052885115962e-07
2.3640048141260195e-07
3.4360817835477064e-07
15.325255393981934
77.12046813964844
13.914313316345215
64.73292541503906
149.18421936035156
947.7114868164062
2185.56201171875
4452.501953125
7979.9853515625
11221.9189453125
15618.4345703125
18971.46484375
20337.92578125
18852.076171875
15818.298828125
11090.9326171875
7847.41357421875
3836.0458984375
1090.15625
117.03749084472656
1.0582149201354696e-07
4.397342223683154e-08
9.043162663147086e-08
8.665013240261032e-08
1.0146608531158563e-07
7.264749526977539
409.61114501953125
5.29749513589195e-07
6.243238317438227e-07
7.582360126434651e-07
56.06130599975586
111.55430603027344
1112.92041015625
3153.247314453125
6085.41259765625
11554.556640625
16720.45703125
21395.6328125
26264.603515625
29783.115234375
28347.82421875
25345.353515625
20472.09375
16222.5283203125
11687.748046875
7106.11181640625
1783.7249755859375
340.98046875
1.5332459213368566e-07
1.0231768904356286e-10
9.433670555836215e-08
1.666282685164333e-07
2.0692115754172846e-07
1.1742989158847195e-07
2.8739501090058184e-07
0.02376585826277733
0.023530980572104454
0.0
78.55352020263672
1129.239990234375
2777.87255859375
7239.6845703125
12696.408203125
19267.76953125
26937.814453125
29293.44140625
31725.2734375
31315.12890625
30199.072265625
26190.232421875
23103.255859375
17308.09765625
12328.244140625
7338.923828125
3222.505859375
343.4541931152344
2.1179852538466548e-08
1.4315274654563837e-07
1.0671286077013065e-07
2.1117521953328833e-07
1.7182851763664075e-07
2.1251256043797184e-07
0.03260452672839165
0.032989632338285446
0.04995165765285492
15.634408950805664
564.7095947265625
1845.8594970703125
6735.15185546875
14880.0361328125
22105.5703125
29460.140625
34788.39453125
33103.0
31750.041015625
28492.51953125
25849.806640625
23431.453125
20001.5703125
15930.345703125
9963.349609375
6499.00927734375
2186.391357421875
441.3233337402344
1.1554946865999227e-07
3.937605441706182e-08
3.350245592059764e-08
1.314105446681424e-07
2.7287599095870974e-06
0.8502216339111328
0.009278660640120506
0.034210510551929474
9.141922950744629
620.2550048828125
1252.7659912109375
4973.798828125
12256.6552734375
20408.83984375
28568.427734375
33210.74609375
31648.697265625
27192.4609375
21958.7421875
20585.474609375
19962.791015625
18352.333984375
15059.541015625
12130.6923828125
7230.74755859375
3483.034912109375
656.5421752929688
1.4843809026388044e-07
1.2178225006209686e-07
2.2622181461429136e-07
1.2497261003829863e-08
1.390504138498727e-07
3.9826340980653185e-06
0.0
0.20982812345027924
0.2880917191505432
32.39103698730469
572.7847290039062
3724.59912109375
10261.3701171875
18456.556640625
26505.9765625
32283.171875
30166.724609375
25100.150390625
18383.65625
15054.2841796875
12643.1826171875
12692.861328125
13524.939453125
11091.49609375
7867.11669921875
4145.47998046875
1531.2135009765625
62.675880432128906
2.9187526706664357e-06
1.019052788819863e-07
9.415693824621485e-08
1.3794185349524923e-07
12.700926780700684
5.54148620324213e-08
0.4509980082511902
0.4878162443637848
13.454475402832031
334.7640686035156
1739.6900634765625
7259.59423828125
15906.744140625
25577.8046875
31602.97265625
31619.197265625
26126.4140625
18197.849609375
11723.5224609375
9072.48828125
10451.3076171875
11435.443359375
10974.0888671875
8111.4404296875
5889.62646484375
2030.3026123046875
685.5945434570312
30.252464294433594
5.3511917030846234e-06
1.9815067275885667e-07
6.612825842466918e-08
1.857083020695427e-07
7.873008200931508e-08
8.032880316477531e-08
0.38915738463401794
0.21432040631771088
19.15072250366211
1415.8447265625
4530.66845703125
12032.1689453125
23346.73046875
28687.26171875
31178.09375
30395.33984375
23138.12109375
17215.4921875
13914.37890625
13451.9775390625
13035.6162109375
12971.3974609375
9656.8349609375
7491.76220703125
5239.37744140625
1530.6553955078125
495.7566223144531
17.157155990600586
1.480134699249902e-07
1.133448535028947e-07
7.403808410799684e-08
6.568414789853705e-08
1.186573399536428e-07
1.2280985117740784e-07
481.47979736328125
7.526143550872803
224.6594696044922
3592.5751953125
7714.67041015625
18292.35546875
27565.009765625
32695.23828125
31143.08203125
27801.744140625
21160.876953125
19612.2421875
17454.439453125
18422.435546875
19019.6171875
14444.2158203125
10914.09765625
6935.103515625
3853.34619140625
785.7086181640625
44.36110305786133
12.396069526672363
1.3548651622841135e-07
6.603082880474176e-08
1.278311856367509e-07
2.0327111371898354e-07
1.7372791205616522e-07
0.025161003693938255
0.0
318.19000244140625
1506.932373046875
4233.8388671875
10868.564453125
20043.841796875
27568.65234375
30171.5703125
27583.9765625
22074.25
20363.24609375
20554.697265625
21829.80859375
22992.787109375
23388.29296875
16830.546875
11261.2841796875
5610.96630859375
2623.13232421875
931.7127075195312
179.68955993652344
9.390002250671387
1.2210588096195352e-08
1.2097756041384855e-07
4.185410418244828e-08
1.2260223059001873e-07
0.09812654554843903
264.577880859375
925.1754150390625
2865.023681640625
3454.150634765625
6899.1201171875
13625.287109375
19966.880859375
23309.03515625
22117.14453125
17582.095703125
14802.35546875
15917.7314453125
17628.412109375
22064.400390625
27482.302734375
27012.72265625
19071.6796875
10465.53515625
5074.90283203125
1990.287353515625
483.67034912109375
192.12646484375
6.3834147453308105
1.450151927429033e-07
9.813384593826413e-08
1.3785822261525027e-07
4.555756305535397e-08
76.19003295898438
507.4700927734375
1932.129150390625
4324.93359375
7436.01025390625
11676.591796875
17075.58984375
18959.83203125
17922.73828125
13358.1240234375
8757.5234375
8683.2216796875
10272.7412109375
17348.802734375
25662.46875
29920.169921875
29414.140625
20602.89453125
9076.19140625
4976.8291015625
1042.08642578125
532.9638671875
15.973226547241211
0.0
2.1363030100474134e-07
1.9883772850448622e-08
8.788750704979975e-08
75.84989929199219
119.50108337402344
732.1755981445312
3596.218994140625
7672.259765625
13390.259765625
16669.708984375
20033.96875
18853.228515625
12988.787109375
7551.5419921875
5686.1650390625
6432.61181640625
11053.5869140625
19497.04296875
29442.337890625
30932.439453125
29082.0
15950.53125
6524.21533203125
2279.6884765625
335.3245849609375
13.80125617980957
12.567642211914062
10.305317878723145
9.131352385338687e-08
9.739388673324356e-08
5.805734204500368e-08
3.723339503380885e-08
100.871337890625
514.6073608398438
4556.78271484375
12062.984375
17971.39453125
22250.544921875
23044.7109375
19367.701171875
12572.2177734375
7737.8359375
8887.6845703125
10944.623046875
18180.673828125
27577.806640625
34213.6875
31813.720703125
25837.03515625
11835.9775390625
3357.11572265625
1333.6328125
356.9862365722656
31.219942092895508
11.942008972167969
9.274287223815918
4.674112830116428e-08
8.923967698137858e-08
1.2517191727567933e-08
2.6443474965276437e-08
1.4101026058197021
977.2333984375
6062.52099609375
15324.5048828125
19914.048828125
26714.4453125
27093.40625
22845.9375
20562.201171875
18054.23046875
19199.48046875
23933.19140625
28827.60546875
34066.52734375
33952.22265625
27876.220703125
15075.6650390625
4793.81005859375
1395.1925048828125
399.4412841796875
221.47352600097656
26.82395362854004
4.2955502976838034e-07
1.730404477484626e-07
1.0647928405660423e-07
1.3132478215993615e-07
4.387084828749721e-08
1.9148427554682712e-07
241.87376403808594
1207.5361328125
5021.34716796875
14396.6513671875
23002.94140625
28243.587890625
32201.28515625
32169.09375
30235.087890625
31356.275390625
32340.359375
33865.22265625
36276.98828125
34408.02734375
28531.001953125
14992.537109375
6385.0390625
1599.00634765625
440.93414306640625
259.22772216796875
143.96595764160156
31.813003540039062
4.223054190788389e-07
9.708201531566374e-08
1.2270294291738537e-07
5.6213348642586425e-08
6.37558505989233e-10
6.986925260576982e-09
537.361328125
727.932373046875
3834.466064453125
10404.1484375
18292.7421875
25980.248046875
30575.845703125
33768.859375
34578.3515625
36090.5234375
34309.7734375
34013.65625
32227.85546875
23881.26953125
12359.37890625
5341.8486328125
2051.19482421875
532.3909301757812
255.72201538085938
297.49139404296875
164.2416229248047
3.125353487121174e-07
1.4161653894007031e-07
4.255880980963411e-08
2.0016344137729902e-07
4.676272524761771e-08
5.467392227842538e-08
1.3783465924177563e-08
0.0
794.3309326171875
2074.73583984375
5620.451171875
11049.212890625
16689.189453125
23370.513671875
27895.810546875
29838.048828125
29802.291015625
27566.697265625
22028.748046875
16698.376953125
9871.9111328125
4264.2509765625
1645.4866943359375
618.3933715820312
1.5140610933303833
0.0
6.302298061200418e-07
3.2468872745994304e-07
3.751336663526672e-08
3.127729186758188e-08
2.0118221755183185e-07
4.146025389673014e-08
1.7745679770087008e-07
1.976155203919916e-07
4.191393898622664e-08
2.1039832631686295e-07
247.9170379638672
1285.837890625
3226.13232421875
6156.162109375
9540.4697265625
10721.9150390625
11560.30859375
13050.4111328125
12532.4736328125
9467.0458984375
6704.08251953125
3542.849853515625
2479.65576171875
1295.857666015625
346.2158508300781
3.350104088895023e-05
4.5703895011683926e-05
4.96029679197818e-06
9.568816494720522e-07
1.8874823126679985e-07
0.0
1.2395770632167569e-08
5.4744962341146675e-08
2.0479883744428662e-07
1.2640147417641856e-07
1.4778308354834735e-07
1.955397124220326e-07
1.154081061827128e-07
0.0
7.904390335083008
312.40130615234375
1481.62841796875
2271.598388671875
2959.79150390625
3056.490234375
1927.5247802734375
678.5526733398438
761.5220947265625
883.1375732421875
748.7604370117188
646.7275390625
324.08135986328125
264.7023010253906
308.50250244140625
118.78124237060547
151.37132263183594
162.32054138183594
6.113867812018725e-08
5.526930735300084e-08
1.9718967791959585e-07
8.467757339758464e-08
1.280535002479155e-07
2.0313360948875925e-07
2.0359570385153347e-07
1.0765764102416142e-07
1.863181751105003e-07
1.370104882880696e-07
5.412820058836587e-08
3.560331363061664e-09
219.1322021484375
127.62744140625
204.4097137451172
99.8235855102539
0.00037299448740668595
0.00047160161193460226
0.0004671530332416296
0.0003743517445400357
1.1965563544436009e-06
8.086839784482436e-07
2.3667000448313047e-07
1.4710938955886377e-07
1.2993650955195335e-07
6.253489459595585e-08
3.634332301771792e-08
1.337630664011158e-07
9.294057434772185e-08
5.2727038735156384e-08
8.536613904652768e-08
1.7397600515778322e-07
5.169745875832632e-08
5.992933438392356e-08
6.188879098090183e-08
1.80114071213211e-07
1.7398372165189357e-07
1.607305932793679e-07
1.2174258756658674e-07
5.304345762624507e-08
1.2621207190477435e-07
7.802950285906718e-09
1.7261142204461066e-07
2.88428140038377e-07
3.963672838835919e-07
2.831490064636455e-07
3.654054694379738e-07
95.52360534667969
83.37167358398438
1.810110816791166e-08
1.8075792240779265e-07
9.195255756822007e-08
1.3799100884170912e-07
1.0888332013792024e-07
2.1628219215585887e-08
9.780941212511607e-08
2.2554773693173047e-07
1.4031105877165828e-07
2.089745692046563e-07
1.5419117005421867e-07
1.1212515715897098e-07
8.985736599242955e-08
1.4689811678181286e-07
5.52161729672207e-08
5.19572189716655e-08
6.367748994762223e-08
1.394176791791324e-07
1.4617216947954148e-07
1.1225387730462444e-08
2.0653946819493285e-07
4.751851889750469e-08
6.339174518643631e-08
1.1599720295407678e-07
1.6229220989316673e-07
1.6342420749992925e-08
1.585281097504776e-07
7.190623563246845e-08
2.0519075860647717e-07
4.233688244426048e-08
1.7173366728684414e-08
1.3882308280699363e-07
1.5997521529698133e-07
9.124673283622542e-08
1.3149531241651857e-07
1.6140504044415138e-07
9.324130800791863e-09
1.6356848675513902e-07
1.8198959139681392e-07
6.554535048053367e-08
1.5439603373579303e-07
