1.52434207478791e-08
5.6225076150440145e-08
3.098537604273588e-08
1.0084297841217449e-08
1.1195934845886768e-08
3.2677188954721714e-08
1.5983330214908165e-08
3.298372774906966e-08
3.5714311508172614e-08
4.1536349471016365e-08
9.670690914731495e-09
2.343341698463064e-08
4.53254358490085e-08
1.0426233210125702e-08
2.882259431125078e-10
2.307337076956628e-08
3.9051048617011475e-08
5.277246195589669e-09
3.0521356109147746e-08
1.9799879069637427e-08
4.8867772051153224e-08
3.587565799989534e-08
2.0945797984950332e-08
3.010823590443579e-08
3.0507267823054462e-09
2.5003906500842277e-08
1.0836801678237862e-08
2.6082261683768593e-08
4.984725521239852e-08
3.982040297501044e-08
4.6488263905075655e-08
4.67534597703434e-08
1.2717593200761712e-08
4.672320841336841e-08
1.3301023615852614e-09
4.010787790775794e-08
1.8218452302320998e-09
5.275510517321891e-08
2.343285121497729e-09
2.8473817081930974e-08
3.1841533854048976e-08
4.325146463202145e-08
3.680225546531801e-08
6.734310176170766e-08
7.613804342554431e-08
4.6831573285999184e-08
4.294389199799298e-08
3.193760278463742e-08
5.224188015517939e-08
5.368196909216749e-08
2.605176696590661e-08
2.5153296334679e-08
3.533876125061397e-08
4.984364210258718e-08
2.9429214620790844e-10
2.6567731126192484e-08
2.317342939761602e-08
4.676977383155645e-08
8.465304013327568e-09
5.147022719143024e-08
1.531627980000394e-08
5.494243282555544e-08
5.2734257849351707e-08
6.624291160051143e-08
5.905337996381377e-09
3.57555229868467e-08
1.7213171332741695e-08
4.475169390616429e-08
4.330111735839637e-08
4.182956558906881e-08
1.5530521579876222e-07
2.8138563834545494e-07
1.8476328023098176e-07
1.763582275771114e-07
9.235350972858214e-08
3.924164815316544e-08
5.5899100459555484e-08
7.594250064357766e-07
7.321674502236419e-07
2.5867725739203706e-09
2.39216397801556e-08
3.9922952055349015e-08
3.4714219054876594e-08
4.74296300012611e-08
2.16537063835176e-08
5.544619874342516e-09
2.066351001417388e-08
2.5754998134175366e-08
1.2072526978101905e-08
3.157253658514492e-08
3.891531363819922e-08
2.4733346037919546e-08
5.777400602369198e-08
8.056711919834925e-08
9.065712447409169e-08
5.598011654228685e-08
0.006369020324200392
0.007744449656456709
0.008279362693428993
1.2643381357192993
2.2805848121643066
9.940528869628906
10.545905113220215
5.49380665404442e-08
6.157618486213323e-07
6.796342972847924e-07
6.8100661110293e-07
1.0932362570770238e-08
3.691990357879149e-08
2.9745564233962796e-08
1.0478167666860827e-08
2.0287695967624586e-09
3.2610220301876325e-08
1.8193647477460217e-08
2.2543318323187123e-08
2.756259576131015e-08
6.637578486845541e-09
7.255996692379085e-09
11.84836483001709
14.449028968811035
15.426824569702148
15.835043907165527
190.7467498779297
110.49588775634766
97.52565002441406
148.1193084716797
381.950439453125
470.44573974609375
1567.4476318359375
1545.9935302734375
649.453857421875
129.40867614746094
5.055536270141602
0.15303288400173187
4.187769206964731e-07
2.871577180485474e-07
1.3776701557333126e-08
2.8495945159079383e-08
8.395735662247716e-09
4.369285022676195e-08
1.3182468450168017e-09
1.0904940062061996e-08
3.934562187168922e-08
1.9253096894544797e-08
4.734342695655869e-08
1.7993620815559552e-08
239.0615234375
441.8055419921875
637.7208862304688
930.802734375
1549.6090087890625
2880.681396484375
2821.697021484375
3622.774658203125
3686.9873046875
6075.49755859375
8357.8916015625
6348.79248046875
4546.3076171875
1493.5496826171875
149.46868896484375
5.600239276885986
1.2014828598694294e-06
4.1120696891994157e-07
1.0186489873831306e-07
1.1076944694821123e-08
8.85081252732789e-09
7.648935707038618e-09
4.8161020060888404e-08
1.1102588182154705e-08
4.767786521142625e-08
3.14119432687221e-08
1.652647512173644e-07
0.4402032792568207
384.8706970214844
1109.0706787109375
2640.197509765625
4984.13916015625
7041.42822265625
10471.8681640625
14803.6484375
19980.201171875
20177.10546875
22665.681640625
21054.111328125
16029.2978515625
10133.7294921875
4564.66064453125
1269.0377197265625
249.74508666992188
237.77774047851562
235.61724853515625
0.06989835202693939
1.1103779229415522e-08
0.0017679148586466908
0.0034327369648963213
2.3346462540985158e-08
2.117994002404089e-09
1.9439045928493215e-08
1.1388934240130766e-08
15.900104522705078
86.56607818603516
863.47216796875
2653.86376953125
4164.48046875
8800.5625
16471.642578125
25059.458984375
29002.6328125
31811.16015625
31454.19921875
32935.84375
34168.51171875
29715.62890625
19382.126953125
8984.5771484375
4167.8017578125
1158.1881103515625
923.45849609375
412.6845703125
66.91175079345703
60.572933197021484
0.0038990203756839037
0.0011338078184053302
5.1860109095969165e-08
5.097488298133612e-08
4.811685698768997e-07
77.97111511230469
173.8823699951172
431.52337646484375
1189.8548583984375
3643.57373046875
8306.103515625
17614.515625
28862.787109375
33310.12109375
32255.720703125
29952.87890625
27916.462890625
30790.130859375
35911.14453125
33456.89453125
27122.056640625
12552.0615234375
5538.62109375
1746.1072998046875
1017.924560546875
229.50921630859375
44.62799072265625
30.040916442871094
5.044608286652874e-08
1.1519280640470697e-08
3.732229636455031e-09
4.0016040259160945e-08
146.80032348632812
153.76161193847656
179.36863708496094
800.7055053710938
2189.446044921875
6168.9677734375
14181.99609375
28742.51953125
35575.1796875
35359.53125
28121.255859375
20007.87109375
19926.712890625
22141.54296875
31497.19140625
34349.08203125
29321.599609375
16711.716796875
5981.7333984375
2970.294921875
1062.08837890625
114.22760009765625
1.320430874824524
0.1388038992881775
2.6796685759222783e-08
3.178971041961631e-08
3.492397837590033e-08
2.537776744304665e-08
187.6656951904297
207.00975036621094
197.82907104492188
922.3702392578125
2528.03173828125
9979.2578125
21736.384765625
33401.16796875
36637.421875
29485.05859375
16844.578125
11467.1259765625
8079.97705078125
16917.73828125
28379.70703125
34503.8046875
30085.162109375
18676.126953125
6547.7158203125
2357.33984375
98.80946350097656
131.11497497558594
1.1268292665481567
3.9915786231858874e-08
0.0
3.752078114871438e-08
4.2056832683101675e-08
3.656223412917825e-08
141.33094787597656
131.77516174316406
385.3172912597656
502.0819091796875
4059.5517578125
13233.36328125
27529.181640625
36421.50390625
34915.18359375
21806.423828125
10043.2626953125
3618.443603515625
7370.06298828125
17203.05078125
32009.1328125
34530.75
31689.322265625
19631.43359375
5592.7802734375
1416.6673583984375
29.579761505126953
1.308495283126831
10.11068344116211
2.5016774429786892e-08
0.004574965685606003
2.561912904042174e-09
9.576794912646847e-10
4.448015289426621e-08
1.4506198020569627e-08
2.154115996688688e-08
90.45196533203125
338.0722961425781
5310.86181640625
16380.73046875
30952.5546875
35975.9921875
30680.3828125
15496.548828125
7804.421875
7367.630859375
11323.771484375
22808.38671875
35223.796875
36809.00390625
30746.283203125
17391.935546875
6123.40380859375
1812.1051025390625
828.3373413085938
251.37014770507812
8.264091491699219
3.341476073615013e-08
1.2632083157271268e-09
5.4932272064434073e-08
4.7474255637780516e-08
2.6091346860823705e-09
2.2183753500826242e-08
6.705430450892891e-07
179.74240112304688
439.11383056640625
7970.34716796875
17668.4296875
32460.712890625
38066.10546875
30615.3515625
18018.794921875
13003.5341796875
14378.82421875
18603.20703125
28880.509765625
39306.19140625
39581.21875
30223.109375
16183.5224609375
5891.349609375
2242.372314453125
1005.4111938476562
657.1344604492188
11.862348556518555
3.0958378971490674e-08
8.288230657349516e-10
5.561726723612992e-08
1.9246941818096275e-08
1.1635542307431024e-08
2.918129204942943e-08
1.975407576537691e-05
271.1329040527344
1287.869873046875
8363.2822265625
17248.955078125
31106.048828125
38293.23046875
33791.1796875
27710.21484375
24492.962890625
27202.818359375
28712.767578125
35444.08203125
40046.80859375
40450.69140625
31090.484375
15981.1484375
6769.5107421875
3016.710693359375
2232.26513671875
1355.336669921875
321.8707275390625
5.07982063293457
3.601524634078146e-09
6.105936645184329e-09
5.2100464387194734e-08
3.303376772123556e-08
1.6800346202217042e-05
2.3035017875372432e-05
341.1308898925781
3002.303955078125
7880.10986328125
14196.51171875
25517.3125
34249.9375
35897.88671875
34134.3828125
33389.609375
33311.03125
34270.14453125
35623.78125
39921.58203125
40272.34765625
30465.330078125
15654.3427734375
6087.80126953125
4302.697265625
2588.585693359375
2175.255126953125
1356.7603759765625
271.5086975097656
5.531773439315657e-08
1.546214711822813e-08
4.967781919162917e-08
1.2402142424150497e-08
2.3469821641697308e-08
2.086019048874732e-05
64.13630676269531
2403.420654296875
6647.78369140625
10871.9638671875
18740.62109375
26505.603515625
30906.314453125
33006.71875
31950.0078125
31583.970703125
32386.3046875
35368.87890625
39378.3203125
40729.203125
26940.076171875
14000.2060546875
6056.37890625
3847.16455078125
2330.9130859375
2130.09765625
920.162109375
105.94654083251953
1.745238087380585e-08
6.4506058272684186e-09
2.898039141996378e-08
4.0202873918815385e-08
7.051877304320442e-09
1.6842622585500067e-07
116.81607818603516
1346.7711181640625
3267.61376953125
6367.70654296875
9863.138671875
15873.03125
19432.396484375
20360.54296875
19474.126953125
17584.646484375
20100.17578125
31072.8828125
39279.8828125
40997.2421875
23013.134765625
9463.419921875
4111.5654296875
2092.27587890625
1089.2078857421875
729.2472534179688
145.69859313964844
73.49020385742188
1.2831190332462938e-08
5.047358087040266e-08
2.190330050666489e-08
5.40788249736579e-08
2.555814759830355e-08
0.031888093799352646
133.28720092773438
676.4393310546875
1316.563720703125
2450.3564453125
3994.012451171875
6805.5673828125
8324.474609375
9465.9580078125
8908.3134765625
8275.55078125
12685.802734375
27145.603515625
39120.28125
39275.62109375
20299.30859375
7124.29248046875
2306.3046875
1016.5294189453125
113.29962158203125
93.91344451904297
2.7082602977752686
0.6971302032470703
4.0581038973641625e-08
2.7172120553586865e-08
1.3100639684182624e-08
4.881382409394064e-08
9.334353734402612e-09
0.05412653833627701
0.062151797115802765
28.46272850036621
235.13758850097656
673.2109985351562
1636.1395263671875
2244.515625
2464.40625
2817.380859375
2402.78125
2940.95654296875
9218.27734375
28447.849609375
40139.15234375
37248.9140625
17663.8515625
5959.7138671875
901.9510498046875
138.89988708496094
2.0035324096679688
0.22051674127578735
8.292295774481317e-07
0.7680826187133789
4.7818660142695535e-09
1.7018127351775547e-08
8.898984660277165e-09
9.154844882175439e-09
6.329927249026923e-09
0.08990975469350815
0.07009658962488174
0.05632714927196503
1.8864667415618896
61.2749137878418
430.2188415527344
374.311279296875
469.27337646484375
881.3910522460938
1116.724365234375
1617.7484130859375
9934.2373046875
30439.58203125
40655.44140625
37519.859375
15572.087890625
5241.048828125
801.936767578125
155.57913208007812
37.133026123046875
14.012231826782227
7.882650375366211
9.944756507873535
2.3123591930129805e-08
1.2686788286586648e-09
2.9892113673213316e-08
2.2946240463284084e-08
2.3127354253915655e-08
3.721288521774113e-08
3.424282510877674e-07
1.8274097442626953
1.0592410717435996e-06
86.89305877685547
82.21649932861328
179.45974731445312
395.30816650390625
1177.5439453125
1560.2137451171875
2149.931396484375
12449.541015625
30979.68359375
40168.96875
35292.19140625
13656.431640625
3896.693115234375
898.4593505859375
121.74030303955078
29.198747634887695
15.137106895446777
11.374961853027344
14.422575950622559
1.7914345562530798e-08
6.288365383966266e-09
1.7564907750511338e-08
3.1375133602296046e-08
5.426161209243219e-08
3.955613436801286e-08
2.541830781410681e-07
0.0013673712965101004
0.0026568493340164423
72.06280517578125
90.28739929199219
38.88764190673828
455.7716369628906
1365.186279296875
1786.6473388671875
3678.4013671875
14134.40625
30716.427734375
39616.42578125
33598.1796875
15359.4306640625
4671.412109375
1443.3292236328125
107.15229034423828
46.862300872802734
2.6628452332033703e-08
2.969846057965242e-08
0.738525927066803
4.5859646746748695e-08
2.2974399271902257e-08
1.4267906855991441e-08
1.1935844534960438e-09
9.443552606569483e-10
3.600178999363379e-08
6.99301523354734e-08
6.93209472046874e-08
7.353464326342873e-08
68.61913299560547
59.81889343261719
40.05145263671875
316.74859619140625
1257.9432373046875
1922.6641845703125
4918.0615234375
14998.505859375
30284.40625
39073.54296875
31119.33203125
14983.02734375
6072.865234375
1637.344970703125
158.08189392089844
5.2440361976623535
3.539248538686479e-08
4.3306517483188145e-08
0.6976791024208069
2.0356656804665363e-08
4.1311071896643625e-08
2.1662047711146215e-09
3.434844586536201e-08
4.522986429833509e-08
3.3838759350146574e-08
6.308051414549709e-09
3.397889969392054e-08
5.05613044765596e-08
51.161075592041016
132.18798828125
96.28123474121094
177.6866912841797
806.767822265625
1903.6619873046875
5559.77392578125
14096.234375
26783.21875
33220.69921875
25863.84765625
12499.1767578125
4786.703125
2624.61279296875
470.779296875
27.646413803100586
1.1573989683322239e-10
1.4632923317492441e-08
0.633450984954834
1.2803021753882149e-08
4.6939089060060724e-08
1.447043818103566e-08
2.1835763419630894e-08
3.6081218013350735e-08
3.628948519462938e-08
2.1268892425041486e-08
3.884978028168007e-08
99.65510559082031
109.2977523803711
67.5754165649414
112.11112976074219
158.67672729492188
335.5413513183594
605.2562866210938
3338.628662109375
8391.7177734375
17052.326171875
20920.1875
15814.5576171875
6785.61962890625
2843.83251953125
1558.3311767578125
380.9875183105469
0.11574405431747437
3.8015560477333565e-08
3.4153359251831716e-08
0.5741680264472961
4.924701002551046e-08
2.4993429548203494e-08
4.121089247632881e-08
1.2522923142910258e-08
3.796077763240646e-08
9.302217662821022e-09
4.2653230281075594e-08
5.089464494290041e-08
2.564995682519111e-08
4.1804398165368184e-08
4.603906589295548e-08
2.930779530174732e-08
6.127884311091236e-10
4.579455852508545
7.87733793258667
1030.56982421875
2766.497314453125
4329.82958984375
5004.23046875
5028.48193359375
2651.2119140625
768.861083984375
418.34405517578125
0.10730601102113724
0.0
3.740914067407175e-08
4.628198624345714e-08
4.8105480487947716e-08
3.52321727348226e-08
7.159091541808493e-09
1.8330750251038808e-08
3.907972967454043e-08
4.2457152460428915e-08
1.0657575266748154e-08
4.076542836628505e-08
2.997390780024034e-08
2.651007946496975e-08
2.5030747252685615e-08
7.708604865541702e-10
4.684195431536864e-08
1.2985927000386255e-08
2.4440428347816123e-08
4.309023182713645e-08
4.514003038025294e-08
8.354395397702774e-09
0.045322220772504807
0.08815069496631622
0.022378671914339066
4.364950179081006e-09
5.1667733202975796e-08
3.503657453052256e-08
4.6397456543445514e-08
3.419985716845986e-08
2.670988763497917e-09
1.172428998330588e-08
4.29120134981531e-08
3.862290753886555e-08
5.470030828291783e-08
