5.230473346107267e-11
1.332338822601642e-10
1.1318804227222756e-10
1.8196681661475367e-10
1.885937100931656e-10
9.052803645603902e-11
1.3946870047742976e-10
5.823270338156661e-11
1.0625450519441415e-10
1.1997501603300265e-10
1.537089067138453e-10
8.343567503565907e-11
2.174234750573767e-11
1.4697829064935775e-10
3.393880315671893e-11
1.1868517280078095e-10
5.765706315163932e-11
5.7438047373903345e-11
5.713370054838407e-11
2.4175200036280486e-11
6.769011046126039e-11
1.3242874852270603e-10
1.4047868424071908e-10
6.616186071228825e-11
1.6571714833713003e-10
3.909378723521151e-11
2.4927395217422266e-11
1.2295164886211296e-10
8.532826528684367e-11
3.8063094343065984e-11
1.5931365948684828e-10
5.7648389534259437e-11
8.345354268746163e-11
8.558141695313992e-11
5.865916086200684e-11
9.766936565069884e-11
1.4806532389055604e-10
6.639633287619517e-11
1.3759379746680622e-10
1.0519655285756713e-10
1.2451661923762458e-10
2.4028430287148517e-11
1.9431444300832545e-11
1.4996941188893942e-10
0.11573084443807602
17.126239776611328
12.300071716308594
4.607264041900635
3.2124831676483154
0.7453114986419678
1.2402736615513277e-08
1.5622672600024146e-10
9.098576059241026e-11
2.1475949490978863e-11
1.7782780803443643e-10
4.583441265415544e-11
9.348247870244464e-12
1.2258005721577092e-10
2.2923636947003168e-11
1.4912732160254905e-10
1.3275161109049805e-05
0.0
1.9906318187713623
1.628928797403617e-10
9.456942173802219e-11
3.567881667193573e-13
0.0
2.236053228378296
2.188981533050537
559.2182006835938
503.7552185058594
1616.5877685546875
3801.8837890625
6209.21142578125
8353.27734375
8707.7587890625
4778.1708984375
2243.868896484375
731.0191040039062
243.4001922607422
51.634552001953125
0.03142824023962021
7.384733796689247e-11
1.0678277012621251e-10
4.101387285349034e-11
1.1901295227101372e-10
1.330948407041177e-10
9.788294619283988e-09
2.2511613906317507e-07
0.0
1.4813655614852905
379.10443115234375
410.7381896972656
290.38702392578125
359.5310363769531
227.42398071289062
272.5277099609375
1202.5452880859375
2559.779296875
6660.66015625
15774.677734375
22907.482421875
23616.802734375
16797.482421875
11199.1484375
4547.99365234375
1627.4537353515625
506.08123779296875
368.90478515625
0.2227274626493454
0.002698065945878625
2.0728618474463723e-11
9.238584203208333e-11
2.5528509861594273e-11
0.0
51.346405029296875
5.130924130014591e-09
2.6805059909820557
39.13945007324219
409.19921875
373.4808349609375
284.30694580078125
319.9693298339844
390.1043395996094
914.4239501953125
2597.015625
6032.275390625
16131.7109375
27021.455078125
30382.318359375
30199.041015625
20225.51953125
11532.375
5364.5302734375
1795.6849365234375
419.0326843261719
341.8836364746094
0.9707692861557007
1.0449701520753862e-10
1.1857850812369009e-10
1.4725516639391145e-10
1.7482834624438226e-10
21.281538009643555
6.576623273746307e-11
9.291197776794434
16.428176879882812
1.7472431659698486
344.7319641113281
392.2233581542969
390.2392578125
482.7934875488281
788.1275024414062
2029.6033935546875
6091.248046875
14676.01953125
26730.673828125
34198.33203125
34621.16796875
28131.404296875
18005.486328125
7850.37451171875
3189.836181640625
1200.8936767578125
433.759033203125
206.38999938964844
0.0
5.732040710137998e-12
2.3112538358877055e-12
1.2549752903545652e-10
9.860248728621457e-11
24.862571716308594
8.49618032178201e-12
2.6144630908966064
2.602149248123169
10.724172592163086
175.1041259765625
280.66387939453125
396.0791931152344
448.9177551269531
1155.5472412109375
3739.206787109375
11206.4638671875
24396.818359375
33631.3984375
36968.8046875
29862.1953125
20694.041015625
11691.0546875
4886.53173828125
1920.5242919921875
662.9646606445312
129.6438446044922
6.176231384277344
0.013520810753107071
1.2185015496601892e-10
1.422315459853607e-10
1.83813284038159e-10
1.7999282619918233e-10
1.6851882389534723e-10
0.0
3.0340931156391804e-11
1.0794679816683583e-08
11.068684577941895
65.30848693847656
79.83064270019531
199.16326904296875
877.1781616210938
2277.2236328125
8334.994140625
20442.38671875
32370.751953125
37770.80078125
34333.96875
21636.12890625
12473.0185546875
5248.6728515625
2445.638916015625
854.5185546875
485.75567626953125
8.507469177246094
6.617434501647949
7.139533408917487e-05
1.1909329078463315e-10
7.110600996895755e-11
4.621318952513498e-11
1.1197678895236152e-10
5.741779664572566e-13
4.519877180864107e-11
0.6504464149475098
1.0452910065295029e-10
20.563220977783203
19.440547943115234
23.362777709960938
344.74871826171875
626.99072265625
5045.97900390625
15027.1669921875
28819.291015625
37785.39453125
37011.80859375
22801.08203125
13778.4013671875
6021.53564453125
2109.248291015625
1097.5341796875
348.62786865234375
198.415283203125
150.39895629882812
4.496410846710205
5.125616735313088e-05
1.155886150683294e-10
1.6763551657916764e-10
9.29538945815267e-11
1.3640702456463316e-10
1.528944748585559e-10
1.0793628490990415e-10
2.2860586643218994
0.07063885033130646
15.872742652893066
23.562990188598633
86.49604797363281
409.687255859375
1773.5498046875
10097.8017578125
26570.873046875
36640.96484375
37217.65234375
30143.759765625
13464.0556640625
6052.2939453125
3652.239990234375
2012.468994140625
1152.566162109375
421.12188720703125
119.04480743408203
173.0205078125
2.3984068064919484e-09
5.4035838026322836e-09
6.461990387229832e-10
5.573686512327924e-10
1.372644914399146e-10
3.2013683370912815e-11
6.095476901002428e-11
3.018219354999907e-11
2.434147357940674
0.09081899374723434
0.07768940180540085
19.48505401611328
158.85975646972656
1685.91015625
8074.41845703125
20528.62890625
35026.9140625
38428.2421875
34119.23046875
16589.072265625
6783.23486328125
3698.93603515625
2802.60205078125
2461.358642578125
1481.9193115234375
655.2740478515625
358.9173889160156
171.57691955566406
77.86524200439453
120.00812530517578
89.42009735107422
7.309950977862911e-10
4.750717874646426e-11
1.0612360599668302e-12
8.343858937109871e-11
1.1675509170583354e-10
0.06657295674085617
0.460958331823349
1.81410813331604
205.72952270507812
303.37152099609375
3094.02490234375
15130.630859375
32015.154296875
37591.24609375
37108.8671875
24238.384765625
9104.3955078125
5078.6669921875
5331.76513671875
5469.27197265625
4832.615234375
3239.6611328125
1066.811767578125
847.637939453125
450.7662658691406
102.22757720947266
130.45596313476562
67.45742797851562
9.501789632881952e-11
4.697954872345811e-11
1.6797851998262558e-10
5.1987400495612235e-11
1.307454977617084e-10
1.4484837055206299
1.8142532110214233
1.623836874961853
287.2586364746094
1574.0574951171875
8248.619140625
24710.310546875
37746.15625
38506.99609375
29788.671875
15568.544921875
9320.5556640625
11506.0615234375
11239.54296875
11007.6806640625
9570.1689453125
6108.91357421875
2412.89404296875
964.4467163085938
522.6813354492188
504.5442810058594
104.20092010498047
118.78853607177734
2.767755469257338e-11
1.1023937318555e-10
1.570797519834244e-10
1.8659340739191066e-10
1.769932395090379e-10
1.0923048257827759
1.4789353609085083
38.90934371948242
522.8595581054688
3463.064697265625
17192.859375
33737.91796875
38726.60546875
34529.703125
25457.78515625
16077.154296875
17217.625
21223.375
22355.615234375
21214.45703125
16811.951171875
10685.126953125
4808.82470703125
1115.4227294921875
1081.381103515625
324.7169494628906
387.7008056640625
479.0972900390625
1.7540838226359767e-10
1.307009223072697e-10
1.4247103496956015e-10
2.3862405107433204e-11
2.9168972792703585e-10
0.21917469799518585
7.561269760131836
126.14241027832031
2400.747314453125
8840.287109375
24682.53515625
36503.65234375
37691.25
30299.0
22089.953125
23949.84375
27856.8203125
29676.69921875
30580.677734375
27836.65625
22376.779296875
15124.4970703125
8382.7939453125
1657.9564208984375
874.93994140625
436.5474548339844
450.24462890625
374.71124267578125
1.4088340216655837e-10
2.9223599234962094e-11
1.6447974926503406e-10
9.106709136785796e-11
2.6929225516170163e-10
8.764398574829102
16.170745849609375
633.0108032226562
4393.099609375
15995.904296875
30206.4375
37929.84375
35109.73828125
28491.810546875
23651.443359375
26032.970703125
29610.15234375
31307.2890625
33153.19921875
30388.134765625
26743.109375
18229.068359375
9399.2373046875
3393.83056640625
553.4930419921875
275.5313720703125
375.3009033203125
306.03106689453125
1.3025042155945243e-10
2.733592172066146e-11
1.7181565892254724e-10
5.469169908622895e-11
3.6849637230496057e-10
7.923657417297363
55.488162994384766
1997.582275390625
7848.306640625
18628.90625
31784.482421875
36022.21484375
31452.365234375
26123.681640625
25326.650390625
26529.34765625
28073.142578125
26705.880859375
30016.37109375
32653.53125
30406.283203125
21450.80078125
9464.8408203125
3474.466064453125
413.0589904785156
394.65887451171875
263.0938720703125
119.6773681640625
1.6123404000811803e-10
6.861702178673212e-11
1.473275321184353e-11
9.69307065168401e-11
0.0
59.13037109375
776.2363891601562
2978.406005859375
11509.337890625
23567.41796875
32929.5
33354.46484375
32167.7109375
25769.14453125
24730.703125
23283.03125
22819.8671875
24863.8515625
31180.759765625
32629.7578125
29808.654296875
16655.79296875
8435.763671875
2181.376953125
496.4966735839844
243.78201293945312
89.60952758789062
2.2243484636419453e-06
1.6825624227223557e-10
1.0972219660621008e-10
1.1307667996396376e-10
9.127765904226592e-11
1.007359266281128
62.372276306152344
951.1895141601562
3628.45947265625
10958.427734375
23833.29296875
33704.01953125
35232.33203125
32506.701171875
26078.43359375
22661.169921875
22347.751953125
24923.712890625
30300.666015625
35011.46875
32770.39453125
25256.650390625
14191.7294921875
5066.689453125
1010.4324951171875
334.2201843261719
46.88910675048828
4.362481903497084e-11
4.935100719194452e-07
7.21609855203198e-11
3.69869204708273e-11
9.147443913448683e-11
4.40471513429852e-11
5.074617392963887e-10
52.41645431518555
774.9971313476562
3205.966064453125
10972.359375
21805.46875
31344.74609375
36405.86328125
34964.7109375
31764.826171875
27030.849609375
30248.498046875
32538.38671875
34985.73828125
34990.4375
27939.955078125
16400.607421875
7415.646484375
2165.153076171875
576.44580078125
62.42293167114258
0.39363858103752136
5.623852494807124e-10
5.971803607174309e-11
6.527361290364908e-11
1.8866413986629027e-10
8.243922905437628e-11
9.573607184787392e-11
4.741786407969073e-10
17.495027542114258
809.3170166015625
2054.696044921875
6513.32080078125
15953.8271484375
27229.5390625
36460.49609375
38146.22265625
37750.58984375
38019.875
36452.88671875
35918.875
35637.89453125
27598.763671875
16835.142578125
9113.0830078125
2767.742431640625
913.1370239257812
480.3641052246094
21.13260269165039
0.32615983486175537
6.8320188395532e-10
1.797579862738985e-10
1.2289358419792507e-10
1.0552552581755137e-10
1.522407755416566e-10
0.002610062016174197
1.0867554078863861e-10
0.9335155487060547
257.45068359375
1054.543212890625
3835.97802734375
9268.2451171875
19029.400390625
29466.939453125
36823.36328125
37990.37890625
36008.99609375
34861.15625
30900.357421875
22567.58984375
13539.9990234375
7214.50634765625
3473.549560546875
1604.9456787109375
575.7051391601562
269.830322265625
25.82909393310547
8.015844099595881e-10
8.032065568208679e-10
7.98810670388228e-11
3.263145656462463e-11
8.510937787864492e-11
5.5193204173686894e-11
1.309452893338836e-11
8.812995472284868e-11
0.017208773642778397
6.4498419761657715
43.46800994873047
467.64105224609375
2010.9832763671875
7239.55419921875
11250.392578125
16958.283203125
21905.3828125
22304.9453125
18834.04296875
13667.0927734375
8238.7568359375
5014.90234375
2008.94482421875
1013.3009643554688
209.8788299560547
235.73028564453125
107.1438980102539
10.53731918334961
1.647424974215994e-10
1.602959293078854e-10
1.0696976637802891e-10
5.85441764511252e-11
1.4825131400275637e-10
9.557644953250843e-11
1.137357916181081e-10
9.576717890924513e-11
0.012218202464282513
0.011370368301868439
0.013176352716982365
26.93706703186035
89.81867218017578
535.3594970703125
2100.362060546875
3180.951171875
3948.081787109375
3975.332763671875
2982.859619140625
2220.575927734375
1543.267822265625
837.0474853515625
208.8258819580078
146.38002014160156
88.9617691040039
90.71060943603516
77.47276306152344
2.0536332356879683e-10
7.951708042019945e-11
2.59285821979649e-11
1.7712853406237627e-10
1.1283544237850052e-10
5.818433235216247e-11
3.1500902580861023e-11
1.7569715127230268e-10
5.094999075416773e-11
2.078747590728014e-10
1.1615892969718544e-10
2.542656363235807e-10
0.8717054724693298
1.0031977891921997
5.6237568855285645
9.466280937194824
9.848876953125
183.50564575195312
275.2739562988281
109.469482421875
0.013941528275609016
0.002702893689274788
0.003058405127376318
0.0009431514772586524
0.048697587102651596
7.973912086178814e-10
8.454231759102981e-10
4.1093106695200277e-10
1.148800221617563e-10
5.197833136127983e-11
2.5822635696393093e-11
1.0808048900301515e-10
7.378490179954511e-11
1.216775014079019e-10
1.5531223529485771e-10
1.6385479084668475e-10
5.66448233804695e-12
8.958157826643998e-11
6.002789237902206e-11
6.517291567531558e-11
2.1516326220716309e-10
3.0415947538386945e-10
3.2898353485855125e-10
3.62323726577074e-10
2.3553750616578384e-10
1.3535285392496377e-10
6.15586262520118e-11
1.8636996113041704e-10
1.0099508729322082e-10
1.6407906977544684e-10
4.6479355086948004e-11
9.626870828283174e-11
1.5044404610975448e-10
2.66223071365701e-10
2.5374025103275244e-10
7.684828468024207e-12
1.4465836861710102e-10
3.75505009031496e-11
8.164949272249089e-11
1.4798413883188033e-10
1.8592079265022932e-10
1.6977513839222524e-10
1.8044499922043045e-11
1.4185194685545355e-10
3.5455385155591657e-11
6.34925861886515e-11
1.3068041093688976e-10
1.6459460183693153e-10
1.902090568384196e-10
3.2227007173979416e-10
1.46833850633854e-10
3.6417945048494715e-11
5.7757323229656876e-11
7.4010783612799e-11
1.870264360048779e-11
9.720989985195772e-11
3.320299937770166e-11
5.6743807569370475e-11
2.0088420510377958e-11
8.889317060223334e-11
6.140982167224251e-11
1.4657618174762632e-10
9.155655400494567e-11
1.8417756209032632e-10
8.019200754827427e-12
9.88869142820592e-12
8.537307666367511e-11
7.869980361840945e-11
1.8165784154700049e-10
1.0585229220927417e-10
8.073670898500751e-11
8.199037976330814e-11
4.162552941222586e-11
1.2229275925257355e-10
8.282774466294995e-11
1.2400491744557485e-10
6.493650062111556e-11
1.238620317423056e-10
1.7145354580527794e-10
8.38900563598921e-12
1.2530107160180215e-11
2.838406246152836e-11
1.329183152432023e-10
8.984805954792563e-11
1.4950383986356286e-10
1.2103198998580922e-10
1.352833990664326e-11
1.210090361247751e-10
1.0805319312912065e-11
1.3927728415019658e-10
5.157358221041797e-11
1.5625976901301186e-10
1.8752394082000023e-10
1.4210133070235997e-10
6.302870031449359e-11
6.790273898715782e-11
1.2144089553411952e-11
