5.693462767908386e-08
6.24796498982505e-08
1.1021421641999041e-07
1.2935481663589599e-07
1.3205318794007326e-07
1.7036958865901397e-07
1.5503991335208411e-07
9.636520559297423e-08
1.1518643816543772e-07
2.0950790258211782e-07
4.036683165509203e-08
1.0070161238218134e-07
2.2080114092659642e-07
4.8330331736679e-08
1.3099676721139986e-07
2.1052109389074758e-07
9.302580394887627e-08
1.7107629446400097e-07
5.2024340391199075e-08
1.3604309856418695e-07
1.5992344515325385e-07
1.9580292587306758e-07
1.361552364187446e-07
1.817705594930885e-07
2.079851810776745e-07
2.8922292116817516e-08
1.7759518300408672e-07
1.9909538195861387e-07
7.188395301227501e-08
2.0518032783911622e-07
1.6319366125117085e-07
1.7302048149758775e-07
1.997469638581606e-07
2.6493765403756697e-08
1.78109019088879e-07
1.6086089260625158e-07
1.2052324471767406e-08
2.1933576022092893e-07
8.132438722441293e-08
1.7616348202409426e-07
4.0453386418448645e-08
1.4123207847660524e-07
2.0661816790834564e-07
4.870307179771771e-08
1.713622244103874e-09
1.525443451555475e-07
2.1369808678173285e-07
1.4737447884272115e-07
4.2392056087692254e-08
1.299412275557188e-07
1.3653608732511202e-07
4.6349587279337356e-08
3.980809637482707e-08
1.0574846243116554e-07
1.9914108406737796e-07
1.9109867466227115e-08
7.018103787004293e-08
2.1238933811673633e-07
6.006413855175197e-08
3.6002789638445165e-09
8.591010214331618e-08
8.950529917228778e-08
3.71085526751358e-08
2.3441199203944052e-08
2.1480290968156623e-07
5.773890521254543e-08
1.1300721780571621e-07
4.034411560382978e-08
5.9134659835535786e-08
2.268179422060257e-08
2.1506923530978383e-07
1.8441124893797678e-07
2.2219488471364457e-07
4.643974304199219
4.145318984985352
0.0011292645940557122
0.0008768659317865968
1.6344742448382021e-07
5.9279674502477064e-08
4.510989626282935e-08
1.0862707000569571e-07
2.1021170937274292e-07
2.1410647832453833e-07
2.0290592317451228e-07
4.6251052765455825e-08
3.7166579147651646e-08
2.0803008737857454e-07
1.395802371462196e-07
1.778286673470575e-07
1.5528661378994002e-07
9.777868115179444e-08
1.161784002334798e-09
1.0189082622528076
0.9260196089744568
0.3950060307979584
0.055058035999536514
3.269728949817363e-07
5.92898743434489e-07
2.4446725888083165e-07
2.18645666905104e-07
239.60958862304688
208.07647705078125
8.464777946472168
365.45904541015625
589.2052001953125
514.8355102539062
376.72808837890625
349.9057922363281
1.466296879470974e-07
7.693515158280206e-08
1.054107343634314e-07
1.975117527308612e-07
1.8145643210232265e-08
2.0995072702589823e-07
7.967469173308928e-08
1.1788311837790388e-07
1.3535958487409516e-07
1.3799889586607605e-07
8.091019765288365e-08
1.9725324307273695e-07
0.7917479276657104
10.453104972839355
19.783910751342773
188.21546936035156
186.62562561035156
24.545616149902344
471.03924560546875
60.92401885986328
309.81329345703125
1732.645751953125
3056.63671875
4968.4384765625
6401.65185546875
3907.36669921875
987.5820922851562
480.59027099609375
5.461290442099198e-08
5.258328883428476e-08
3.670504611363867e-08
1.9407300655416293e-08
4.703790423832288e-08
1.2221018153013574e-07
1.986479603033331e-08
2.0704385406133952e-07
5.4306283914229425e-08
0.0
5.255834594208864e-07
13.960037231445312
29.698650360107422
662.8438720703125
946.8472290039062
3729.6865234375
4436.6748046875
4894.1455078125
2717.14501953125
1995.4937744140625
2946.799560546875
7523.16796875
13174.865234375
19118.3515625
17683.2421875
9069.513671875
2805.534423828125
508.9745178222656
26.18842124938965
18.97801399230957
1.4241817325455486e-07
6.618084302800753e-09
4.6270720588381664e-08
1.9412813401231688e-07
9.63876516379969e-08
1.5001713205009537e-09
228.10830688476562
1.2834382800974709e-07
40.892677307128906
103.53584289550781
503.4190979003906
2549.938232421875
5235.75830078125
9682.4521484375
11169.5654296875
9705.0234375
5947.4560546875
5291.61669921875
7819.830078125
15323.1376953125
23529.693359375
29290.529296875
23603.5
10137.5087890625
3353.4970703125
395.3431701660156
104.3787841796875
29.343769073486328
2.0976062842237297e-07
8.463295841920626e-08
1.5498766003929632e-07
7.839761906325293e-08
1.233045026083346e-07
3.110016280061245e-07
2.0484337426296406e-07
0.4405837953090668
50.81169509887695
708.1924438476562
2255.492919921875
5137.5498046875
10674.5615234375
17797.783203125
18487.888671875
13232.9482421875
8125.8935546875
7797.66845703125
11838.9072265625
20846.8515625
31998.26171875
32511.69140625
22829.0078125
9136.63671875
2467.924560546875
169.79730224609375
10.487045288085938
1.2583441844071785e-07
0.002424682257696986
1.1478308437062879e-07
6.937477081692123e-08
1.8218829112015555e-08
1.6123537704970659e-07
2.7730328611141886e-07
0.7664571404457092
17.30646514892578
773.1572875976562
1864.8232421875
4816.55859375
11110.1650390625
19548.92578125
26558.966796875
22393.982421875
15748.7294921875
8495.810546875
7695.64794921875
14449.44140625
26288.869140625
37259.296875
33310.0703125
17751.5
7887.0263671875
2025.615478515625
128.28407287597656
36.49617385864258
0.012876598164439201
0.014855606481432915
2.3275854132975837e-08
2.0825247304401273e-07
1.5221581861624145e-07
2.479283125467191e-07
0.2941522002220154
109.16179656982422
287.6846923828125
887.0497436523438
2795.820068359375
7980.41162109375
19611.703125
28455.5078125
31797.349609375
22566.2265625
13790.9111328125
7185.30322265625
7163.244140625
16761.033203125
32419.255859375
38650.21484375
29732.5234375
13661.154296875
4542.98583984375
1330.3006591796875
244.80284118652344
201.7071990966797
0.014848199672996998
0.014865630306303501
1.6774743016867433e-07
1.7283259978739807e-07
1.469721837565885e-07
0.008778491988778114
0.32954317331314087
180.19398498535156
388.37384033203125
1314.4052734375
5173.79541015625
13821.62890625
27567.76171875
34131.88671875
30334.84765625
20258.025390625
11041.568359375
6432.03759765625
8312.0048828125
21673.154296875
35951.8125
36282.81640625
27181.09765625
10494.849609375
2534.30078125
1119.9007568359375
387.0686340332031
390.8238525390625
19.01991844177246
0.002620247658342123
3.2168408381494373e-08
1.6093133581307484e-07
1.400302664933406e-07
0.008263800293207169
0.31632909178733826
261.1731872558594
276.0740661621094
2663.986572265625
8790.5185546875
20492.326171875
33162.0859375
37116.4921875
28062.279296875
16383.58203125
5002.45263671875
4121.0458984375
11494.361328125
29642.537109375
40436.6796875
35095.94921875
21034.033203125
7066.79345703125
1355.5751953125
1144.4837646484375
520.33935546875
310.29339599609375
12.98172378540039
1.268723650582615e-07
8.272698437394865e-08
3.315322771868523e-08
1.7433248444831406e-07
0.008735482580959797
0.2798060178756714
0.31455668807029724
77.22687530517578
3862.02734375
12760.28125
25215.818359375
36647.8046875
35348.23046875
22448.900390625
9488.7958984375
3835.34814453125
5757.12744140625
18508.080078125
36124.1328125
40778.890625
31560.31640625
14183.1923828125
6657.53515625
2316.65087890625
1931.58056640625
1427.3699951171875
457.0075988769531
155.62893676757812
1.844201591438832e-07
1.473310646815662e-07
1.6241219213952718e-07
2.0485171603468189e-07
1.0113014425883193e-08
2.6622709015100554e-07
5.409919261932373
743.2869873046875
6500.35791015625
17881.115234375
30525.42578125
38676.609375
32794.00390625
19367.53515625
9791.853515625
9259.1259765625
14125.5087890625
28496.291015625
39348.10546875
39769.16015625
30642.505859375
15230.0634765625
8338.205078125
6283.26025390625
3726.160888671875
2712.494384765625
938.2965087890625
223.89263916015625
1.52032470703125
4.726061320070585e-08
1.5861526492244593e-07
1.8973473459027446e-07
9.997278738183013e-08
8.551177978515625
515.6694946289062
2447.9677734375
8716.8173828125
21287.087890625
35973.69140625
39646.59375
33058.625
26526.375
21835.9921875
21989.67578125
25437.880859375
36794.28515625
42176.86328125
38870.6328125
30300.7734375
18937.77734375
14519.6728515625
10694.4560546875
6998.73046875
4857.8955078125
1292.78564453125
601.8687744140625
1.8892708908424538e-07
1.0599598709859492e-07
1.604002335398036e-07
2.1215556955667125e-07
3.204905851816875e-08
10.315644264221191
977.4847412109375
4062.656982421875
13837.3916015625
24010.28515625
35121.4140625
39983.51171875
37951.98828125
35364.52734375
32724.529296875
33842.21875
37320.80859375
40383.83984375
41910.3203125
37643.56640625
29343.40234375
21344.591796875
15215.30859375
11066.48046875
7160.60302734375
4270.919921875
1394.5516357421875
341.9566650390625
4.553089141845703
1.9586981636621204e-07
5.446860740221382e-08
1.8624164965785894e-07
1.119868784371647e-07
97.94342803955078
767.3809204101562
4581.490234375
12422.6064453125
21597.693359375
28150.87109375
33623.796875
37185.14453125
36576.703125
36403.99609375
35450.390625
37844.75
41948.31640625
41872.70703125
33678.60546875
23744.916015625
17087.54296875
11444.109375
8908.9580078125
5785.9853515625
2571.70458984375
649.0138549804688
9.341666221618652
3.9905600547790527
1.9347623947396642e-07
1.8054160477731784e-07
2.1456389731611125e-07
7.562294257468238e-08
151.05223083496094
1035.1053466796875
3544.350341796875
9184.423828125
14892.3369140625
17976.076171875
21065.751953125
21401.705078125
22913.591796875
25030.619140625
27670.11328125
36948.140625
41738.0078125
38064.7265625
24023.67578125
15545.1455078125
10853.982421875
7026.001953125
5138.58984375
3239.40087890625
1703.1092529296875
535.5552978515625
0.029117390513420105
2.1961372453915828e-07
7.46826387398869e-08
1.459570029282986e-07
1.2721717723707116e-07
0.41765859723091125
27.666688919067383
286.4607849121094
1568.664306640625
3270.557861328125
4419.21240234375
7000.755859375
7184.36181640625
7346.62060546875
9939.7001953125
12922.328125
22136.322265625
37302.75
40011.7734375
32360.564453125
15833.2177734375
7843.1953125
4312.43017578125
3385.377685546875
1852.7432861328125
759.1956176757812
0.0
20.67060089111328
12.901750564575195
1.5386902418867976e-07
5.1675701939757346e-08
1.4650461821474892e-07
2.1673393746368674e-07
2.520618735957214e-08
0.0
0.358916312456131
694.56591796875
884.236328125
1540.958740234375
1697.91015625
1954.7108154296875
2308.931884765625
4536.23876953125
11300.10546875
22322.890625
38604.89453125
37967.95703125
24108.994140625
7400.30029296875
2773.351806640625
250.2672882080078
23.552705764770508
5.159276008605957
2.403552293777466
0.009739309549331665
31.335338592529297
8.921382904052734
1.1103666963663272e-07
1.6266253055619018e-07
1.1619859208167327e-07
2.1656295245975343e-07
2.6403077058034796e-08
2.1265621796828782e-07
7.78708553314209
34.974185943603516
46.90227508544922
49.08790969848633
88.86536407470703
354.034912109375
1532.8397216796875
4790.87109375
13130.2119140625
25902.08984375
37835.96875
33738.4453125
17350.080078125
5427.89306640625
1535.9765625
8.1222505569458
0.45155638456344604
0.7651163339614868
1.6750881671905518
24.746997833251953
63.71929931640625
53.76897048950195
1.4556492544670618e-07
3.7102019234680483e-08
1.1683466993872571e-07
4.5377042567906756e-08
1.37065356398125e-07
7.221922970757078e-08
1.042927593175591e-07
1.670543383625045e-07
1.8611042662541877e-07
107.29702758789062
199.88587951660156
504.6879577636719
3583.293701171875
7302.166015625
17270.3515625
29669.712890625
37470.21875
30338.5234375
14546.33984375
3627.102783203125
705.4703979492188
1.7398343086242676
0.35676026344299316
0.8360751271247864
0.4212413430213928
44.1951904296875
50.731781005859375
28.35338020324707
8.74979306786372e-08
1.8387738975889079e-07
1.2436986196462385e-07
1.9802462247753283e-07
1.2820300376858995e-08
1.9015017471701867e-07
1.7434882693123654e-07
1.1925527587663964e-07
1.7337175961529283e-07
127.77401733398438
268.3968505859375
1682.711181640625
3961.87353515625
9841.9208984375
19869.619140625
30462.53515625
36341.296875
26480.09765625
12711.7763671875
3162.3330078125
829.5779418945312
12.053004264831543
37.20722198486328
0.0
1.207101195177529e-05
24.767141342163086
35.69952392578125
33.476112365722656
2.4640934467315674
1.0983264076003252e-07
2.1828120111422322e-07
2.0969459058051143e-07
4.01244584224969e-08
3.6220512811269145e-08
1.0487411827853066e-07
8.994982891863401e-08
5.4109179359329573e-08
116.78099822998047
541.9826049804688
2055.484130859375
5548.31982421875
12179.396484375
20128.7734375
27833.306640625
30597.41015625
23061.43359375
8897.7666015625
2136.68408203125
579.6895751953125
76.05956268310547
40.35245895385742
35.365970611572266
6.340715685837495e-07
0.016222186386585236
0.0
26.805217742919922
6.306055068969727
8.276897744963208e-08
1.87759363612372e-09
9.538979384160484e-08
7.344005581444435e-08
1.2042143282542384e-07
8.982083699038412e-08
2.1174726327899407e-07
8.657955419266727e-08
0.4202382564544678
444.1501770019531
932.98681640625
4201.09912109375
8518.8583984375
13918.615234375
21181.814453125
21888.884765625
13930.6396484375
6016.4296875
1142.04443359375
199.36740112304688
105.12928009033203
19.064544677734375
21.947704315185547
5.441323196464509e-07
0.018005715683102608
0.0
1.1092845397797646e-07
1.3921457764354273e-07
1.428704763384303e-07
2.82142824659104e-08
1.7580245526005456e-07
1.3093898587612784e-07
1.2046821495914628e-07
1.6177100770065067e-09
5.541370029504833e-08
2.370012310848324e-07
2.9448662530739966e-07
5.393292212829692e-07
74.05977630615234
762.2355346679688
2684.779296875
5392.23046875
7350.41748046875
6545.58349609375
3351.22021484375
699.7386474609375
36.298030853271484
0.006659264676272869
0.0
0.010148762725293636
0.0
0.0
1.5718394763553079e-07
3.3948023059338084e-08
2.0776013798240456e-07
1.4021512129147595e-07
1.7200884050438958e-09
2.5893891475448072e-08
5.998791863248698e-08
9.990103677637308e-08
2.9177719795825396e-08
1.474021900094158e-07
2.4659332353849095e-08
8.020374053785417e-08
4.3973908958605534e-08
5.37986977633409e-07
0.020673565566539764
0.5934925079345703
254.10939025878906
345.8980712890625
621.364990234375
490.1463928222656
37.826656341552734
0.2636024057865143
0.006209499202668667
0.0007279829005710781
2.7320567141941865e-07
1.2901800516829098e-07
0.0
0.0
1.0378867898452881e-07
1.3033691459440888e-07
1.163104670354187e-07
8.304441223572212e-08
6.376875916203062e-08
1.7614512159980222e-07
3.31175868950595e-08
1.7485780290371622e-07
1.8415181557429605e-07
1.5155765709096158e-07
9.68474367368799e-08
1.298328982102248e-07
7.836904103442066e-08
5.639927280753909e-08
1.1625823503891297e-07
2.0844359482907748e-07
6.441492672593085e-08
1.6791253074188717e-05
1.536458876216784e-05
0.003151279641315341
6.388665383383341e-07
1.6632469623800716e-07
2.7533161528481287e-07
5.0796518991091943e-08
6.807329810953888e-08
1.6550745840504533e-07
1.4670206383016193e-07
2.8763748716187365e-08
2.085970152165828e-08
1.7766259929885564e-07
3.0135585693535916e-10
1.472654389544914e-07
4.0756884089887535e-08
