2.4880830551410327e-07
2.7095344989902514e-07
4.441500607299531e-07
3.172777951476746e-07
4.884432200924493e-07
2.2024579493518104e-07
3.670179182790889e-07
4.89953151827649e-07
1.4460472641530941e-07
1.6145845549431215e-08
4.648115066174796e-07
2.2445384217917308e-08
2.631071538417018e-07
2.595417356587859e-07
2.3337685206570313e-07
1.6300135996516474e-07
2.606228974855185e-07
2.9586686878246837e-07
4.462305298602587e-07
2.776390317649202e-07
5.960307589703007e-07
4.317589059610327e-07
4.735161098778917e-07
5.6099498380035584e-08
5.327493113327364e-07
5.156464908395719e-07
2.199473811970165e-07
4.328508964590583e-07
2.1172338904307253e-07
9.381685117659799e-08
5.778440481662983e-07
2.1249189785521594e-07
5.369230962060101e-07
5.357925374482875e-07
4.504751984768518e-07
5.474435624819307e-07
8.572860110689362e-08
1.9744472012916958e-07
4.919941716252652e-07
1.0568984265546533e-07
3.1751216056363774e-07
5.349606340132596e-07
1.4624561117670964e-07
7.220499043114614e-08
2.8468372192946845e-07
3.6059088870388223e-07
3.7229550997608385e-08
8.579274890507804e-08
5.832209808431799e-07
1.6480069575663947e-07
2.047858203013675e-07
3.9197058754325553e-07
5.920313697060919e-07
5.067238930678286e-07
5.473291935231828e-07
5.217041234573117e-07
2.0075630402516254e-07
4.1267747974416125e-07
2.072914639938972e-07
1.3787361297090683e-07
2.0730954020109493e-07
9.561159863835655e-09
3.8497219634336943e-07
3.3936728982553177e-07
4.1896066704794066e-07
3.3644721497694263e-07
3.033509017313918e-07
5.57514113097568e-07
1.3283035968925105e-06
1.277979777114524e-06
9.306211268267361e-07
1.7061722701328108e-07
1.9237555193285516e-07
4.8162911525651e-07
3.54950827841094e-07
5.223342895988026e-07
3.9484632452513324e-07
2.9421073577395873e-07
5.886391818421544e-07
1.537401459472676e-07
5.67889060221205e-07
3.975950733092759e-07
2.4549237309656746e-07
1.1490733697883115e-07
5.1134986733814e-07
1.736247696726423e-07
4.849518404625996e-07
5.391211743699387e-07
5.353627443582809e-07
2.2022982548719483e-08
3.026650574611267e-07
2.005670580729202e-07
9.301727743604715e-08
9.150949864533686e-08
3.747094581285637e-07
1.5067490721776267e-06
1.3904168605804443
2.066772937774658
2.379289150238037
2.6369967460632324
3.229255199432373
2.514462471008301
3.900601939221815e-07
5.201052886150137e-07
1.0869738531482653e-07
5.380695711210137e-07
5.129683700033638e-07
5.43099076821818e-07
5.503772015913455e-08
5.774064675279078e-07
4.557791442039161e-07
2.8016265218866465e-07
1.2759400647155417e-07
2.453444380989822e-07
0.016560232266783714
1.8992794537098234e-07
2.2725373582943575e-07
4.887694444732915e-07
0.0
84.32403564453125
94.7532730102539
336.5745544433594
1128.7877197265625
2805.99462890625
3604.58349609375
3338.651611328125
3050.227783203125
2478.651123046875
1905.8057861328125
1064.6275634765625
402.3801574707031
450.4022521972656
159.42762756347656
87.94224548339844
166.0742645263672
142.8648681640625
103.82107543945312
73.53632354736328
7.30118188130291e-08
2.7493018706081784e-07
1.558768332188265e-07
4.6621235583188536e-07
2.9524531441893487e-07
2.902940998694703e-08
2.274126131851517e-07
382.6148986816406
852.117919921875
2433.88671875
6519.37255859375
12392.0078125
16964.3046875
20566.431640625
24567.021484375
23572.98828125
23169.56640625
19311.421875
12442.70703125
9254.3017578125
5314.20703125
3160.30078125
1694.5888671875
1851.1983642578125
667.5101928710938
139.5208282470703
169.5286407470703
0.2704989016056061
0.10673204064369202
5.631865178656881e-07
2.704892096971889e-07
2.1461552535129158e-08
7.431388127088212e-08
0.04845457151532173
146.86648559570312
1030.4554443359375
3399.5830078125
8052.6416015625
15084.8701171875
22716.91015625
28071.587890625
31370.37890625
33143.83203125
33875.1796875
31978.01953125
29877.67578125
26136.474609375
18940.701171875
12820.921875
6741.97412109375
4025.769287109375
2461.47412109375
1804.509033203125
171.95401000976562
84.32942199707031
0.36095747351646423
0.4155730605125427
3.1427543945028447e-07
2.9220757369330386e-07
2.832127847796073e-07
3.0719002097612247e-07
0.12772628664970398
284.6606750488281
2102.269775390625
7534.48779296875
15510.3271484375
24647.041015625
29936.208984375
33650.91015625
32473.314453125
29620.19140625
28593.85546875
30041.458984375
30035.087890625
30841.916015625
25799.810546875
19756.10546875
12777.134765625
7769.5185546875
5356.6953125
2460.551025390625
297.5000915527344
210.23477172851562
17.281749725341797
0.017265930771827698
2.0265544797837265e-09
3.5759308048000094e-07
5.656727353198221e-08
4.391309857965098e-07
0.546573281288147
1157.5672607421875
3287.815673828125
10449.728515625
20859.724609375
27092.69140625
31758.146484375
29147.94921875
22815.880859375
17888.740234375
17478.177734375
18114.373046875
23078.025390625
25875.51171875
25867.591796875
20826.439453125
15890.3740234375
11228.849609375
6761.75244140625
4147.57421875
823.9881591796875
711.5225219726562
290.3847961425781
1.9299809537187684e-06
2.0011319179502607e-07
5.723696290260705e-07
4.146046990172181e-07
2.7515017109180917e-07
0.3824799656867981
1179.2244873046875
4167.3310546875
9778.880859375
18141.654296875
26147.68359375
27625.376953125
21747.884765625
13890.884765625
8560.3251953125
7986.7294921875
11391.71875
14622.3193359375
20484.43359375
23676.642578125
22550.052734375
17293.525390625
12417.6494140625
6300.21923828125
3338.166015625
1088.170654296875
598.6583862304688
72.64910125732422
21.299585342407227
2.963018346235913e-07
5.299582426232519e-07
3.692283314649103e-07
0.0
0.38156384229660034
1206.534423828125
4332.1796875
8855.1904296875
16314.08984375
22599.447265625
23537.21484375
17762.80078125
11232.1591796875
6706.953125
5373.84228515625
8741.9326171875
13302.734375
18899.0625
23911.26953125
22814.361328125
17279.501953125
10319.8203125
5495.00146484375
2567.275634765625
595.9693603515625
234.60894775390625
25.158620834350586
28.803752899169922
1.722731646225384e-08
2.8147844943759992e-08
2.1951966289179836e-07
0.0
0.0191010981798172
936.8349609375
3908.629150390625
7565.57958984375
14146.9306640625
20459.787109375
21541.32421875
20592.259765625
12841.0224609375
9056.1337890625
9916.69921875
12971.62109375
18140.9375
22903.884765625
24527.75390625
20532.51953125
14180.734375
8882.93359375
5421.9658203125
1473.572509765625
252.61569213867188
134.16275024414062
19.33788299560547
1.8717611283136648e-07
8.348374791466995e-08
6.44419841933086e-08
2.798932143832644e-07
1.6945961078818073e-07
2.6724006829681457e-07
369.8952941894531
1628.0479736328125
4506.18896484375
9570.6494140625
16391.677734375
20688.46484375
23155.53125
20482.642578125
18299.015625
18530.546875
19595.017578125
23224.7734375
25354.55859375
23635.7578125
18246.583984375
11338.09375
6100.12109375
2865.47265625
963.3269653320312
205.18307495117188
30.495662689208984
2.821281270826148e-07
2.2100961416526843e-07
2.642260881202674e-07
4.171852481249516e-07
1.3546241461881436e-08
5.680706181010464e-07
4.67201402898354e-07
380.4278564453125
482.3724365234375
2753.476318359375
6145.72412109375
10100.0263671875
16709.56640625
21901.77734375
24905.572265625
25030.2421875
26332.21875
26921.55078125
27748.369140625
26084.833984375
20713.30078125
14006.2294921875
9050.634765625
3820.77587890625
590.2142333984375
288.7882995605469
230.31796264648438
1.2628717422485352
6.142751090010279e-07
2.121410318522976e-07
1.7461910317706497e-07
5.6092510192229383e-08
5.464488594952854e-07
4.4575523361345404e-07
5.763646981904458e-07
45.816619873046875
204.45510864257812
1502.923095703125
3034.083251953125
5952.0087890625
10776.2197265625
17592.517578125
24900.08203125
28894.009765625
31169.548828125
32156.0
30558.931640625
26373.654296875
19618.59765625
12062.177734375
7204.68603515625
2015.9727783203125
418.60528564453125
78.55655670166016
1.307436466217041
88.6430435180664
6.801878953410778e-07
6.36849563306896e-07
4.616011750613325e-08
2.4107774265758053e-07
1.1482138972951361e-07
5.361903845368943e-07
3.458667094946577e-07
4.898645897810638e-07
0.0
359.3083190917969
1313.2755126953125
3058.36767578125
6287.18994140625
12026.541015625
19158.982421875
26726.97265625
31630.76953125
33038.97265625
32491.34765625
28634.42578125
22282.10546875
15476.177734375
8418.9521484375
3670.89794921875
1223.4371337890625
509.27154541015625
581.3290405273438
73.89498901367188
4.988177693121543e-07
3.246310882332182e-07
2.8540512175823096e-08
2.852589773283398e-07
4.810418090528401e-07
2.1793587734464381e-07
5.97470148022694e-07
6.979952331676031e-07
29.51749610900879
365.0556640625
1068.3056640625
1032.1748046875
3060.620361328125
9419.6943359375
15957.0126953125
24260.6953125
29989.537109375
29369.04296875
30536.234375
29882.69140625
26391.72265625
18610.49609375
11238.1748046875
5964.67431640625
2569.747314453125
843.1401977539062
444.91717529296875
16.857187271118164
2.2171279567828606e-07
4.0190184336097445e-07
2.851930389624613e-07
5.969101124492227e-08
2.2159315449243877e-07
5.970393885945668e-07
6.716940674778016e-07
6.935358101145539e-07
47.45331573486328
247.04417419433594
928.54345703125
1465.213623046875
4113.97265625
9483.3994140625
15464.1318359375
23508.44140625
24332.734375
23399.1875
22128.97265625
25788.140625
26220.6171875
23835.197265625
15818.048828125
8672.896484375
4385.4501953125
1514.132568359375
706.130126953125
120.61817169189453
115.44100952148438
3.030520474567311e-07
4.408653637710813e-07
2.1075905465295364e-07
3.629671994076489e-07
9.945493673058081e-08
6.297785830611247e-07
6.29534213203442e-07
308.3727722167969
479.5927429199219
392.9160461425781
1985.010498046875
5155.81201171875
10628.4912109375
18391.533203125
22261.357421875
20031.962890625
15081.8388671875
13150.4150390625
17632.443359375
22152.236328125
24907.9375
18834.630859375
12981.3994140625
6879.328125
2440.6181640625
927.71875
347.6009216308594
208.53684997558594
1.515735590373879e-07
5.174117063688755e-07
4.998027236524649e-08
1.5738197589598713e-07
3.281872977822786e-07
1.1102277994723408e-06
33.00688171386719
492.1309509277344
496.7029724121094
372.11199951171875
1644.1326904296875
6099.24462890625
11628.982421875
17780.892578125
21120.634765625
17327.859375
11279.09375
9074.8720703125
13309.7861328125
19702.751953125
25969.119140625
21433.439453125
15652.0986328125
8991.83984375
3232.32861328125
1404.594970703125
344.9073181152344
210.3473358154297
4.880293431597238e-07
1.6386830736792035e-07
5.554974222832243e-07
2.661824538563451e-08
1.227743808840387e-07
1.6775787798906094e-06
128.9438018798828
521.065185546875
672.8321533203125
294.2647705078125
1946.821533203125
7429.00732421875
12027.2060546875
17829.53515625
21973.34765625
16874.74609375
11485.767578125
7682.79296875
10356.310546875
19819.298828125
26458.845703125
24952.912109375
16333.83203125
10448.9443359375
4330.7705078125
2598.212646484375
1097.1136474609375
6.393087801370712e-07
3.166408930610487e-07
3.206052312521024e-08
4.911647124572482e-07
2.659640188085177e-07
9.627239450082925e-08
1.4959281315896078e-06
140.71299743652344
304.3216552734375
520.4515380859375
590.9774169921875
1815.074951171875
8245.9951171875
12666.6298828125
19454.736328125
24804.12109375
22611.302734375
17502.939453125
15181.3857421875
17786.14453125
25078.830078125
30225.39453125
25238.78125
17368.310546875
9107.1572265625
4203.29931640625
2438.2880859375
856.8143310546875
0.0001834040740504861
4.484184330522112e-07
3.7581432366096124e-07
4.42772233100186e-07
1.7992779532960412e-07
3.901266723005392e-07
1.7300352510574157e-06
0.005965306889265776
432.34130859375
497.256591796875
599.5347900390625
1412.2978515625
6603.37158203125
11776.0009765625
18163.037109375
24920.212890625
28323.078125
27453.107421875
24988.11328125
28236.75390625
30987.447265625
30895.287109375
24985.998046875
13905.603515625
6662.2763671875
2625.156494140625
772.6243896484375
143.89529418945312
4.075164667938225e-07
5.325269967215718e-07
3.185629893209807e-08
4.3211787215113873e-07
3.6244657053430274e-07
1.0840704334214024e-07
0.004629430826753378
0.2245454341173172
0.1896948665380478
79.27362060546875
536.7385864257812
1149.644775390625
3147.99853515625
9713.84375
13899.8828125
23126.96875
28326.76171875
31296.712890625
31659.36328125
33247.171875
32163.44140625
27000.974609375
18855.7265625
9465.671875
4125.20654296875
889.3709716796875
233.50685119628906
67.600830078125
4.711688745828724e-07
3.387033986612664e-09
1.26060399452399e-07
4.106337598841492e-07
2.8292609499658283e-07
2.2254299381074816e-07
0.03890494257211685
0.23614078760147095
0.2191721647977829
4.453464984893799
9.109328269958496
96.6762924194336
1145.358642578125
3476.341552734375
7491.69384765625
13937.6591796875
20458.07421875
23865.46484375
25890.275390625
25067.96875
21711.4921875
14585.3056640625
7033.16259765625
3838.025390625
1526.5897216796875
266.08404541015625
169.0951690673828
114.46210479736328
91.49789428710938
5.908635785090155e-07
1.3997215830841014e-07
4.266782411832537e-07
5.775136173724604e-07
3.654665761132492e-07
3.8747720054743695e-07
0.1602875292301178
0.1520823836326599
0.1522788405418396
0.6803593635559082
4.42421817779541
3.0864148139953613
228.01283264160156
1097.1658935546875
1933.1053466796875
4129.1494140625
4688.61962890625
4518.46728515625
4300.796875
2221.854248046875
961.2041625976562
852.550537109375
477.2077331542969
183.5303955078125
4.888834723715263e-07
2.5307349460490514e-07
1.8790617950514843e-09
2.0409953549460624e-07
1.7973907517898624e-07
1.7022271592281868e-08
1.0556567175967757e-08
4.585575084092852e-07
3.1867591587797506e-07
4.529569253008958e-07
2.624458659283846e-07
5.573858743446181e-07
5.736499133490724e-07
3.029962556411192e-07
4.2108356979042583e-07
3.900333922501886e-08
5.044575246415661e-08
5.897526875742187e-07
2.7089248533229693e-07
2.2023908741175546e-07
5.922498758081929e-07
4.7814722847761e-07
3.7504338479266153e-07
3.196810780536907e-07
4.072797992193955e-07
1.1540311817270776e-07
2.8191314527248323e-07
7.460041473450474e-08
2.721496912272414e-07
2.383637109915071e-07
4.0317831917491276e-07
5.852401727679535e-07
2.2187714421306737e-07
4.7398464175785193e-07
2.919954340541153e-07
3.1506083075782954e-08
3.7887517123635917e-07
5.020236244490661e-07
3.059418247630674e-07
5.699649250345828e-07
5.375881073632627e-07
2.5583872798051743e-08
4.846871348718196e-08
2.206679141636414e-07
4.0833731418388197e-07
2.630154369853699e-07
5.063418484496651e-07
3.4308601470911526e-07
3.0617948709732445e-07
4.10670992323503e-07
1.1314489967162444e-07
7.323882300624973e-08
2.886181391659193e-07
1.849474671189455e-07
1.9913179016839422e-07
5.571145038629766e-07
5.159958504918905e-07
5.893593311157019e-07
5.645277383337088e-07
4.844762884204101e-07
3.3105024499491265e-07
5.897833261769847e-07
