6.093677562546418e-09
8.693075592702826e-09
1.0361606017639247e-09
9.199325190500929e-10
1.1048463477436599e-08
1.4737201681214174e-08
1.5921338913926775e-08
6.699931720532959e-09
1.2233912549675097e-08
6.7823076044248864e-09
3.4666094994584284e-10
1.4142974569253397e-09
9.704698378243393e-09
6.697751242512595e-09
1.4998766673102182e-08
1.370160651603669e-09
4.936659081522521e-09
7.511396837855955e-09
8.5682207995319e-09
8.92654483664046e-09
1.2914727065549414e-08
7.98773402976849e-09
6.188380363703061e-10
2.8360225279300266e-09
5.619177345650428e-10
1.1876080563411051e-08
3.417411020834038e-09
1.1725496129599833e-08
1.178120379030645e-09
1.5940107900291878e-08
1.628435519762661e-08
8.730881018159664e-10
5.099377808903682e-09
6.589141232637985e-09
1.572936980664963e-08
1.602460031335795e-08
8.096566972426444e-09
1.1729341053978715e-08
8.831740672121668e-09
1.0655664794967379e-08
1.3331614034939321e-08
8.967734999032473e-09
1.611760502839843e-08
5.023826243899521e-09
1.1700193702779416e-08
1.435466234767091e-08
7.206053975750137e-09
2.757921446772116e-09
2.711471047689429e-09
4.565626099406472e-09
2.8568556409425128e-09
5.812422543272078e-09
8.269887885603566e-09
1.0103917702508625e-09
6.501465588115707e-09
2.0383874588247863e-09
1.1001229927032341e-09
1.562152185385912e-08
1.5658677909868857e-08
4.884776139135738e-09
1.5915416540224214e-08
7.367137566660631e-09
9.944193912758692e-09
4.499303596361415e-09
5.333164812548752e-11
9.252332233700145e-09
6.498245053165874e-09
1.5321662161227323e-08
1.414881634076437e-08
1.2619108424871683e-08
4.291476951578943e-09
1.1681782652317452e-08
2.0377967757667648e-08
1.628559509470051e-08
1.5293665001081536e-08
5.753928444818257e-09
1.634358959279325e-08
7.563623505291162e-09
4.094216077277224e-09
1.454646980647567e-08
1.5965087030167524e-08
1.2986665964831445e-08
1.5878386605550077e-08
1.1583362713452061e-08
7.746156605037413e-09
6.042329747657504e-09
1.2332218801702766e-08
1.5655785556845103e-09
4.163916766941611e-09
1.3031439038968529e-08
6.158989318549857e-09
3.5331555459094943e-09
1.247354219913177e-08
4.805514652872489e-09
7.807601676290687e-09
1.4373780388154955e-08
69.37626647949219
186.58612060546875
242.60040283203125
195.47348022460938
174.81275939941406
167.88421630859375
78.36026000976562
2.4446978841297096e-06
2.1614879130993359e-07
9.549488311222376e-09
9.893869723498483e-09
1.540909977393312e-08
7.849440208929082e-09
1.1265994359632714e-08
6.83940959422813e-11
7.807599899933848e-09
1.3925396835645643e-08
9.405098921888566e-09
1.2258135839715578e-08
1.0580304410368058e-09
0.7090479135513306
1.1306393146514893
0.0
0.02590102329850197
1.3389742374420166
454.7121887207031
970.0634765625
2501.996337890625
5516.630859375
6725.90966796875
7566.56591796875
7708.279296875
7254.76611328125
7383.03466796875
4548.96044921875
2971.2744140625
1258.9127197265625
204.49136352539062
0.0584411546587944
5.315208454703679e-06
1.6268058899981952e-08
9.309387927203261e-09
4.853841772956002e-09
1.484220835124006e-08
1.6480916187333605e-08
1.4550583848915721e-08
1.529261162147577e-08
1.000459270983356e-08
4.483013960054905e-09
0.0
0.0487433597445488
1.1880161762237549
797.5902709960938
1706.4932861328125
3477.72119140625
8498.16796875
13806.59765625
15319.521484375
21017.392578125
24488.865234375
23845.890625
22969.05078125
18730.8046875
14109.841796875
6861.3046875
2346.177734375
492.97161865234375
9.033133506774902
3.897043754363949e-08
1.2555139150549621e-08
1.1362717877716477e-08
2.2390274079242545e-09
7.993436135222964e-09
6.338571445496655e-09
1.2899471713012645e-08
3.3418299238974214e-09
5.419569681919256e-09
1.9270776974167347e-08
0.0
778.3646240234375
2481.079345703125
4599.42431640625
11710.4306640625
17233.470703125
21103.8203125
24932.3671875
27205.912109375
27883.904296875
27555.544921875
26048.65234375
26229.830078125
21696.453125
16392.642578125
8520.3671875
2026.4288330078125
544.7363891601562
0.44813722372055054
3.7681381570564554e-08
1.6171254557661996e-08
2.4602995196687516e-09
1.2220297662679513e-08
5.6139390913756415e-09
1.2728738951750529e-08
1.3964577050273874e-08
1.1935731514256531e-08
2.152587974535436e-08
125.03426361083984
1283.0084228515625
5547.85400390625
12683.7568359375
20456.857421875
24842.05859375
28199.044921875
26315.66796875
24848.189453125
24828.591796875
25036.658203125
25726.05078125
26922.1484375
27840.896484375
24075.583984375
18121.97265625
9232.9697265625
2317.270263671875
268.0780029296875
3.5133549403099096e-08
1.643594238487367e-08
7.708298888076115e-09
1.3965554934713964e-08
4.590213542599031e-09
2.699608092626704e-09
9.857441085614482e-09
7.49337214500656e-09
64.45002746582031
503.1421203613281
2789.11474609375
10326.7041015625
19142.896484375
25143.748046875
26146.130859375
24116.23828125
21403.4921875
20864.888671875
20517.107421875
19817.57421875
19554.572265625
21992.318359375
26537.830078125
27840.21484375
24071.681640625
16378.345703125
6753.45263671875
774.642578125
1.547071093455088e-08
3.3034031066137004e-10
1.7691784703899316e-09
3.467774289944714e-09
1.4510696644265408e-08
2.542054033938257e-08
2.551697342312309e-08
0.0
106.89244842529297
1336.916015625
7366.681640625
17168.56640625
26329.412109375
28743.986328125
24968.576171875
20378.826171875
18031.671875
14419.28125
12966.5390625
11760.1826171875
11468.7041015625
13621.595703125
17306.392578125
23985.9609375
28012.4140625
22237.375
10572.31640625
2122.4375
0.7413572072982788
1.8609457308471633e-09
5.284724657883544e-09
1.556387137224835e-11
6.138937802546707e-09
2.052252945361488e-08
1.630947110697889e-08
22.413249969482422
648.69287109375
4374.4501953125
14945.1416015625
24185.25
29177.14453125
25646.44140625
19733.267578125
16001.3994140625
11610.3173828125
7963.80322265625
6977.26611328125
5938.505859375
5443.044921875
7090.2783203125
11652.0205078125
19280.408203125
26839.29296875
25878.32421875
16586.712890625
3890.9052734375
41.38570022583008
2.9134485934889653e-09
7.633016441133122e-10
1.637234881002314e-08
1.2584000508297777e-08
2.290836853546807e-08
2.642087082449507e-08
109.39225006103516
1120.1337890625
10044.119140625
22103.7578125
28686.673828125
28313.654296875
20574.400390625
14753.4052734375
10549.517578125
5815.16015625
3878.629150390625
3086.703125
2673.736328125
2377.21826171875
3393.34033203125
5594.57275390625
13829.986328125
25072.609375
28748.818359375
19500.943359375
7572.85107421875
13.757044792175293
1.3771843221377367e-08
4.962144473097396e-09
1.4030701933620549e-08
1.6073631314839076e-08
7.505924770612182e-09
1.2085582312693077e-08
232.83023071289062
5184.88037109375
16120.6259765625
28317.515625
29026.16015625
22490.96875
14495.6591796875
7657.1650390625
4392.55419921875
2754.7431640625
1411.2481689453125
1548.0423583984375
1342.7486572265625
1093.7154541015625
1845.40234375
4825.87255859375
12408.09375
21679.291015625
28141.673828125
22226.765625
9155.052734375
22.959152221679688
1.0058786692468402e-08
1.0184984411409914e-08
3.6627625377150252e-09
1.317271447476287e-08
1.2672456861650971e-08
7.994727546645208e-09
615.4921264648438
8601.59765625
20734.57421875
28992.1171875
27933.08984375
18206.06640625
9142.2666015625
4010.78515625
1033.1295166015625
1225.3662109375
664.1689453125
1000.918701171875
862.8457641601562
261.3744201660156
926.8646240234375
3320.91455078125
10295.4091796875
21713.36328125
27837.458984375
23346.693359375
11090.6728515625
15.135653495788574
1.1453663795180091e-08
5.434985794749991e-09
1.3568457468693396e-08
1.4492101740870567e-08
1.5447080059516338e-08
2.094574957922646e-09
1843.31494140625
12184.2314453125
25330.10546875
29114.173828125
24212.478515625
12538.3642578125
4919.99853515625
2592.576416015625
671.679443359375
679.1884765625
678.6964721679688
174.09979248046875
28.225934982299805
28.207355499267578
706.709228515625
3036.72705078125
9033.091796875
21997.76171875
27666.396484375
23765.619140625
10859.65625
17.151166915893555
8.949843532946034e-09
1.1190798510085642e-08
6.46162012785112e-09
7.009983704620026e-09
1.0856441079454271e-08
6.493956039577142e-09
3059.050048828125
15619.1904296875
27275.22265625
28482.625
21726.86328125
8601.62109375
2849.58642578125
562.930908203125
299.6927795410156
151.97122192382812
102.15171813964844
21.409196853637695
12.90183162689209
17.626514434814453
389.5845642089844
2861.210205078125
12046.9345703125
23101.341796875
29272.63671875
22699.83203125
9353.259765625
13.164458274841309
1.1273893818497527e-08
6.240500116660996e-09
1.5369694850164706e-08
1.4182260699158178e-08
1.6348575826441447e-08
7.978649740891797e-09
4626.52978515625
17344.6015625
28070.34375
28305.470703125
20014.0078125
6399.3359375
2075.331787109375
337.588134765625
78.87200164794922
14.920756340026855
15.90089225769043
8.681833267211914
7.841919422149658
61.17790985107422
1590.2579345703125
6635.4716796875
16751.408203125
24919.5390625
27435.134765625
19720.451171875
6581.24072265625
214.0528564453125
6.853452916288916e-09
8.731318779098274e-09
1.606103339213405e-08
1.0335535094441184e-08
1.4461167374690831e-08
6.324262447066076e-09
4834.20751953125
19843.587890625
27154.3359375
26389.00390625
17660.779296875
4962.03125
1616.7176513671875
393.44036865234375
89.56206512451172
28.68025779724121
23.377342224121094
26.592832565307617
342.2334899902344
1748.21826171875
4352.87353515625
12943.33203125
22620.00390625
27901.037109375
25908.533203125
13155.771484375
4176.267578125
311.8517150878906
5.0866058032283945e-09
7.165289250821161e-09
5.783541978665596e-10
2.0555810387179463e-09
1.186032516642399e-08
5.805540492787031e-09
4561.60400390625
18888.494140625
27160.13671875
25855.59375
17992.2421875
5881.41162109375
1866.6068115234375
540.3535766601562
626.3948364257812
298.7317810058594
498.1405334472656
1198.1251220703125
2763.703857421875
5161.0947265625
12348.90625
19951.37890625
26724.171875
28159.220703125
21129.51953125
7691.859375
1943.0504150390625
266.7579345703125
2.9483291363874287e-09
6.002508268210249e-09
1.1817978595729528e-08
6.042008671158783e-09
9.826184310668395e-09
1.9861079891825284e-08
4767.78857421875
17370.32421875
27146.068359375
26144.64453125
20948.294921875
11269.5390625
5452.99755859375
2800.536865234375
2165.851318359375
2315.708251953125
2550.862548828125
4712.37939453125
8794.12109375
14411.6650390625
20618.521484375
26570.642578125
26904.646484375
22978.271484375
10720.2265625
4228.044921875
910.829345703125
256.447998046875
1.1596410942615876e-08
8.398853168500864e-09
1.3657050601523224e-08
9.581412108161658e-09
7.741946639328035e-09
80.0103988647461
2733.3515625
13153.021484375
24670.87109375
27960.0078125
24191.990234375
18419.31640625
12595.626953125
9678.0791015625
9082.537109375
9904.8759765625
10602.37890625
14505.6064453125
17981.107421875
22548.61328125
27626.484375
28430.7265625
22980.724609375
11408.21484375
5179.58056640625
1141.905029296875
338.54217529296875
290.06756591796875
1.2120066728016354e-08
6.88898227352297e-09
1.051171683030816e-08
4.444414614113157e-09
1.8254434408504494e-08
80.0103988647461
922.1707153320312
8249.751953125
19460.41796875
25049.443359375
27119.236328125
25929.650390625
23600.27734375
20282.84765625
20366.87890625
21169.91015625
21509.96875
24262.96875
25786.859375
28215.71484375
28175.830078125
19253.775390625
10588.7431640625
4802.88134765625
1611.345947265625
379.9786682128906
233.5460662841797
6.129809548838239e-08
7.864495721321418e-09
1.2422226802755176e-08
4.055718871853742e-09
1.6230192301236457e-08
1.0838499875376328e-08
1.5880873505125237e-08
383.9710693359375
3071.013916015625
9919.1923828125
20127.150390625
25476.17578125
27431.19140625
28024.154296875
27585.296875
26951.154296875
27830.703125
28091.171875
27895.74609375
26382.201171875
23017.46875
15898.27734375
8735.7705078125
3881.164306640625
1868.3074951171875
460.51123046875
221.8464813232422
4.870981501881033e-05
5.670931457757433e-08
8.746591007025017e-09
2.707726265427368e-10
9.711287773939148e-09
1.1196852334194318e-08
1.6376384692762258e-08
1.0925804261319172e-08
62.873802185058594
1781.89599609375
3694.259033203125
8700.4541015625
14373.0517578125
21957.33984375
24376.841796875
25469.513671875
25236.6328125
25143.6171875
23766.916015625
20290.19140625
15797.2783203125
10405.8583984375
5782.89306640625
2907.603515625
856.6193237304688
0.08292212337255478
0.0
5.974266605335288e-05
5.842845141046382e-08
4.9464521367781344e-08
1.178482866848185e-09
1.226266199694237e-08
3.474754928234347e-09
1.293491003195868e-08
1.634128565797255e-08
6.537332009060037e-09
0.02185853011906147
394.234619140625
1104.708984375
2222.912109375
4117.97265625
8169.38427734375
9138.73828125
10078.544921875
11230.4384765625
10222.1630859375
8950.3056640625
6408.81005859375
3572.008056640625
2213.103515625
855.7796630859375
432.79052734375
0.011663052253425121
0.0012648681877180934
7.172970072133467e-05
1.9054708900512196e-05
5.043222284228932e-09
2.1607884370666852e-09
1.5447358947540124e-08
1.0915788273280214e-09
1.906193647371879e-09
8.837264253713784e-09
1.5969025213280474e-08
3.4854539254780548e-09
6.23767570928635e-09
5.638322253531669e-09
19.391401290893555
34.78844451904297
80.8514175415039
116.89813232421875
110.93984985351562
90.35909271240234
58.09001159667969
29.172616958618164
7.280698299407959
64.73884582519531
183.9407196044922
0.0
6.666587523795897e-06
6.69004691644659e-08
2.7934490276493307e-09
1.6092879207008082e-07
1.5345003134825674e-07
9.759829389111019e-09
5.358845034386661e-10
1.3028578216278675e-08
1.19040715063079e-08
9.33915877965319e-09
5.285260007426018e-10
6.010036024406418e-09
8.155069508575252e-09
1.2285837236447605e-08
9.013664814538913e-10
8.250601979398198e-09
1.440027563859303e-08
8.472629708933255e-09
6.759333093242503e-09
2.5173558793056827e-09
3.415755234215112e-09
7.480492669742489e-09
1.1998782412092623e-08
1.3474047433348346e-09
1.507572378045552e-08
2.1830656393717618e-08
2.6937506447666237e-08
1.8386650424417894e-08
2.154993161695984e-08
1.7616097025552335e-08
5.958013193918532e-09
1.3494414474735095e-07
1.6218324105921056e-07
7.000038326765434e-09
1.048470466002982e-08
5.533390634582247e-09
1.6014189085922226e-08
6.324395229739821e-09
4.5105119639288205e-09
8.610152590904363e-09
3.339064580387685e-09
3.6796181657194893e-09
1.646292524526416e-08
1.4986115459691973e-08
3.482518717845551e-10
6.374350380866645e-09
3.8962935100528284e-09
9.148440227590982e-09
2.102142460103096e-09
1.5376006246015095e-08
9.73633795808837e-09
1.3736065618275006e-08
1.09273203818816e-08
8.5784686021384e-09
9.58937196315901e-09
2.302477497551081e-08
1.9806286388757144e-08
6.8194396796172896e-09
1.825023909773904e-09
1.561445515108062e-07
1.6788216328222916e-07
7.514083932846916e-08
1.177093711390853e-08
5.2084705437493994e-09
1.4699940820150914e-08
1.3016077105021395e-08
