1.1723990382961347e-06
2.4723971137063927e-07
6.280634465838375e-07
5.209241749071225e-07
5.157381792741944e-07
4.083288445144717e-07
2.5059123345272383e-06
1.4082315829000436e-06
1.0748196928034304e-06
1.323216224591306e-06
1.567592448736832e-06
2.0655068055930315e-06
1.043936435962678e-06
1.073811972673866e-06
2.8162037324364064e-07
1.1846219649669365e-06
1.0961564385070233e-06
2.2602312128583435e-06
7.15150974883727e-07
2.6648860966815846e-06
1.992952775253798e-06
1.7895046084959176e-06
2.0021084878862894e-07
1.804214321055042e-06
1.6904306221476872e-06
9.134818697020819e-07
1.251865000995167e-06
9.475513138568203e-07
5.077045557300153e-07
1.3719384241994703e-06
1.870299456641078e-06
1.0460624935149099e-06
2.007175453400123e-06
2.075571956083877e-06
4.1245414195145713e-07
4.8957982556885327e-08
7.984696139828884e-07
1.6851938653417164e-06
2.2400358830054756e-06
4.7141870140876563e-07
1.1241959327890072e-06
9.081305165636877e-07
1.1951591432080022e-06
2.5389334723513457e-07
1.5181783510342939e-06
2.180054707423551e-06
5.7411877918411847e-08
1.4869951883156318e-06
2.453340357533307e-06
1.5278404816854163e-06
2.4885118818929186e-06
1.49542654526158e-06
6.186694463394815e-07
2.318350198038388e-06
1.0619633030728437e-06
1.34547951802233e-06
1.949652414623415e-06
1.0067763014376396e-06
3.700040167586849e-07
2.2687499949824996e-06
9.752728828971158e-07
2.253994580314611e-06
4.052006943311426e-07
1.4442768758726743e-07
2.089696636176086e-06
1.5786279163876316e-06
1.380390813210397e-06
2.456099309711135e-06
1.8472902638677624e-06
8.543711942365917e-07
1.127130246914021e-07
2.1168730199860875e-06
7.153032299811457e-08
1.741376465247413e-08
7.789943197167304e-07
1.8024022665485973e-06
1.6821682038425934e-06
1.350084403384244e-06
1.2043734614053392e-06
1.7818161950344802e-06
2.3995542051125085e-06
1.0368821676820517e-06
1.3795684026263189e-06
2.2747810817236314e-06
1.1553433978406247e-06
1.2020954898162017e-07
1.2081528666385566e-06
5.384547421272146e-07
1.8297257611266105e-06
2.054707010756829e-06
1.647205976951227e-06
0.06256327778100967
0.06134769693017006
0.055859796702861786
0.0
0.016410041600465775
128.00390625
92.24462890625
168.747314453125
126.97535705566406
108.21829986572266
136.2102508544922
49.741905212402344
0.0002594522957224399
8.500258445565123e-06
4.123771304875845e-06
5.926513949816581e-06
2.056929361060611e-06
2.325816694792593e-06
2.6371374133304926e-06
9.321670546569294e-09
1.4447853118326748e-06
4.259530328454275e-07
1.0127763516720734e-06
0.01621728390455246
6.308209066219206e-08
1.5825959280846291e-06
6.948854434085661e-07
0.4322146773338318
4.2325615882873535
24.785612106323242
434.6457824707031
1354.1243896484375
2892.22900390625
7121.017578125
9593.9384765625
10342.4775390625
10342.037109375
7989.95654296875
4999.75732421875
3060.483642578125
1246.5802001953125
438.4830627441406
2.9512057304382324
0.0003289635060355067
0.0005301586352288723
2.1483656382770278e-06
4.499024441884103e-07
4.932718979944184e-07
1.3989559874971746e-06
3.21272011660767e-07
2.316512563993456e-06
2.012558297792566e-06
4.2883971218543593e-07
2.2643157535640057e-06
122.2952651977539
194.9662628173828
462.5670471191406
2244.134033203125
6209.615234375
13270.2119140625
21164.63671875
26603.6015625
29327.259765625
29458.728515625
28940.599609375
22903.240234375
17296.033203125
10529.03515625
6171.427734375
2351.86572265625
952.95361328125
98.08935546875
11.24963665008545
0.1325722634792328
0.0
3.6730418173647195e-07
1.7660899231941585e-07
2.4210498850152362e-06
2.2409396933653625e-06
2.6243064894515555e-06
2.343110736546805e-06
15.076936721801758
259.54034423828125
865.6434936523438
2627.404541015625
8146.513671875
15310.6875
23854.408203125
29037.482421875
32307.482421875
31764.76171875
30859.427734375
32151.82421875
28332.666015625
24501.416015625
16420.26171875
10711.8251953125
6080.443359375
2715.36083984375
1714.9273681640625
97.39503479003906
25.95187759399414
0.1294405311346054
1.8887388932853355e-06
1.6125906086017494e-06
2.9713154958699306e-07
1.7351351289107697e-06
1.2285178172533051e-06
1.1753312492146506e-06
20.93984031677246
543.2781372070312
2444.931640625
6562.765625
16108.7041015625
23375.673828125
29456.802734375
31239.08203125
29057.62109375
25550.46875
24244.875
23583.189453125
24695.75390625
23777.94921875
22454.943359375
14742.265625
8213.2138671875
4849.68408203125
2517.188232421875
426.1181945800781
364.6407165527344
8.293366432189941
14.745744705200195
2.2632634681940544e-06
7.578681788800168e-07
9.218266541211051e-07
7.795478609295969e-07
2.07560424314579e-06
298.5411376953125
1651.2161865234375
4058.021728515625
9205.62890625
18818.22265625
27427.26171875
30285.919921875
24825.935546875
18478.390625
13745.2314453125
12296.0029296875
15756.4755859375
18688.751953125
21810.65625
22022.794921875
18107.34375
12284.5224609375
6374.92822265625
3779.133056640625
1044.4478759765625
673.616943359375
620.1241455078125
15.29544448852539
1.783290883849986e-07
2.1713890419050585e-06
1.6101623714348534e-06
5.111023142490012e-07
1.7028978618327528e-06
532.5528564453125
1800.231689453125
4346.6455078125
11281.9462890625
20120.74609375
27285.759765625
25904.69921875
20729.44921875
11528.6982421875
6433.21337890625
5902.12548828125
9664.677734375
18529.6015625
21669.16796875
22899.837890625
18368.189453125
13863.1337890625
7382.33740234375
4001.09814453125
1347.8760986328125
917.3756103515625
399.317626953125
7.58627462387085
2.2505300876218826e-06
2.433381041555549e-06
2.636675731082505e-07
1.8894274944614153e-06
2.569195657997625e-06
144.5733184814453
1352.9332275390625
4885.57763671875
9455.5927734375
19041.833984375
24232.091796875
25176.052734375
19987.94140625
12615.4853515625
8055.677734375
8889.919921875
13459.51171875
19655.947265625
23351.39453125
23171.26953125
18928.939453125
12319.7509765625
7116.69775390625
3287.421142578125
575.3818969726562
297.307861328125
225.47006225585938
0.0003524909552652389
1.2775218465321814e-06
1.2271517562112422e-06
1.8830606904884917e-06
1.5839870002309908e-06
1.5347809494414832e-06
259.838134765625
1004.0892944335938
3262.61865234375
7212.52978515625
15964.521484375
21998.888671875
25772.708984375
24540.951171875
19676.595703125
16806.17578125
16926.1953125
20489.025390625
24793.876953125
25508.4921875
23322.97265625
17688.0703125
9752.7744140625
4131.1904296875
1245.767822265625
236.6167449951172
145.48678588867188
9.05477523803711
1.0152350569114788e-06
8.019421215976763e-07
1.7327985233350773e-06
1.7010968633712764e-07
2.421689487164258e-06
2.181325953642954e-06
0.0
226.1175537109375
2054.615234375
4606.044921875
11372.8291015625
18261.1953125
23497.7890625
24820.130859375
25556.69921875
26275.244140625
27337.7578125
28174.275390625
29223.802734375
24979.708984375
19775.5703125
11077.2744140625
6201.01904296875
2107.6611328125
272.8781433105469
71.09736633300781
38.9195442199707
0.0
7.758553124403988e-07
9.976894261853886e-07
5.29324779563467e-07
2.3761685952194966e-06
9.455042118133861e-07
1.0285720009051147e-06
0.1943323314189911
2.2791450023651123
1052.674560546875
4182.8017578125
7234.54931640625
12383.853515625
18430.234375
23463.865234375
26975.86328125
30266.009765625
31469.27734375
30782.140625
28202.689453125
22093.908203125
14918.11328125
9777.349609375
4878.99267578125
1646.92822265625
139.1705322265625
46.51921463012695
3.2033891677856445
0.9119548797607422
1.4746728993486613e-06
2.2180854557518614e-06
2.1761827895261376e-07
1.6990886706480524e-06
9.79938931777724e-07
1.299367568208254e-06
0.2757698595523834
7.276158809661865
264.10430908203125
1968.651123046875
4982.03076171875
9010.708984375
14752.2822265625
20265.828125
27404.361328125
30893.953125
32002.37109375
31203.443359375
29587.56640625
22453.716796875
14691.6982421875
8176.45556640625
3785.635986328125
1115.712646484375
223.39791870117188
25.191267013549805
2.339054584503174
1.1993461157544516e-05
1.0415654969619936e-06
1.052579818860977e-06
6.922658144503657e-07
1.4158721342028002e-06
1.918200496220379e-06
2.3061552383296657e-06
2.233100985904457e-06
1.6271358728408813
214.5330352783203
1165.0201416015625
3219.640380859375
6696.85009765625
14646.203125
22947.04296875
29042.4296875
29774.013671875
28307.806640625
28825.771484375
27662.607421875
27135.21875
19998.857421875
11370.59765625
5444.048828125
1675.8826904296875
405.20074462890625
271.8349609375
14.034170150756836
24.92139434814453
1.1987360721832374e-06
4.875868171438924e-07
1.1501210792630445e-06
2.3391610284306807e-06
5.251872039480077e-07
1.3162992900106474e-06
1.5239370441122446e-06
1.1755279302597046
31.226850509643555
1416.1387939453125
3837.56787109375
8344.47265625
17674.24609375
24736.544921875
28896.482421875
26596.482421875
20688.822265625
20511.59375
24049.5859375
27851.18359375
25340.23828125
15595.9970703125
8350.6220703125
2853.12890625
453.54718017578125
296.19244384765625
26.946130752563477
20.087369918823242
1.1430955737523618e-06
2.4416763153567445e-06
8.1377226024415e-07
1.3588517049356597e-06
9.004148182611971e-07
1.2064521115462412e-06
5.953335403319215e-06
17.801013946533203
41.45241928100586
1622.8162841796875
4632.9091796875
12474.802734375
20906.01953125
25917.171875
25211.193359375
15513.49609375
10378.623046875
12713.3515625
18773.4609375
25520.544921875
28412.185546875
21535.833984375
10557.1201171875
4580.00927734375
1338.341552734375
225.49575805664062
10.568851470947266
3.093400664511137e-05
1.8107160713043413e-06
1.1758706932596397e-06
2.321645986569365e-08
2.2199967588676373e-06
5.8157161220151465e-06
7.094177362887422e-06
6.862632289994508e-06
146.14547729492188
264.10516357421875
2408.972412109375
6787.32470703125
14929.6591796875
23241.1484375
24946.6171875
18703.357421875
10399.6083984375
5835.76611328125
6375.8720703125
10554.0205078125
22994.271484375
29383.220703125
24820.4140625
12777.25
5496.61279296875
1783.2718505859375
229.61080932617188
7.237795944092795e-05
9.461837890967217e-08
8.880879818207177e-07
1.466717776565929e-06
7.010624472059135e-07
1.2335036103650054e-07
15.018621444702148
7.359754818025976e-06
95.99146270751953
303.2261657714844
397.16217041015625
2989.743896484375
7802.32275390625
17643.615234375
24647.177734375
25094.580078125
16679.513671875
8672.8671875
3617.589111328125
4196.93603515625
10279.9140625
21882.19921875
29267.974609375
24812.453125
12102.396484375
6047.5810546875
1832.3953857421875
241.93695068359375
64.70553588867188
102.7156753540039
1.1018785244232276e-06
1.1849671182062593e-06
2.4331575332325883e-06
1.97517749711551e-07
4.511935458140215e-06
7.657837159058545e-06
185.36251831054688
322.005859375
421.33319091796875
1743.1768798828125
8164.43115234375
17272.001953125
25510.525390625
25437.5390625
20231.373046875
12595.4033203125
7980.15625
9783.2568359375
15354.3583984375
25738.78515625
29505.982421875
22475.318359375
12732.431640625
6051.9375
2328.2412109375
588.9251098632812
101.08226013183594
6.127942953071397e-08
0.43551796674728394
1.655280925660918e-06
2.5986679474954144e-07
2.3828190478525357e-06
2.0437980765564134e-06
5.299778877088102e-06
33.13662338256836
73.36774444580078
114.89623260498047
1318.768310546875
5817.63232421875
15493.26171875
23179.71875
28793.6875
25147.30078125
21518.255859375
19214.94140625
19598.533203125
24917.9296875
31184.58203125
30514.95703125
21602.51171875
10648.0126953125
4753.61376953125
1519.417724609375
325.2371520996094
0.000369638844858855
1.6861596350281616e-06
0.0
1.4484310213447316e-06
4.5632128831130103e-07
2.220001761088497e-06
3.9465385270887055e-07
1.0034660590463318e-05
46.41933059692383
90.39836120605469
87.31356811523438
705.098876953125
2970.212890625
9398.138671875
18530.48828125
28820.744140625
31286.5703125
29397.51171875
29849.865234375
29371.818359375
31029.595703125
30390.755859375
23814.736328125
15043.6181640625
6412.04833984375
2856.103759765625
726.1387939453125
33.13325119018555
3.951407961721998e-06
2.399372760919505e-06
1.5086858411450521e-06
4.276167828720645e-07
1.0328124062652932e-06
6.067958793209982e-07
6.989851613070641e-07
5.975802650937112e-06
85.38188934326172
171.45016479492188
533.1500244140625
455.64825439453125
960.4531860351562
3396.109619140625
11277.40234375
20511.384765625
28818.697265625
31154.994140625
31867.580078125
31349.1484375
28600.46875
22294.119140625
15719.7509765625
7331.60986328125
1827.143798828125
372.70147705078125
105.34051513671875
61.30855178833008
7.893357860666583e-07
2.4141882022377104e-06
2.545914128404547e-07
1.5886752180449548e-06
2.3163606783782598e-06
2.224177933385363e-06
4.3736103627622924e-09
2.214004325651331e-06
5.226450412010308e-06
219.60140991210938
398.3803405761719
483.6208801269531
482.9249572753906
762.15283203125
3272.653564453125
7340.81884765625
12308.6181640625
16929.30078125
17226.642578125
17247.6484375
14811.58203125
10584.22265625
3185.534912109375
1022.4169311523438
223.5531005859375
102.92736053466797
134.68435668945312
0.0
0.08667843043804169
2.551265197325847e-06
1.476542593081831e-06
2.5370279672642937e-06
1.0751108447948354e-06
1.1271026068015999e-07
2.311472599103581e-06
1.9063421632381505e-06
2.043382892225054e-06
2.0554671209538355e-06
1.8802240902004996e-06
78.23859405517578
208.38333129882812
168.3334197998047
238.5899658203125
399.9192810058594
723.8995971679688
788.0930786132812
658.4893188476562
283.4082946777344
137.83518981933594
1.158156394958496
4.791619176103268e-06
6.090560873417417e-06
3.2702180305932416e-06
2.445958443786367e-06
2.2015087779436726e-06
2.296708032645256e-07
4.890226250608976e-07
1.2868179055658402e-06
1.2201062418171205e-06
8.653285021864576e-07
1.8112518773705233e-06
1.1548188467713771e-06
1.2536739859569934e-06
2.2589370018977206e-06
2.223089495601016e-06
1.3671570968654123e-06
1.8151464473703527e-06
4.481267126266175e-07
1.3862451169188716e-06
2.3916854843264446e-06
1.5718823931365478e-07
2.2638930659013567e-06
1.073196131073928e-06
2.2847468699183082e-06
1.2316930906308698e-06
8.405559697166609e-07
1.6913731997192372e-06
8.748696700422443e-07
1.4753781307774716e-08
4.822954338123964e-07
9.093189987652295e-07
4.83579526644462e-07
6.730311952196644e-07
1.2021281463603373e-06
4.293692654755432e-07
8.786227567725291e-08
1.3698524981009541e-06
8.866540497365349e-07
4.558699515655462e-07
2.189957967857481e-06
4.750667130792863e-07
3.187237496149464e-08
2.184274990213453e-06
7.779345310154895e-07
1.3160317848814884e-06
9.951436652499979e-08
1.1611640502451337e-06
2.5757894945854787e-06
1.2934548294651904e-06
1.4971313930800534e-06
2.6083534976351075e-06
1.7815451656133519e-06
1.5443248457813752e-06
1.1839795206469717e-06
1.7589478602531017e-06
2.16728335544758e-06
1.310816514887847e-06
1.1839738363050856e-06
2.504916892576148e-06
1.1059470352847711e-06
9.096370945371746e-07
2.138418267350062e-06
1.456007368005885e-07
1.1278334710596027e-07
1.0291279295415734e-06
9.507363074590103e-07
