1.9348092905602243e-07
3.572880302726844e-08
1.166419494325055e-07
1.5712670631273795e-07
7.896772302729005e-08
4.360384053825328e-08
4.056509794736485e-08
9.035333192741746e-08
1.9290014563466684e-07
2.0525293109585618e-07
4.135116427050889e-08
1.0943229433735269e-08
3.3021695600155e-08
1.77934225575882e-07
8.38036140482501e-10
6.416860998115226e-08
5.902073851871137e-08
1.869625378958517e-07
1.659001469533905e-07
7.859318884584354e-08
1.3721050606818608e-07
1.9477315049698518e-07
3.5605129511395717e-08
1.3519589003863075e-07
1.0738053646264234e-07
8.978904020295886e-08
2.128489597907901e-07
1.5949275677940022e-07
2.8969505905251935e-08
6.395189444674543e-08
6.992035395114726e-08
1.5323072943829175e-07
9.567321512804483e-08
1.6482641740367399e-07
9.551518331818443e-08
1.325183944800301e-07
6.023597620696819e-09
1.8989831573890115e-07
1.984799240517532e-07
1.8241267696339492e-07
2.1705144348516114e-08
6.391398699179263e-08
2.1167434738345037e-07
1.7947407116025715e-07
7.071439256378653e-08
8.344987634245626e-08
5.557049931326219e-08
1.7267075236304663e-07
3.234758025882911e-07
5.179285267331579e-07
1.3904178786106058e-07
1.4260992031722708e-07
6.46803570703014e-08
1.9804622297669994e-07
1.2738640009501978e-07
9.330110373184652e-08
1.4778703416595818e-07
1.541906442525942e-07
1.76992401179632e-07
5.614225528915995e-09
7.764512588437356e-08
8.384923688709023e-08
3.806228576763715e-08
1.13742849805476e-07
2.8898993420511943e-08
6.318868628341079e-08
1.691045383722667e-07
3.7290027421477134e-07
4.3891324708056345e-07
2.9445294558172463e-07
3.594479949242668e-07
7.160809900597087e-08
1.0558935059634678e-07
8.839587906095403e-08
2.0539411593745172e-07
9.800232447787494e-08
3.421626502131403e-07
3.0886602075952396e-07
3.3529695997458475e-07
2.7044443129398132e-08
2.124044762297217e-08
1.4150234051157895e-07
1.7913984184936282e-10
3.201360954108168e-08
2.1729344723553368e-07
1.655918566711989e-07
1.375355651589416e-07
1.1900482377313892e-07
8.898001624402241e-08
2.1723352006119967e-07
1.3622863548334863e-07
6.475575986542026e-08
3.213394847989548e-07
3.370192871443578e-07
4.806884703612013e-07
51.80137252807617
485.1193542480469
602.74853515625
1028.3033447265625
1094.2254638671875
1263.69970703125
1315.705322265625
942.0099487304688
424.8442687988281
375.9229736328125
234.2220458984375
270.9751892089844
1.3862263337216518e-08
3.782379920380663e-08
1.6557018511775823e-07
7.826677972389007e-08
1.2063250665050873e-07
1.9195472589217388e-07
2.0078715579074924e-07
1.562670206567418e-07
8.181451960354025e-08
1.7461269408158842e-07
2.0474382722568407e-07
249.56398010253906
459.5356140136719
751.3534545898438
587.1370239257812
1767.9647216796875
2564.508056640625
4145.67529296875
6902.95751953125
10315.9599609375
12289.505859375
13550.373046875
13716.4482421875
12403.953125
8497.8798828125
3292.786376953125
2350.664306640625
654.55517578125
0.0
0.0007459387416020036
1.5324589242027287e-07
1.5787630047725543e-07
1.833891616342953e-07
2.1144109041415504e-07
7.55506768257419e-09
1.5390325813768868e-07
0.0
3.862145447897092e-08
12.275215148925781
485.5252380371094
872.0104370117188
1227.2491455078125
3309.9013671875
5270.83251953125
10817.939453125
15952.22265625
21449.703125
26154.576171875
28139.099609375
29368.849609375
29554.166015625
28990.849609375
25233.01171875
16313.3046875
7094.197265625
2082.281005859375
553.7439575195312
66.66629791259766
2.1629018931434985e-07
1.786042815865585e-07
4.5450793351164975e-08
5.2220123336610413e-08
1.0536737704569532e-07
110.3551254272461
1.2856833934783936
2.267824129376095e-06
16.2984676361084
715.4685668945312
1365.80322265625
2526.103515625
6514.61669921875
10606.3173828125
19573.802734375
25851.48828125
30460.923828125
31743.6171875
33303.87109375
34201.33984375
33348.984375
32669.712890625
31783.478515625
24814.720703125
13801.4853515625
4275.82177734375
1027.111083984375
62.85012435913086
0.1121722012758255
1.3982989344185626e-07
6.390182605287009e-09
7.7095876349631e-08
7.130352973937988
6.900467042214586e-08
1.7310115651980595e-07
39.47589874267578
364.807373046875
532.9888305664062
2243.1416015625
4410.96826171875
8484.2353515625
14604.7255859375
23750.205078125
27654.6171875
29281.171875
29095.42578125
27348.2109375
26132.14453125
27542.501953125
27765.3203125
31439.04296875
27987.966796875
16212.5166015625
6348.7197265625
1108.7864990234375
155.7368621826172
91.54228210449219
1.130153464146133e-07
7.039472649239542e-08
5.950453996206306e-08
1.3829756539962546e-07
1.2750182065701665e-07
82.79076385498047
74.8677749633789
385.075927734375
1061.7364501953125
2024.5135498046875
4501.54638671875
8666.2958984375
14578.62109375
20861.896484375
20861.794921875
21980.03515625
17698.935546875
15656.1533203125
17449.896484375
19367.8984375
26497.041015625
30847.6875
28219.8359375
17454.087890625
5900.9990234375
949.8644409179688
182.36819458007812
134.6304473876953
6.277702808380127
2.1742721401096787e-07
9.195208150458711e-08
7.59750520273883e-08
4.1537475681252545e-08
103.30103302001953
437.390380859375
480.1355895996094
925.4688720703125
1707.2161865234375
3248.155517578125
6570.111328125
10882.2109375
12951.3154296875
13666.267578125
10590.4111328125
8220.52734375
10561.8486328125
13769.0166015625
21943.791015625
29118.546875
32074.30859375
23551.443359375
11578.4794921875
3705.60205078125
463.8621826171875
177.52378845214844
134.3252716064453
0.06766079366207123
1.3110248175962624e-07
1.5520481611019932e-07
1.6323191687206418e-07
2.096181788147078e-07
81.54206848144531
355.737548828125
377.683837890625
581.7196655273438
1010.6417236328125
1835.96533203125
3060.13330078125
5438.71533203125
5592.53271484375
6543.32568359375
7505.74365234375
10322.80859375
16171.009765625
22174.826171875
29513.58984375
31019.345703125
28868.58984375
16262.2783203125
6939.91552734375
2574.537841796875
443.7584533691406
112.10518646240234
0.07482732832431793
3.7273352404554316e-08
1.5122481045182212e-07
5.002802794251693e-08
3.290784889031784e-08
1.7469284330218215e-07
2.6652066707611084
62.42184066772461
254.17230224609375
21.603025436401367
45.71109390258789
399.2339782714844
2217.900146484375
3461.010498046875
9714.373046875
12718.7861328125
15928.06640625
21196.626953125
28730.763671875
31912.619140625
32605.810546875
30094.869140625
19512.328125
9345.9638671875
3347.065673828125
756.3836059570312
270.8617248535156
0.08398112654685974
2.9739055662503233e-08
2.0871205208550236e-07
1.2183470232685067e-07
3.8110428590698575e-08
1.0021414453831312e-07
9.571377290740202e-08
7.148239819798619e-05
0.004714230075478554
0.012264072895050049
1.3615964651107788
5.025165557861328
529.8570556640625
3921.87109375
7859.974609375
14747.8623046875
22055.50390625
26567.001953125
31901.296875
33730.015625
34209.140625
30745.66796875
25237.9375
12601.3359375
4532.60986328125
2034.3719482421875
462.3837890625
101.2333984375
0.0007205834845080972
1.2644129299133056e-07
8.14885083855188e-08
1.7972934074350633e-07
1.2636610335903242e-07
1.0792857096930675e-07
4.961615118759255e-08
2.0389531130149408e-07
0.0036669964902102947
3.0544962882995605
4.6490654945373535
241.73118591308594
2050.82763671875
8064.6142578125
15069.07421875
24890.484375
29714.279296875
33956.85546875
34133.9375
33556.72265625
31195.095703125
29796.408203125
22744.521484375
14184.173828125
5220.04638671875
1412.5750732421875
139.72134399414062
55.57422637939453
2.0687589596946054e-07
8.240175475293654e-08
2.1825544038733824e-08
2.1143307549209567e-07
2.4880010940364627e-08
9.079361915588379
1.0802548899846443e-07
1.3132084575318004e-07
0.00419433182105422
2.4836983680725098
168.77066040039062
714.4769897460938
3767.171630859375
11277.40234375
18593.15234375
25400.72265625
27723.666015625
30291.951171875
28463.216796875
26835.146484375
26228.421875
27405.32421875
25096.783203125
17136.51171875
7129.16552734375
1577.9293212890625
52.155433654785156
10.800134658813477
0.0
2.2483213513169176e-08
2.12031935120649e-07
8.070666979165253e-08
2.1015539175550657e-07
1.2992586562177166e-07
0.0
1.112709879875183
21.472475051879883
4.996176242828369
706.185302734375
1416.8121337890625
3075.154541015625
9367.400390625
15603.20703125
19244.890625
20307.990234375
18729.7421875
19040.76953125
18465.72265625
21531.078125
25799.28515625
29567.8828125
20502.671875
11077.2568359375
3091.453857421875
137.01576232910156
14.354562759399414
6.499880313873291
2.0497583363976446e-07
4.870331764221191
1.9842079268528323e-07
1.6497098442869174e-07
5.8237965561147575e-08
101.84291076660156
318.1929016113281
332.86602783203125
1513.8211669921875
1940.5338134765625
2814.854248046875
3697.967041015625
6513.77001953125
9127.419921875
11101.0224609375
8906.6123046875
6671.775390625
6130.13623046875
8388.59375
16216.9287109375
25171.685546875
30222.939453125
23633.4453125
10169.76171875
2634.475830078125
159.0177001953125
13.305448532104492
6.082840919494629
4.960503578186035
0.0
1.4206205101174874e-08
1.8376240973339009e-07
1.5580023671191157e-07
209.92222595214844
798.5288696289062
1224.7335205078125
2928.077880859375
4709.18212890625
4620.0458984375
5919.27099609375
4641.04052734375
4080.864013671875
2754.0478515625
2769.00732421875
1618.9197998046875
2124.279052734375
6008.27392578125
17272.41796875
26980.48046875
30657.48046875
22784.814453125
10136.0947265625
2814.70654296875
725.3170776367188
11.180843353271484
50.7134895324707
3.567375659942627
9.934277755974108e-08
8.248068184002477e-08
2.733735016136052e-08
1.6592866813880391e-07
813.2726440429688
3507.324462890625
4207.853515625
6295.4892578125
7473.9384765625
8539.609375
7873.4609375
6268.60009765625
3683.15478515625
2090.725830078125
745.5313720703125
1818.960205078125
4556.9130859375
12179.9443359375
22893.484375
29829.912109375
29987.87890625
20135.92578125
7633.2744140625
2863.189697265625
805.015625
9.624045372009277
6.398399829864502
0.0
1.42429279481604e-09
1.7847764866019133e-07
1.550079247181202e-07
5.791670322418213
1071.260498046875
4864.77392578125
7590.978515625
11299.986328125
13039.70703125
10256.1435546875
11013.2431640625
8347.7744140625
6239.00244140625
4432.9892578125
4784.1494140625
7603.166015625
14291.2236328125
22228.23828125
30485.3984375
32079.91015625
26153.341796875
15315.203125
5273.82666015625
1754.603759765625
814.5615844726562
3.6903393268585205
0.006669064052402973
0.004708583001047373
7.95832022504328e-08
1.599196650658996e-07
4.150393806412467e-08
4.927017688751221
816.1392211914062
6819.36083984375
11518.892578125
16194.615234375
20122.775390625
20235.720703125
18213.046875
14758.66015625
12785.0166015625
12064.3125
14827.61328125
19000.080078125
27631.205078125
29972.416015625
32684.23828125
28588.19140625
17449.58984375
8310.8388671875
2908.27197265625
830.4580688476562
234.06353759765625
0.014656743966042995
0.00526473019272089
4.078258939443913e-07
0.2102409303188324
1.588988567391425e-07
1.0853040244285239e-08
4.689413547515869
1292.8154296875
4903.10009765625
11449.7958984375
16341.3662109375
25053.953125
27793.52734375
27228.26953125
25276.51953125
22913.794921875
24058.60546875
28170.537109375
29815.478515625
33246.9609375
31625.205078125
28439.97265625
18997.341796875
8430.896484375
3434.906005859375
1811.7786865234375
655.4976806640625
0.011097574606537819
0.00622531957924366
5.6697667787375394e-06
3.8953339753788896e-07
0.03646887466311455
1.477143407591086e-09
7.86511389350153e-09
2.130634307861328
478.7528991699219
3941.810791015625
8493.69140625
14746.4912109375
23441.60546875
28997.423828125
32835.20703125
32272.6015625
31985.09375
32292.25
33780.21484375
31791.298828125
30031.8515625
24913.43359375
17098.568359375
7292.5283203125
2587.94873046875
1552.906982421875
604.646240234375
2.491823352102074e-06
2.031201802310534e-06
1.815652694858727e-06
1.2938330655742902e-06
8.894220826505261e-08
6.204199820558642e-08
6.604178537372718e-08
1.2505848800969943e-08
4.6403819453644246e-08
243.73046875
1061.3699951171875
4594.4912109375
8673.4912109375
17057.060546875
22902.791015625
28171.552734375
29865.677734375
31324.150390625
29394.078125
26967.703125
22595.548828125
16726.439453125
9035.4580078125
3977.35888671875
1623.3626708984375
459.0071716308594
0.008574459701776505
2.270739059895277e-06
2.582146635177196e-06
1.3651712151840911e-06
1.1499716947582783e-06
1.9379700688659796e-07
1.0565793218120234e-07
8.359364755960996e-08
1.4055167696369608e-07
1.2185456199631517e-08
1.847332242732591e-07
9.15041732788086
57.22091293334961
1033.8662109375
2954.580810546875
5355.708984375
10107.0146484375
11825.080078125
12671.8603515625
12801.2060546875
11406.8583984375
8978.3330078125
5802.45556640625
3003.01708984375
1242.725341796875
1010.6021118164062
84.60543060302734
0.04052908718585968
3.3873413940455066e-06
1.5101038570719538e-06
1.4440996665143757e-06
4.696714199781127e-07
1.5212002324460627e-07
7.659680534288782e-08
7.54910516320706e-08
7.384673494925664e-08
1.92616866456774e-07
1.234296860275208e-07
5.906672839728344e-08
0.04297102987766266
9.408978462219238
7.6599626541137695
128.18917846679688
387.94903564453125
388.70343017578125
455.6206359863281
482.23614501953125
255.90553283691406
128.18408203125
12.740321159362793
1.4742161056346959e-06
1.4697294545840123e-06
9.826467248785775e-07
9.834715228862478e-07
1.049819161380583e-06
1.0185055998590542e-06
9.304587251790508e-07
1.0465105333423708e-06
1.5644465634068183e-07
1.8474389662515023e-07
1.9047365640290082e-07
1.4721258878580556e-07
1.518607462003274e-07
5.815972770051303e-08
1.2852206054958515e-07
1.3318478409019008e-07
3.834122352941449e-08
4.84464344197022e-08
7.897779141785577e-08
2.0367815523059107e-07
1.8539724067068164e-07
1.2198218257708504e-07
1.7614816272271128e-08
1.0899197988578635e-08
1.304506156429852e-07
4.520865388712991e-07
3.175526046561572e-07
1.415830581663613e-07
1.506356852587487e-07
6.159810084227502e-08
1.5485554172300908e-07
5.202707242801807e-08
1.2173154573247302e-07
1.7026552256993455e-07
1.8490906938950502e-07
1.2183768660634087e-07
3.262850611918111e-08
1.661619819515181e-07
8.006292517848124e-08
1.0931443483741532e-07
1.1156078016938409e-07
8.811488783067034e-08
1.7600940793727204e-07
6.974600896825223e-10
1.004981697860785e-07
1.6882427189557347e-07
1.839667760350494e-07
2.088696930968581e-07
2.2071375838095264e-08
1.3622886285702407e-07
9.377941978527815e-08
7.579723160233698e-08
9.81889698437044e-08
1.3681680854915612e-07
1.9755044888825068e-07
3.521424218888569e-08
1.0718345322402456e-07
1.6344237963039632e-07
1.4481341281680216e-07
1.1881118666678958e-07
6.24400655624413e-08
2.155585718810471e-07
1.564684737331845e-07
3.661314584846309e-09
7.923280520572007e-08
4.650985019338805e-08
1.8863653394873836e-07
1.4255738278734498e-07
1.4540918868988228e-07
2.1344524725463998e-07
2.1819279538703995e-07
