2.2700892554627927e-10
1.7444465871818693e-09
5.178135698002961e-10
2.407684940308741e-09
5.649560819165345e-10
1.472908128796746e-09
2.037348512118342e-09
1.5421715016117332e-09
1.504396190954438e-10
8.66720695213985e-10
2.569669810270625e-09
1.1902538954444708e-09
2.5451896146222452e-09
2.1461767918395935e-09
9.043306103961868e-10
1.8946155408428034e-11
8.357379233103757e-10
2.012496613801318e-09
3.865487652188193e-10
1.1616217987509003e-09
1.8935977230682965e-09
1.2410928951211986e-09
1.7021594134192242e-09
1.915837044563773e-09
7.37732264166624e-10
1.7289740750214833e-09
2.160457812649952e-09
6.647654093860922e-10
2.5272404169385254e-09
2.3272217486436375e-09
2.1296351349064935e-09
1.642175145866176e-10
8.176469501464112e-10
2.295016177100706e-09
3.440071005833545e-10
9.54420320553595e-10
2.059411530197508e-10
2.3205568577822078e-09
2.470134985443906e-09
6.821712639215605e-10
1.2475376287568452e-09
3.109098534181953e-10
4.846151258064424e-10
4.31555124968952e-10
1.8417157798822359e-09
1.8452976646710084e-10
2.2235875363207924e-09
6.237029781530623e-10
1.3521488373413604e-09
1.385738523929092e-09
1.2164090845701026e-09
9.759268948528188e-10
1.9343653345771372e-09
7.93373811092124e-10
2.3164135054543067e-09
2.3227836321026984e-10
1.2610208433017078e-09
4.113240026359932e-10
7.613070729384219e-10
2.5887660903833876e-09
1.5438693656832925e-09
2.1979171815900145e-09
1.0158490715284074e-09
3.911233559250604e-10
1.465595755867355e-09
5.1140086609891e-10
2.0174559800523184e-09
5.801066849109304e-10
4.735607461725522e-10
1.5959126242748312e-09
6.063752833185276e-10
4.773019202097828e-10
2.003610832801428e-09
4.00898558794438e-09
1.7672631136278483e-09
2.5399558012395573e-09
2.1889039469868976e-09
1.4354004963801348e-11
2.454809688856585e-09
7.807062774034534e-10
4.005146492236378e-10
2.0058539274003806e-09
1.031813436774831e-11
1.39562961187778e-09
6.684002309964576e-12
1.1602542537847427e-10
7.349063579908943e-10
1.775755653632416e-09
1.2769243440402533e-09
62.491058349609375
48.43434143066406
0.0005665849312208593
54.77371597290039
67.46491241455078
137.86415100097656
197.81129455566406
746.200439453125
1202.24853515625
1276.9490966796875
1508.406005859375
1251.4520263671875
904.8289794921875
701.9708862304688
3.1066529750823975
1.5620728731155396
0.13787361979484558
3.1437555336744083e-10
1.6491720211675442e-09
1.0964104069088876e-09
2.432981316413674e-10
1.5621163251822168e-09
1.5766914440717983e-09
1.7765733328900524e-09
1.1793117593583702e-09
1.68886549190006e-09
1.4238334955507526e-09
3.451710584023715e-10
1.6195367269489225e-09
0.0721999853849411
0.29454752802848816
160.72276306152344
793.0057373046875
1841.630126953125
6308.3291015625
11717.37890625
15568.0205078125
16862.46484375
12896.2841796875
10950.046875
8595.2490234375
4378.14208984375
2689.720458984375
828.0745849609375
346.2206726074219
212.0698699951172
0.05973123013973236
2.0447283866076305e-09
1.6087087217897533e-09
1.1200260857657796e-10
2.079282745981459e-09
1.970523966221549e-09
2.1452851994840927e-10
2.0424155700027313e-09
2.539600973960887e-09
6.418201525804079e-09
33.1229133605957
403.9936218261719
446.14141845703125
2306.36572265625
6067.62744140625
11082.072265625
18782.5234375
24801.802734375
25711.3359375
26990.634765625
24789.021484375
23135.314453125
17781.08203125
12293.630859375
5107.1181640625
3140.779296875
925.8818359375
331.02117919921875
0.17925769090652466
1.4604572662335613e-08
2.451338687592397e-09
2.002189303240698e-09
7.372045751630196e-10
1.262711490923607e-09
6.582909772845369e-10
2.1606572087051745e-09
2.588504743883391e-09
16.108678817749023
675.0521240234375
907.9299926757812
1984.51806640625
5419.2919921875
10786.728515625
21437.60546875
27001.673828125
29312.326171875
28236.703125
28234.603515625
26635.86328125
27931.4765625
24292.40625
19982.8046875
12764.58984375
6503.181640625
3179.886962890625
932.8294677734375
452.1588439941406
0.36268624663352966
2.4111355134692758e-09
5.334245822830042e-10
1.251796888368517e-09
1.716362052484044e-09
1.404674820904006e-09
2.208139671111553e-09
4.256965890903075e-10
250.5832061767578
813.1533813476562
1581.050537109375
4460.85595703125
8575.55859375
19121.861328125
27371.43359375
29106.20703125
27906.228515625
24814.0703125
22587.341796875
23432.3359375
27740.6953125
26883.69921875
23422.896484375
20138.916015625
12695.060546875
5233.396484375
2566.4482421875
931.7359008789062
157.8394317626953
4.835127853652921e-10
2.3715018837577873e-09
1.910855251807675e-09
1.819470796249334e-09
1.7588881462415884e-09
1.0504850322945458e-09
1.7567874932566951e-09
701.3029174804688
999.8966064453125
1730.4293212890625
7363.4345703125
15970.5576171875
24908.771484375
27927.08203125
25485.24609375
20923.779296875
16937.99609375
14729.78125
17563.259765625
20071.06640625
24124.109375
24993.5859375
23566.728515625
20235.212890625
11308.0166015625
4276.416015625
1272.65673828125
177.61228942871094
1.4871140985306397e-09
2.079276972821731e-09
5.086854271141306e-10
1.7647958650002238e-09
1.411576189269681e-09
7.188928896617597e-10
1.8751153962881517e-09
350.6884460449219
1076.931884765625
3627.663330078125
12340.25
22243.380859375
28309.77734375
26454.396484375
21279.54296875
13527.0595703125
8616.546875
7771.53466796875
10913.39453125
12947.1357421875
16450.091796875
23433.138671875
25199.15234375
23690.75390625
16787.41796875
8037.306640625
1854.3394775390625
328.91253662109375
2.369474394470217e-09
1.9834147657604717e-09
3.7629468985223014e-10
7.444595495620376e-10
5.002180336610706e-10
2.2318814851818303e-10
1.088186891706755e-07
682.32275390625
1612.074951171875
6422.8828125
16544.880859375
26041.234375
28045.416015625
23775.248046875
16064.99609375
7572.16015625
4703.81298828125
4222.47314453125
3857.5341796875
7321.94580078125
10597.6787109375
17267.7421875
23986.814453125
25760.69921875
22345.55078125
12442.1123046875
3363.921142578125
463.7391357421875
1.6720025364236335e-09
4.669136188795164e-10
5.294699678692893e-10
9.021445812606999e-10
2.366923101959628e-09
6.109960315470175e-10
4.5208383880890324e-07
584.3086547851562
3621.990966796875
9858.904296875
20030.927734375
28552.125
28230.501953125
19064.396484375
10436.8095703125
3910.257080078125
1996.1805419921875
1389.1064453125
1472.439453125
2741.727783203125
6454.59716796875
12735.0009765625
19307.216796875
26650.912109375
23828.775390625
17374.00390625
5294.01220703125
1622.61474609375
0.42605268955230713
2.2976949232145216e-09
1.3539598608947045e-10
1.921689252171177e-09
9.286098279215338e-11
2.4772528472993827e-09
3.925224802969751e-07
349.6860046386719
5290.66015625
12516.6416015625
24703.0078125
29481.181640625
24859.548828125
15529.67578125
6077.4033203125
1986.24609375
1170.3392333984375
1129.4576416015625
1137.816650390625
1029.4549560546875
3392.3525390625
8322.4736328125
15708.2939453125
24558.40625
26984.57421875
20628.869140625
9399.4189453125
2454.70263671875
3.224531888961792
2.5489890198571175e-09
1.948701422449517e-09
1.3862800907205042e-09
1.5873170555735783e-09
1.9356174441043095e-09
5.963983795709282e-08
655.3364868164062
6970.5888671875
15242.533203125
26201.388671875
29131.619140625
21920.974609375
11190.8681640625
3341.367431640625
1638.554931640625
541.0939331054688
680.9627075195312
896.96630859375
695.2642822265625
1532.52490234375
6138.6005859375
12834.7548828125
22623.673828125
27970.1875
21794.56640625
10718.6826171875
3738.712158203125
31.240976333618164
1.6687058401743116e-09
8.879663671024218e-11
1.829569273859022e-09
7.65391139356808e-10
2.45771247797677e-09
2.3807356086535947e-10
1164.5831298828125
7638.79052734375
15823.3818359375
26708.677734375
29046.142578125
19665.396484375
6641.53955078125
2001.6224365234375
1176.078125
817.6558837890625
765.72412109375
738.1048583984375
720.2999267578125
762.8097534179688
4320.95703125
10428.490234375
20419.248046875
28212.642578125
24377.796875
11389.498046875
4716.166015625
26.652429580688477
9.729076433373507e-10
1.5229789651627357e-10
2.060321024899281e-09
1.5090202698520017e-10
2.3900013079725113e-09
1.6830407068013642e-09
1511.4097900390625
7653.77783203125
16402.69921875
27926.3671875
27920.052734375
19312.4609375
6226.87841796875
1667.7347412109375
653.8924560546875
548.8624267578125
647.24609375
647.71240234375
558.6569213867188
1161.0478515625
3257.465087890625
9345.6328125
19353.595703125
27742.796875
24629.79296875
12583.091796875
4562.1513671875
33.80110549926758
1.6946305470000311e-09
4.398294506380296e-10
5.717173401365017e-10
1.3916780228218073e-10
7.029001825031855e-10
2.125424725107905e-09
1204.154296875
7446.65966796875
16953.009765625
27684.720703125
27629.9375
18893.4921875
7071.43896484375
1488.919921875
616.980712890625
263.56591796875
120.83084869384766
108.92784118652344
430.6359558105469
990.1614379882812
4261.64111328125
10993.5673828125
20842.873046875
28859.931640625
24464.341796875
12340.4599609375
4280.9658203125
23.766597747802734
1.6550826265060437e-09
4.585136437196269e-10
1.8630677001141294e-09
4.723509361426181e-10
1.625275247718605e-09
2.3233173163106358e-09
1256.2962646484375
6635.41259765625
16031.3857421875
27357.28515625
28716.935546875
19101.98828125
9935.291015625
2470.610107421875
1006.6898193359375
797.74072265625
436.0039367675781
388.9350891113281
961.2305297851562
2197.95849609375
6231.6435546875
13765.826171875
23149.41015625
27780.56640625
22952.181640625
9794.7646484375
3410.751220703125
27.13957405090332
5.435217553806382e-11
2.195807313754017e-09
1.0980889530998184e-09
4.960876709425577e-10
8.05310040874474e-10
1.1215536277475735e-09
778.25830078125
5700.8837890625
13693.638671875
25038.80859375
28798.248046875
22735.873046875
14089.828125
4810.33251953125
2541.004638671875
2310.602294921875
2133.02978515625
2323.035888671875
3440.0771484375
5598.80126953125
12688.83203125
17800.3359375
26847.482421875
27928.46484375
19810.26953125
6653.15576171875
1650.6363525390625
21.551910400390625
2.4504462903252033e-09
2.54686383094338e-09
5.408519986038751e-12
1.4776200263355577e-09
1.676630168034876e-09
4.388839514035681e-09
431.9406433105469
3386.751953125
11301.3857421875
24062.47265625
28544.41015625
27091.439453125
20689.70703125
11049.0810546875
8419.3486328125
6304.21240234375
5373.7919921875
7603.5537109375
9630.443359375
13040.5751953125
17214.779296875
23860.12890625
28442.654296875
25556.52734375
14419.328125
5643.9853515625
808.979736328125
0.10167001932859421
1.46408518642005e-09
1.2193347442845948e-09
3.9078542485304624e-11
2.302056545389064e-09
1.2307574959180556e-09
4.362020966652835e-09
48.35723876953125
1419.7996826171875
7970.22802734375
16884.33203125
26157.7578125
28517.88671875
25966.171875
21452.875
16464.80078125
15226.8583984375
14611.240234375
16424.0859375
17528.12890625
20160.56640625
25188.12109375
28608.296875
27054.04296875
17078.140625
7193.07275390625
2720.464111328125
508.6419982910156
0.08274566382169724
1.6820426163022262e-09
6.562493881645537e-10
1.9548139149061505e-11
1.5749427317857112e-09
9.687378677014635e-10
2.454359382397797e-09
1.6786859035491943
962.9349365234375
5808.25390625
10232.7265625
21343.8515625
25656.654296875
28667.5078125
27663.82421875
25610.49609375
23286.677734375
23359.94921875
24562.017578125
26636.78125
28753.126953125
29315.271484375
26882.1484375
20207.904296875
8989.6435546875
4078.178955078125
824.4529418945312
2.509256601333618
2.059470594062418e-09
1.3674823495790633e-09
1.8904999787849874e-09
1.0238781350535575e-10
7.117302303072393e-10
2.1643262737569557e-09
6.810809138890761e-10
1.1662205645635026e-09
119.99605560302734
878.44775390625
4733.166015625
10978.31640625
19089.306640625
25229.689453125
28596.453125
29684.7265625
29308.958984375
29073.517578125
29370.3671875
28827.7578125
27769.958984375
24870.65234375
17665.9921875
9287.5595703125
4194.0498046875
634.5957641601562
58.40736389160156
3.0996366717772617e-07
2.84673395967161e-10
1.922654924157996e-09
1.2148103634146423e-09
2.1193373722638853e-09
1.5241127249154829e-09
8.390077521625017e-10
1.3430981153639276e-11
2.0076551532355325e-09
4.877986907958984
85.46501159667969
588.89794921875
2642.79736328125
8478.720703125
13200.0380859375
19487.658203125
23654.703125
25748.3828125
26688.046875
25079.611328125
21722.83203125
17700.8046875
11197.7958984375
6155.6611328125
1777.174560546875
172.4250946044922
4.010220527648926
0.0008357567130587995
1.2667923376952217e-09
2.1929407179044347e-09
1.8661980849543625e-09
4.4974604596070833e-10
1.3397563058958895e-09
2.6498478411518533e-10
2.4107869034395435e-09
1.6300993888052062e-09
1.2408182259449063e-09
2.20866702704825e-09
33.413814544677734
72.81170654296875
421.5518493652344
934.5115966796875
2201.759765625
3110.2841796875
5551.83251953125
6507.9892578125
7524.189453125
7509.044921875
5885.28759765625
2319.11083984375
1792.5970458984375
427.9578857421875
4.3758039474487305
5.122290134429932
1.8425716064029984e-07
5.843314276887668e-09
1.6822973014640752e-09
1.9607044876579494e-09
1.8403604196137735e-09
1.6794655666174663e-09
2.5081952070848956e-09
6.19157572434581e-11
8.873805579234784e-10
2.2220860707022894e-09
6.865167878622458e-10
1.8857373440539504e-09
1.407619354409917e-09
2.287552591795361e-09
4.4285282108091906e-09
4.936625774831782e-09
6.405237673590136e-09
0.0041296458803117275
5.308724880218506
61.207008361816406
38.87086486816406
139.3726806640625
237.0808868408203
0.0
1.8351007380346118e-09
5.0912092319777e-09
2.905983231826781e-09
4.892141802770311e-09
2.8600639634390745e-09
2.170216006902592e-09
2.2714334857454332e-09
1.9129813011442565e-10
5.102492317554663e-10
2.4976907209151022e-09
1.946201200198061e-09
4.789699192819796e-10
2.2962030055140303e-09
1.6538639346919126e-09
1.4148656690693429e-09
1.5646883788633659e-09
2.6387772522618036e-10
1.053514164794933e-09
1.1444859504550209e-09
2.2039174929489036e-09
2.1698203234166158e-09
6.072676250745701e-10
1.7669665730579709e-09
1.4688516855239868
2.410831928253174
1.9887832403182983
2.3361343970407233e-09
2.8357822756674977e-09
2.07494021964294e-09
9.266210576619471e-10
2.422449352224021e-09
9.049606064515103e-10
1.7963227572082019e-09
1.2739841404041385e-09
1.1821207346329743e-09
9.553846602727845e-10
2.367519069679247e-09
2.1039199271655207e-09
2.4932287345791337e-09
7.71252672837619e-10
8.508498905435147e-10
2.2640098684689747e-09
1.7653054573685267e-09
6.087434445412043e-10
2.573342872125295e-09
1.2058726239772e-10
2.1201482791610715e-09
1.8418744307524548e-09
1.8458063966164673e-09
2.4396802356108083e-09
1.7497499005258987e-09
1.0892202695345077e-09
1.2839153074040155e-09
1.0191857358066159e-09
2.449886959965397e-09
9.861348404527348e-10
5.023545121551898e-11
8.042949639630592e-10
6.062703117315493e-11
6.556770681953594e-10
2.43425524182328e-09
1.4577121731917941e-09
7.962700498964637e-10
1.702438523487615e-09
2.057525039234065e-09
8.30224999859297e-10
