1.187466125429637e-08
4.80320139217838e-09
9.849149940066582e-09
5.347896347984715e-09
3.982169261007584e-09
1.3299648493614313e-08
7.535836843430843e-09
1.1694412549445588e-08
1.136371619026022e-08
7.289196801707476e-09
1.0543256934170131e-08
1.1924500276094818e-09
8.543647567194057e-09
8.756550151645115e-09
1.301425545108259e-08
8.727877975900356e-09
1.2296320406335326e-08
1.0264384897595846e-08
2.809942056813952e-09
1.2536231608351045e-08
9.397117528564536e-10
5.41943911969156e-09
1.1594568860573418e-08
8.055510924975806e-09
3.1958029556022893e-09
7.267847657033144e-09
4.1769769865140915e-09
5.237307476591013e-09
6.646010408672964e-09
1.3248617314332023e-08
3.4721527875092306e-09
1.0900031099936314e-08
1.297512941533796e-08
1.0600190059051329e-08
9.781361498539809e-09
8.150466079825947e-09
1.139217964407635e-08
1.934704174644253e-09
1.2797254367313826e-09
1.3064477499824534e-08
1.0389704208080275e-08
1.365777768658205e-10
3.412506277555849e-09
113.63191223144531
207.32827758789062
221.03887939453125
9.408515744269152e-09
6.048785028411885e-09
4.930746033693367e-09
3.885110455570384e-09
6.638641636413922e-09
1.2359645751303105e-08
2.416357114398693e-09
1.1095341534428371e-08
1.2830188467205517e-08
1.2951010930351003e-08
6.218909387456506e-09
1.3251979957829008e-08
7.851855166052246e-09
1.7160921572667576e-09
6.113403117069538e-09
4.705178913155805e-09
9.454792504470788e-09
4.27365476340924e-09
3.7722931445216545e-09
1.1982818293176933e-08
6.7390972802172655e-09
2.1339648270668476e-08
4.868231684440616e-08
2.7036445970907153e-08
2.280156330414229e-08
3.1712904302594325e-08
45.77761459350586
1.134360432624817
3.0972254276275635
1.4027151884477007e-08
7.85468490249741e-09
1.7647277417154328e-08
1.113097525262674e-08
1.0896640034729899e-08
3.6461553776234723e-09
9.04419028557868e-09
1.0103290648544316e-08
4.6418793808733483e-10
8.43261571681353e-11
8.113053340252918e-09
7.4591950394165e-09
5.6970685946566846e-09
5.039964445785472e-09
1.0864829036449919e-08
1.598183585471702e-09
9.970898773303816e-09
6.9687220438652275e-09
3.783184432393227e-09
0.0008978497935459018
0.04411594569683075
0.20815004408359528
0.4688115417957306
0.31443512439727783
3.936036918616992e-08
6.544212283188244e-08
178.46946716308594
229.66709899902344
266.4031066894531
365.0877685546875
611.5230712890625
395.6543884277344
396.5042724609375
11.418465614318848
9.633612796378088e-10
1.2724349574000371e-08
1.941092175883341e-09
1.0788778759263096e-08
2.305829749360555e-09
3.1295965818856075e-09
1.0405736272645072e-09
8.130704998166038e-09
4.943077946961694e-09
2.999322390451198e-08
2.4441520807272354e-08
3.3242034902514206e-08
0.0003956352884415537
0.0
106.5511703491211
150.5673370361328
28.732200622558594
48.86668395996094
12.35746955871582
34.27859878540039
617.4315185546875
2201.52783203125
3565.835693359375
5372.1806640625
5363.07666015625
3764.62841796875
2214.900390625
994.529052734375
88.16374206542969
20.868000030517578
9.824232094501895e-09
6.465675106426261e-09
1.0689446661160673e-08
1.0429234365005868e-08
5.913449729888498e-09
9.020392766068142e-10
9.343767537473013e-09
2.8613616365191774e-08
3.12174506689189e-07
0.0015955778071656823
278.2670593261719
628.304931640625
1323.7584228515625
1312.8861083984375
1427.742919921875
950.624755859375
887.2959594726562
1159.4351806640625
2929.661376953125
5644.66357421875
11074.6640625
15796.0771484375
14214.1591796875
9935.5830078125
6415.7353515625
3589.630615234375
709.9069213867188
1.1628881857461693e-08
8.802223838699774e-09
4.551322929646773e-10
1.3009658239582222e-08
1.5203879821790167e-10
3.7556833198948425e-09
0.012548059225082397
2.894180006762781e-09
58.60303497314453
60.98853302001953
3.090714931488037
582.1259765625
975.9813232421875
2467.2294921875
5897.2978515625
7684.60791015625
7719.35791015625
6754.779296875
6568.23583984375
8759.2841796875
14912.1640625
21716.09765625
25007.912109375
20375.541015625
12784.3720703125
7586.2998046875
5017.029296875
1050.51513671875
6.00736305145233e-09
5.966013905123191e-09
1.2814227012825086e-08
4.337696868361718e-09
1.940807958789037e-09
6.272917296712421e-09
1.712305675027892e-08
0.5931618809700012
6.080155372619629
3.7328217029571533
258.3504333496094
1224.6728515625
2965.82080078125
7278.51611328125
13107.8271484375
15658.361328125
12697.2646484375
9694.556640625
9019.6005859375
12157.27734375
21496.978515625
29363.267578125
28650.796875
21454.505859375
13262.875
7062.33642578125
3728.450927734375
688.95751953125
339.0699157714844
7.2402155382178535e-09
9.138517165219184e-10
3.679962556901728e-09
1.2650206215880644e-08
1.4916661977767944
133.20401000976562
0.5550425052642822
119.32445526123047
239.76431274414062
733.6651000976562
3144.58984375
8372.1611328125
16167.6552734375
22816.623046875
21739.791015625
15059.001953125
8677.484375
8486.228515625
16190.7666015625
25787.65625
32361.033203125
27995.86328125
18498.78515625
9591.7705078125
4286.09521484375
1881.9971923828125
774.1322631835938
0.05207138881087303
8.905177928397734e-09
2.655672126650188e-09
1.2359702594721966e-08
1.1020183876553347e-08
0.05602479726076126
1.2210165323267574e-07
344.6728515625
467.77606201171875
680.3832397460938
2178.7294921875
7113.57666015625
19886.361328125
30604.9375
31180.45703125
23022.08203125
13169.3720703125
7975.0009765625
9596.3046875
20580.59375
29950.6171875
32491.443359375
24134.0625
13659.03515625
7630.60302734375
2775.843505859375
1639.1500244140625
723.58251953125
278.91436767578125
7.594270101662914e-09
5.670349079167636e-09
1.0684823692486134e-08
1.1522782727979575e-08
0.03104236349463463
1.3069863769032963e-07
349.2135009765625
471.19927978515625
1704.4700927734375
6839.79541015625
17274.33984375
29979.796875
36923.3515625
32191.392578125
19823.625
8088.544921875
7067.7568359375
13578.2685546875
26053.560546875
33215.38671875
31091.4296875
19126.958984375
9458.5517578125
3464.202880859375
2043.413818359375
1152.763916015625
316.06768798828125
3.78835940395561e-09
1.266976390468244e-08
1.0177895859442287e-08
1.09742943621427e-08
1.0261004490530468e-08
9.443243520479427e-09
2.668491738688772e-08
328.2726135253906
1195.7896728515625
4112.5048828125
14015.69140625
27176.529296875
38169.32421875
35348.0859375
25653.47265625
12424.69140625
6009.63720703125
7846.2216796875
21527.607421875
32404.216796875
35110.57421875
27669.505859375
13284.8525390625
4787.69140625
2775.093017578125
1721.017333984375
761.8048095703125
233.74398803710938
2.758198780483667e-09
4.5946721982659255e-09
2.7951048142682566e-09
3.334915676944661e-09
8.262283301974094e-09
1.1831314594701325e-08
0.0
673.2771606445312
3008.337646484375
10345.779296875
21697.55078125
36007.59765625
37562.203125
30851.08203125
15341.09375
4604.66552734375
5092.8271484375
15538.0419921875
30197.193359375
37752.1953125
35108.5859375
20433.353515625
10239.029296875
5289.4462890625
1781.2550048828125
1585.230224609375
749.8448486328125
347.7326354980469
0.0
3.2176548092621715e-09
1.178810271618147e-09
8.55305692937236e-09
7.475913221810515e-09
9.473731132914054e-09
1.5682493448257446
1585.862548828125
7325.13134765625
15816.09765625
30691.734375
37700.75
35271.796875
24651.87109375
10965.73046875
8373.5869140625
13115.3095703125
26347.8359375
37594.15234375
39666.765625
32020.259765625
17863.001953125
9732.205078125
7626.59228515625
4899.07421875
2811.5634765625
1278.230712890625
85.05768585205078
70.91078186035156
3.2817273343255238e-09
7.533498824763285e-10
9.536369915963405e-09
1.2726971476695326e-08
8.007769558560085e-09
11.533971786499023
2934.97607421875
11194.0537109375
24008.28515625
35461.1015625
39359.80078125
33658.18359375
25647.62109375
21083.466796875
22797.6171875
27329.83984375
36004.78125
41926.6328125
38331.34375
30873.359375
20422.251953125
16738.14453125
12344.66796875
8669.4091796875
5391.35546875
2092.449462890625
104.26162719726562
5.3949000822228754e-09
7.034207438749718e-09
1.2055735076899055e-08
4.187730162641401e-09
1.897439427800407e-10
0.0041036480106413364
260.5990905761719
4508.7001953125
14856.24609375
26805.5
37034.80078125
40252.296875
37885.37890625
33408.4609375
33929.89453125
35330.3515625
39431.4921875
42658.4453125
42349.765625
38141.06640625
27937.857421875
19637.60546875
15315.2158203125
11861.1494140625
8238.0849609375
4627.2939453125
1388.7332763671875
255.80972290039062
1.7285368691943859e-09
8.067542189849064e-09
1.0382061432778755e-08
1.1672322663969226e-08
1.1942816513510479e-08
12.377622604370117
316.57794189453125
4331.47119140625
13277.3583984375
22683.2265625
31286.265625
35285.7421875
36007.80859375
34196.6328125
35480.125
35528.23046875
40408.9609375
43394.9375
39906.46484375
31472.837890625
21500.681640625
16715.8125
11711.4931640625
6931.53369140625
5157.06103515625
3382.1767578125
989.9608764648438
256.9548034667969
0.4830595552921295
1.1207644590172094e-08
1.176699893079558e-08
2.902102558266506e-09
4.835414291193274e-09
48.70848083496094
355.1163024902344
3418.57373046875
8155.5625
14105.712890625
20080.5078125
22232.751953125
22643.82421875
24466.310546875
26430.623046875
35291.5234375
41418.15234375
39832.953125
29727.759765625
18451.939453125
10869.2919921875
7352.47705078125
5284.54931640625
3265.48828125
1002.8722534179688
955.8287353515625
264.75006103515625
19.866975784301758
3.748466870234779e-09
1.2515798175627424e-08
14.723899841308594
2.3880022403943713e-09
2.6746795177459717
44.66688537597656
188.22169494628906
1733.8668212890625
4516.99755859375
5793.00439453125
7723.0986328125
9531.3896484375
9194.4482421875
14679.7197265625
22895.986328125
35877.95703125
39821.1953125
31787.6484375
17378.630859375
6890.9921875
4327.53173828125
2625.96630859375
1744.6939697265625
538.3370361328125
106.11444091796875
15.829252243041992
292.5997619628906
17.698589324951172
1.0116422366479583e-08
5.442910122610556e-09
5.938221914192354e-09
1.1193280080590284e-08
1.017658401991639e-08
12.397928237915039
34.64463806152344
153.4725799560547
460.43609619140625
1833.1717529296875
3042.537109375
3237.4755859375
6694.16845703125
13358.8447265625
26241.166015625
38707.29296875
36535.69921875
22643.80859375
8313.1064453125
2899.75
672.5222778320312
151.23300170898438
159.5374298095703
121.01055908203125
11.510788917541504
8.871224403381348
8.616191864013672
8.581409454345703
1.0636806102581886e-08
1.090122836444607e-08
3.5168734591195516e-09
8.460191658343774e-09
8.333682188776947e-09
1.260658955004601e-08
13.9181489944458
19.35713005065918
132.38455200195312
1193.6866455078125
1462.830078125
3667.4208984375
8744.314453125
17306.984375
35098.45703125
37979.88671875
28846.544921875
11799.0185546875
3731.878662109375
294.63690185546875
115.69149780273438
117.43732452392578
120.33649444580078
106.42027282714844
13.983015060424805
9.665940284729004
0.0
13.715208053588867
1.3263062648150026e-08
1.0396568939086137e-08
7.009877567298872e-09
4.382783469480955e-09
1.2438759355859474e-08
1.1430145718804852e-08
4.255742425129938e-09
11.906606674194336
61.05245590209961
1013.8724365234375
1628.0655517578125
6449.8095703125
12753.65625
23906.70703125
37218.53515625
34333.40625
20967.697265625
6991.0546875
1913.2850341796875
91.1272964477539
100.06778717041016
104.23174285888672
34.649925231933594
133.74586486816406
197.72268676757812
162.49703979492188
191.14840698242188
12.549222946166992
1.0270419181779289e-08
1.1222796025833759e-08
9.062952166516425e-09
1.2731694809531291e-08
4.02992572645644e-09
6.124347695646293e-09
7.718393035816007e-09
5.632449626922607
45.000247955322266
729.0419921875
2764.165771484375
9537.892578125
18076.099609375
30800.599609375
36097.45703125
27470.61328125
14232.7822265625
4056.280029296875
989.2674560546875
101.08503723144531
57.16391372680664
0.0
2.15206546272384e-06
74.01956176757812
196.99545288085938
188.3693084716797
57.97697067260742
16.102556228637695
1.0166538721989582e-08
7.89671350531762e-09
8.756311231650216e-09
1.1962927537467749e-08
6.279815778498232e-09
1.1077122552549667e-09
9.348690710453411e-09
4.580734639603179e-06
112.5030288696289
1174.0853271484375
3775.785400390625
9443.201171875
19117.814453125
29661.216796875
30376.998046875
18641.181640625
7262.1845703125
2198.29150390625
187.96316528320312
0.005846967454999685
8.139581382238248e-07
3.9277060182030255e-07
6.563452359387156e-08
3.0630146738985786e-06
0.000316725141601637
0.00046941020991653204
9.309177428917792e-09
0.0
8.997873557348157e-09
8.116270988622887e-10
7.968760762366855e-09
1.1604459615455198e-08
1.0367542380151917e-08
5.707573302871083e-10
2.943361332441441e-09
4.755518645538359e-09
10.849506378173828
1267.6556396484375
3298.738037109375
9013.5654296875
16355.62890625
20137.03515625
16766.857421875
9585.6474609375
3476.465087890625
1208.0587158203125
39.712432861328125
1.0871596032302477e-06
5.257869020169892e-07
1.0518725446218014e-07
0.0
0.0
0.00335566233843565
0.002944501582533121
1.1291978019301041e-08
2.467331616795576e-10
7.1149952596272215e-09
1.16447926856722e-08
4.375324103023104e-09
4.783973217570292e-09
2.4523376662699548e-09
8.317677213653951e-09
6.765750182324837e-09
5.029697547342948e-09
11.654461860656738
302.5617980957031
1094.919189453125
2852.823974609375
6263.03271484375
7242.79931640625
6719.37353515625
3699.249267578125
1380.2969970703125
116.58087921142578
6.361487521644449e-06
5.005765046917077e-07
3.43593939078346e-07
2.3005506477602466e-07
2.7091171972415395e-08
2.819663258435412e-08
1.304183339101428e-08
1.9786610128136317e-09
5.834635885548778e-09
4.172175493977193e-09
3.547450111440753e-09
8.789990957325244e-09
6.350445502789626e-09
8.623025848919497e-09
1.2800141391267061e-08
7.983484096030224e-09
8.288630892749893e-10
1.0988858711868943e-08
12.481775283813477
29.186504364013672
128.6248016357422
105.0848617553711
454.06915283203125
452.9858703613281
260.909912109375
75.69194793701172
10.402958869934082
0.00908813625574112
0.007575673051178455
1.9836124920402654e-07
1.9572119924760045e-07
1.8522871414461406e-07
9.113694687812313e-09
5.999459595784629e-09
7.658562672929747e-09
1.252837034115828e-08
1.0164613151175672e-08
5.592334595405646e-09
1.1827755663773587e-08
5.653910228886616e-09
9.602145745191137e-09
3.5929372810272753e-09
8.716625643501175e-09
3.102985646208367e-09
1.167494367848576e-08
8.46215719718657e-09
1.2522487491395395e-09
1.17624958662077e-08
3.5531355635498585e-09
5.135118108512415e-09
44.85980987548828
1.538175836701683e-11
0.0022389080841094255
0.0011578178964555264
1.118870107674752e-09
6.738366309377852e-09
9.07146713302609e-09
7.75525688112566e-09
1.0684816587058776e-08
6.396125407093223e-09
4.640860584714801e-09
7.013434832892074e-10
1.1245870901177568e-08
9.04261998613265e-09
1.1266782173890988e-08
1.3273306898042847e-08
1.1025139912135273e-08
1.3033490731118036e-08
