0000
0000
0000
0000
0000
0000
0000
0000
0000
0000
0000
0000
0000
0000
0000
0000
0000
0000
0000
0000
0000
0000
0000
0000
0000
0000
0000
0000
0000
0000
0000
0000
0000
0000
0000
0000
0000
0000
0000
0000
0000
0000
0000
0000
0000
0000
0000
0000
0000
0000
0000
0000
0000
0000
0000
0000
0000
0000
0000
0000
0000
0000
0000
0000
0000
0000
0000
0000
0000
0000
0000
0000
0000
0000
0000
0000
0000
0000
0000
0000
0000
0000
0000
0000
0000
0000
0000
0000
0000
0000
0000
0000
006F
00B0
0082
0455
04ED
051A
0475
049A
0528
04E3
039E
0166
0124
007B
0031
0000
0000
0000
0000
0000
0000
0000
0000
0000
0000
0000
0085
034C
075F
0E25
13F4
1ED6
28EA
3569
3DE6
4619
4AB6
4262
36E8
2754
1C07
119A
0A96
07D8
000B
0000
0000
0000
0000
0000
0000
0000
0000
007E
0187
0565
0C46
1836
26B8
3CDD
5371
6180
6E35
739F
74FE
7754
6E72
6077
404C
2DED
1687
0929
0010
0000
0000
0000
0000
0000
0072
0000
0000
0236
0356
09A6
11ED
229E
38C5
5146
6867
73E2
73B5
7985
79CF
783B
7CAE
7232
5DE8
3ED3
2240
0C3F
0005
0000
0000
0000
0000
0000
0008
0000
0000
0305
0661
0789
10B0
20CA
38D8
4FA0
5E2E
6075
5C08
511B
59C1
5E94
6786
6B4B
630A
4958
2246
08F2
0006
0000
0000
0000
0000
0000
0000
00B9
0000
0268
045B
06F2
0DDB
1C3C
2C85
3F57
3FF0
409B
3334
3376
3C58
4F04
5D05
65EB
5B5C
4253
1BEC
0386
0001
0000
0000
0000
0000
0000
0000
0000
0000
0000
0129
02AF
0609
10F0
1B84
281A
2748
240F
2153
2A4C
3B52
5625
645F
6173
521D
33A5
0FF4
004F
0000
0000
0000
0000
0000
0000
0000
0000
0000
0004
0003
003D
01CF
0C8D
168F
1FFF
23C8
26FD
31C0
46FD
6672
6C7D
6A1A
5BE8
3F3D
2040
0398
004C
0000
0000
0000
0000
0000
0000
0000
0000
0000
0004
0005
002B
0222
0F44
1BE6
3182
4324
5831
6DC8
77EB
7BCA
7C17
6421
45CE
286D
0D76
0297
002B
0000
0000
0000
0000
0000
0000
0000
0000
0000
0004
0009
0057
03E5
1A4C
2FF8
5091
6F16
7C1B
8242
8602
7F30
73EB
6283
3DE4
202C
0ED1
0359
0020
0000
0000
0000
0000
0000
0000
0000
0000
0000
0005
0041
015C
07DA
20D9
3D02
63C1
7809
7FB0
7C8B
7B61
75B6
70D9
5F4A
4C77
28F3
1643
0446
0000
0000
0000
0000
0000
0000
0004
0000
0000
0000
0048
0049
019F
0856
200A
3419
4DB9
56AF
594E
5A19
4FEA
5343
60B9
5DE7
55E8
3934
18A8
0A2E
0000
0000
0000
0000
0000
0000
0000
0005
0012
00B1
01F9
01F4
01A9
064D
1030
1DF1
26A7
2768
1F87
2473
2839
348C
55C2
640D
5270
39BC
1B9E
0D2F
0000
0000
0000
0000
0000
0000
0000
0174
0565
03A5
046E
0511
057B
06C0
0703
0942
0AB9
0BBD
0C42
112C
169F
2F12
55D9
668B
576C
3811
1E29
0E21
0072
0000
0000
0000
0000
0000
0000
0364
097E
0C06
0AC4
0B62
0DAA
0AF6
070C
050C
0337
0443
0258
03AB
1634
335E
6275
6892
5E56
379D
1AA3
0B94
00A4
0000
0000
0000
0000
0000
0000
0821
11DE
22D4
26E3
25AB
26B7
1BD2
0EE4
0403
0530
0748
0922
0EA9
2B4C
5AF6
7243
7021
52E8
2DC1
1480
0777
0007
0000
0000
0000
0000
0000
0000
08E6
1E2F
32BE
3D2A
4298
3D32
3244
2183
1858
13E0
1A89
2519
3953
583D
77E1
7FAD
66D6
3DF8
1B52
0D89
015E
0007
0000
0000
0000
0000
0000
0059
0814
20E5
42E4
5481
5F94
5B51
4E94
447D
40D3
485C
4C5C
5BE7
73AF
7F61
7E7D
70AB
48D6
2064
0D1E
05FE
0084
0005
0000
0000
0000
0000
0000
003F
0623
20E9
3D5E
5E90
715F
78C3
730C
719D
709A
7987
848F
854C
84C5
7C42
6F8E
4BA2
23D5
0E32
03C5
00C8
0009
0005
0000
0000
0000
0000
0000
0000
0438
1351
2BC8
4348
66CD
7B99
8430
84A9
8689
841B
8768
7D89
6F82
5694
3658
1E03
094A
0242
002C
0000
0000
0000
0000
0000
0000
0000
0000
0000
016D
088C
1A2E
2602
35E4
4D93
5D7C
6430
6905
5EEA
540B
4342
33D0
1C1C
09B4
0295
0024
0000
0000
0000
0000
0000
0000
0000
0000
0000
0000
0000
0000
0270
04A3
0845
0B04
1052
11DA
0FC3
0CD1
0A9C
0860
0769
0290
0228
00F2
0001
0000
0000
0000
0000
0000
0000
0000
0000
0000
0000
0000
0000
0000
0000
0000
0000
0003
0002
0004
0001
0000
0000
0000
0000
0000
0000
0000
0000
0000
0000
0000
0000
0000
0000
0000
0000
0000
0000
0000
0000
0000
0000
0000
0000
0000
0000
0000
0000
0000
0000
0000
0000
0000
0000
0000
0000
0000
0000
0000
0000
0000
0000
0000
0000
0000
0000
0000
0000
0000
0000
0000
0000
0000
0000
0000
0000
0000
0000
0000
0000
0000
0000
0000
0000
0000
0000
0000
0000
0000
0000
0000
0000
0000
0000
