5.567763139424642e-08
1.1202164387213998e-06
4.7504218514404783e-07
4.69733578256637e-07
9.700539749246673e-07
4.2924403942379286e-07
6.333131068458897e-07
7.330757512136188e-07
2.80870040114678e-07
1.1185451285200543e-06
1.1445206382632023e-06
5.28719567682856e-07
7.472713718925661e-07
3.7230526572784584e-07
7.821901704119227e-07
2.996834211899113e-07
6.777146950298629e-07
7.405398605442315e-07
7.690666734561091e-07
9.269172807080395e-08
3.837915016902116e-07
1.7541575303425816e-08
2.1337359612516593e-07
1.1268851807244573e-07
7.862565212235495e-07
3.9036640941958467e-07
4.7452255103053176e-07
7.324555326704285e-07
3.047821905965975e-08
6.481340619757248e-07
7.722845225544006e-07
3.6272916759116924e-07
2.6865609470405616e-07
3.0498077308038773e-07
1.9775382043007994e-07
2.950285420411092e-07
9.749486480359337e-07
2.2856394821246795e-07
1.8863437389882165e-07
5.171820021132589e-07
3.1421689072885783e-07
5.1020965230463844e-08
1.1445694099165848e-06
3.5292689659627285e-08
7.905500751803629e-07
1.1650837450360996e-07
5.537746687878098e-07
1.0765222668851493e-06
4.1815180651383344e-08
1.1873314775812105e-07
3.2621659329379327e-07
1.033615831147472e-06
8.302727678710653e-07
6.264361900321092e-07
8.323710289914743e-07
1.8617005537180376e-07
9.325183896180533e-07
7.096690457508714e-10
6.521003825810112e-08
5.465603294396715e-07
1.1483770094855572e-06
1.4703188355724706e-07
8.61765215631749e-07
2.5943316472876177e-07
5.224306391937716e-07
3.956845375796547e-07
4.4477212668425636e-07
4.0951701407720975e-07
9.259021567231684e-07
1.3470712474372704e-06
2.321317879250273e-06
1.734647412376944e-06
1.6978921166810323e-06
7.888244226705865e-07
3.935267045562796e-07
1.9750179944821866e-06
3.737508677659207e-06
3.1393208246299764e-06
2.80662811746879e-06
7.681081228838593e-07
8.739314125705278e-07
5.122902280163544e-07
6.632956797147926e-07
7.55030669097323e-07
1.1684023775160313e-06
3.506917778395291e-07
1.0507295655770577e-06
1.1704544249369064e-06
0.016361171379685402
0.02241513505578041
0.021546319127082825
0.014397974126040936
5.401805580618202e-08
163.4647216796875
163.210693359375
367.8521728515625
641.604736328125
938.4015502929688
576.972900390625
680.5712890625
588.63525390625
368.13677978515625
7.5379638671875
3.6671030521392822
3.545548677444458
2.9946978092193604
2.4038641452789307
1.777967929840088
1.1529367611728958e-06
8.380063718504971e-07
7.908392376521078e-07
9.237621156898967e-07
8.205161634577962e-07
4.6049424895500124e-07
3.684067451104056e-07
9.971050758394995e-07
1.2824456691741943
0.38277244567871094
0.2436160147190094
100.90657806396484
631.1470336914062
2917.4990234375
4699.06494140625
7776.7978515625
10909.296875
12803.865234375
12903.892578125
12557.962890625
9789.947265625
8333.69921875
5941.3916015625
3976.684326171875
926.0377807617188
481.673583984375
0.0
1.59915292263031
1.02686772152083e-06
6.778271313123696e-07
9.171358215098735e-07
1.178803586299182e-06
3.4444519769749604e-07
1.095122911465296e-06
6.023717560310615e-07
1.0182385494772461e-06
1.3367762221605517e-06
25.894065856933594
127.61710357666016
1371.7510986328125
3765.36181640625
7397.96484375
11739.2255859375
16540.53125
20681.7109375
21276.111328125
23412.8828125
22838.134765625
20967.609375
19661.5
16905.486328125
11309.6904296875
5572.48974609375
2598.22265625
953.3336791992188
2.3718292713165283
2.6536397967902303e-07
8.337889880749572e-07
2.5851002760646224e-07
5.756357950303936e-07
1.202903376906761e-06
7.370529715444718e-07
2.3278758476408257e-07
1.0233916327706538e-06
4.153036594390869
355.32122802734375
975.9866943359375
2960.092041015625
8502.6474609375
13594.6259765625
19255.87109375
24226.59765625
24985.146484375
25243.291015625
25632.015625
25321.9375
24807.6328125
25011.83203125
24060.546875
20449.396484375
14141.3115234375
6923.98291015625
2122.4599609375
839.5375366210938
1.6843633651733398
1.2305262941936235e-07
1.197038614009216e-06
4.7765020383394585e-08
6.631319138250547e-07
2.441092021854274e-07
6.588187488887343e-07
5.745800990553107e-07
5.00716495513916
538.9439086914062
2308.19873046875
6708.43359375
13569.9951171875
22808.064453125
25956.685546875
25621.478515625
23836.25390625
23615.009765625
22999.087890625
23517.08984375
23260.939453125
24257.5390625
25671.875
26164.744140625
22260.44921875
13774.001953125
5629.74365234375
1601.3001708984375
148.60623168945312
6.336449018817802e-07
4.3866629084732267e-07
1.2166232181698433e-06
7.562273367511807e-07
3.668469048534462e-07
1.1414998652981012e-06
2.910448984039249e-06
466.8119812011719
1010.9349975585938
3276.93017578125
10272.6689453125
20364.587890625
25479.79296875
25897.46484375
22643.4609375
19091.146484375
16966.087890625
16320.283203125
15602.2578125
16949.677734375
18753.98046875
20401.076171875
23968.25390625
26637.421875
21679.029296875
11629.1865234375
3574.772705078125
617.2659301757812
7.286873255907267e-07
2.1217484658109242e-08
7.331470328608702e-07
9.83972540780087e-07
1.115073587243387e-06
8.851471307025349e-07
3.3549038107594242e-06
431.76727294921875
1778.48486328125
6226.02587890625
16974.740234375
24270.294921875
27509.53125
23181.703125
18723.279296875
14076.6279296875
12090.6669921875
9329.541015625
9492.193359375
9232.068359375
9358.275390625
13643.3828125
19754.919921875
23911.96875
25749.88671875
19136.806640625
7415.32568359375
1055.479736328125
0.5639251470565796
1.0088897397508845e-06
3.8829654158689664e-07
7.32392436475493e-07
7.762199061289721e-08
7.711330454185372e-07
2.8143704184913076e-06
750.7008666992188
3396.722412109375
11737.162109375
22484.576171875
26733.619140625
24781.9140625
18547.509765625
13687.1279296875
10570.08984375
6222.4775390625
4584.04296875
4522.52978515625
4674.9931640625
4086.43017578125
6984.72607421875
12582.8798828125
21519.787109375
26787.25390625
25202.259765625
12478.755859375
3228.449951171875
33.441551208496094
5.752190190833062e-07
9.894466757032205e-07
1.1474417078716215e-06
4.842623368972454e-08
1.0432127055537421e-06
4.15974852785439e-07
817.5943603515625
6195.390625
18014.603515625
26564.8515625
27602.169921875
21879.14453125
14428.4091796875
9628.873046875
6196.13525390625
3104.245849609375
2389.59912109375
2286.01025390625
2139.893310546875
1948.8525390625
3892.68603515625
6642.53759765625
15789.5869140625
25022.740234375
28987.349609375
18275.03515625
4936.67041015625
299.1477355957031
6.966385512896522e-07
1.5867689739934576e-07
9.829122973314952e-07
7.070745482451457e-07
6.777928547307965e-07
4.5603684384332155e-07
877.52880859375
8573.4130859375
23060.68359375
28546.744140625
25717.345703125
16605.630859375
10191.6728515625
7137.89501953125
2501.80224609375
1771.4407958984375
991.8450317382812
1495.365966796875
863.8182983398438
1936.1002197265625
1522.537353515625
4082.930908203125
11513.0810546875
22121.849609375
27470.1640625
23544.263671875
8473.5537109375
854.566650390625
5.267635856398556e-07
9.290070579481835e-07
6.670460379609722e-07
1.1784618436649907e-06
9.603294301996357e-07
5.36384902716236e-07
2035.86328125
13508.162109375
25155.125
27864.734375
22512.416015625
11800.025390625
5915.19677734375
3455.67041015625
1172.2061767578125
705.123291015625
405.2971496582031
615.6013793945312
236.93052673339844
244.91908264160156
652.8992919921875
3014.630859375
8362.33984375
20418.712890625
27352.384765625
26125.337890625
11717.9541015625
1115.086669921875
4.839871508011129e-07
6.760042765563412e-07
2.61029839521143e-07
1.0949466968668276e-06
2.76446030511579e-07
3.673863702147173e-08
2153.57763671875
14664.6708984375
26209.2109375
27562.787109375
19848.869140625
9492.5048828125
3679.300537109375
1937.2779541015625
757.9788818359375
351.20849609375
158.8636016845703
55.3449821472168
71.93698120117188
61.05879211425781
423.463134765625
2122.525146484375
7146.6826171875
18824.5703125
26251.861328125
25835.541015625
13316.1630859375
1286.2447509765625
7.06455750787427e-07
6.625209607591387e-07
1.1824473631349974e-06
1.0485903345625047e-07
8.167634177880245e-07
5.624038408313936e-07
2477.201904296875
15695.9052734375
26828.615234375
27302.353515625
16901.70703125
8148.2392578125
2767.069091796875
1583.3809814453125
853.5097045898438
181.87840270996094
9.09720230102539
9.667902946472168
11.110421180725098
84.04794311523438
468.9787292480469
2445.241455078125
9064.873046875
18087.712890625
26024.890625
25258.453125
12538.87890625
1371.2572021484375
1.1558432788660866e-06
7.686508070037235e-07
3.0528349270753097e-07
6.21527078692452e-07
5.619810394819069e-07
7.346521329054667e-07
3445.27587890625
17316.095703125
26243.431640625
26789.294921875
17309.087890625
7054.33056640625
3340.9697265625
1212.81005859375
219.61737060546875
10.918984413146973
7.372330188751221
10.442185401916504
81.2605209350586
104.06881713867188
1249.0181884765625
4583.83056640625
11669.4599609375
20197.232421875
27003.513671875
25277.05078125
9887.8349609375
1744.0648193359375
9.000301020023471e-07
6.521971727124765e-07
1.7154555109755165e-07
9.603857620277267e-08
8.907638004984619e-08
1.6442687922335608e-07
3642.7734375
15493.330078125
26255.34765625
26449.052734375
18482.068359375
7915.73681640625
3865.473876953125
1270.243896484375
359.2776184082031
280.790771484375
277.3851623535156
371.3671569824219
560.0840454101562
2003.7982177734375
4567.26904296875
9384.486328125
15870.404296875
23336.47265625
25917.796875
20885.80859375
8445.80859375
1683.0216064453125
6.566904744431667e-07
1.2107269640182494e-06
3.9447604649467394e-07
8.657638090880937e-07
1.0933106295851758e-06
4.047276433993829e-06
2925.99365234375
14762.8681640625
25583.2109375
26767.4296875
21408.984375
11581.6513671875
5018.09228515625
2514.015625
2144.741455078125
1556.6966552734375
1742.653076171875
1677.0950927734375
2928.321044921875
4803.5361328125
8633.7373046875
13946.154296875
21546.142578125
25491.21484375
25335.8671875
14647.01171875
4035.481201171875
1485.9417724609375
2.2537457766702573e-07
1.1018753411917714e-06
7.434368853864726e-07
1.7029300636295375e-07
1.1919042890440323e-06
4.40856547356816e-06
2274.666259765625
11085.03515625
23622.9609375
26016.658203125
26164.572265625
19806.13671875
11286.611328125
6543.1181640625
5066.63818359375
4076.716552734375
4263.91943359375
5730.68408203125
7770.94580078125
9658.4326171875
16522.74609375
22153.755859375
26403.6015625
26717.927734375
18052.76171875
8869.705078125
2275.000732421875
609.5138549804688
5.117245791552705e-07
6.909806415933417e-07
1.0511517984923557e-06
4.6539827991409766e-08
5.555869506679301e-07
2.342211473660427e-06
737.8863525390625
6273.875
17384.8359375
26114.61328125
26272.21484375
24027.05078125
19731.0859375
16182.859375
14165.2861328125
12928.4677734375
12101.037109375
13696.1962890625
15187.19140625
19327.529296875
23905.76953125
27603.501953125
27916.177734375
21221.353515625
9989.8330078125
3121.1572265625
652.8565673828125
45.13833999633789
1.0211480230282177e-06
4.268225950454507e-07
6.526533979922533e-07
1.0773968597277417e-06
1.203567023821961e-07
6.32876833606133e-07
81.98402404785156
2352.026123046875
10244.138671875
21103.470703125
25600.36328125
27144.849609375
26386.015625
24232.205078125
24045.1640625
21648.375
21752.984375
22166.291015625
25502.01953125
27956.06640625
27754.927734375
26938.970703125
20153.439453125
10577.6875
4285.1806640625
1229.097900390625
609.0103149414062
1.991254293898237e-06
2.5724252736836206e-06
8.535974416190584e-07
4.851114567827608e-07
1.9112711413526995e-07
6.839623551968543e-07
0.5660514235496521
44.455467224121094
912.9234008789062
3597.7275390625
10461.34765625
17589.53125
25426.408203125
27977.37890625
27346.888671875
27534.8125
27555.150390625
27778.94921875
28168.67578125
27876.0234375
27198.390625
22179.30859375
14600.033203125
7886.0078125
3157.539306640625
734.2943115234375
537.8333129882812
3.7491918192245066e-06
3.4279358374078583e-07
1.469609713922182e-07
2.0958535174031567e-07
7.941420108181774e-07
3.819719154307677e-07
3.5260555364402535e-07
0.39888980984687805
1.8874206944019534e-06
54.70570755004883
1088.507568359375
2778.6376953125
7531.19677734375
13529.6650390625
17804.57421875
21771.015625
22867.125
23204.515625
23252.00390625
20772.533203125
18285.001953125
13793.103515625
8771.7119140625
3700.32421875
1068.5806884765625
210.4705810546875
146.70237731933594
6.295334060268942e-06
1.0702752888391842e-06
7.85889199050871e-07
4.7163035787889385e-07
6.853749141555454e-07
7.387598657260241e-07
4.5064339815326093e-07
5.783261940450757e-07
6.249710509109718e-07
9.121816333390598e-07
3.1061950789279535e-09
0.7864276170730591
218.19601440429688
1123.8896484375
3467.25
4620.55224609375
5433.96142578125
6159.7431640625
6723.97705078125
6754.232421875
5511.56787109375
3710.4736328125
2314.5419921875
475.9964294433594
115.1616439819336
74.13279724121094
1.7675638446235098e-05
1.2201755453133956e-05
1.3990468232805142e-06
9.775374110176926e-08
2.909663976424781e-07
8.181647217497812e-07
4.2261618204975093e-07
6.749323233634641e-07
1.0646672308212146e-06
8.376422897526936e-07
1.846313679720879e-08
3.052092267807893e-07
5.298680321175198e-07
1.18154707706708e-06
9.504770304147314e-08
0.0
166.93655395507812
294.9794006347656
446.1985168457031
408.47064208984375
405.50152587890625
28.398521423339844
38.705589294433594
40.60544204711914
49.14036178588867
49.189422607421875
6.121915817260742
1.2148597306804731e-05
1.2572292689583264e-05
1.0858859241125174e-05
6.761463282600744e-07
6.774930056963058e-07
5.903956434849533e-07
5.396167921389861e-07
1.1236179489060305e-06
8.212836632992548e-07
9.043851179058038e-08
1.160662804977619e-06
1.1076151622546604e-06
2.806293419865824e-09
1.0342840539578901e-07
2.2560146817340865e-07
2.8288854991842527e-07
6.9571719905070495e-06
1.2893626262666658e-05
1.5798983667991706e-06
2.7368791961634997e-06
2.8568119887495413e-06
2.6679024358600145e-06
1.672439907451917e-06
1.3807313052893733e-06
1.920925342346891e-06
14.323099136352539
6.777529239654541
1.7057525383279426e-06
2.0718243831652217e-06
6.162413797028421e-07
8.842646366247209e-07
9.86823465609632e-07
1.5684766196955024e-07
1.0701081691877334e-06
4.7383684886881383e-07
1.2139277032474638e-06
9.190794116875622e-07
1.1721343753379188e-06
5.487140697368886e-07
1.1419638212828431e-06
1.4534204240135296e-07
1.2163902738393517e-06
8.056163665060012e-07
2.9756080266452045e-07
1.47595983435167e-07
4.548160461581574e-07
8.76544561378978e-07
4.4952381017537846e-07
7.992638870746305e-07
9.105812068810337e-07
1.336238710791804e-06
9.67942355600826e-07
1.1364687679815688e-06
5.241769258645945e-07
4.928795078740222e-07
7.142951119476493e-08
1.4088274724599614e-07
1.080759716387547e-06
2.040319735385765e-08
4.040767862534267e-07
8.866930443218735e-07
2.497676518942171e-07
2.1419158713342767e-07
4.1723791355252615e-07
