2.445095237391115e-09
6.2437428560713215e-09
2.3808663929258955e-09
6.086104953340055e-09
3.8828615878117034e-09
7.430888793180657e-09
6.622445258841481e-09
3.538831450100588e-10
5.642172062891859e-09
6.79171607842477e-09
6.5406071669826815e-09
5.052013030137914e-09
5.457506002670698e-09
5.498760557998139e-09
6.75445521736151e-09
5.797125002260373e-09
5.4647188996170826e-09
7.012513902893147e-10
3.355372646396404e-09
7.749331731865539e-10
7.20284631938739e-09
6.508787731007715e-09
6.077781833369045e-09
2.3243007518658487e-09
3.969680140158971e-09
4.356655480819427e-09
5.104961786628337e-09
2.0391659472096535e-09
2.697066570078732e-09
2.756469719145116e-09
2.8476790370213223e-11
4.825285948584224e-09
1.2939150861868143e-09
2.014303390751593e-09
1.0737938316296436e-09
6.832716170634967e-09
1.6665704372087475e-09
5.977779604648958e-09
7.138727831090819e-09
7.472476859504695e-09
1.1438818781073223e-09
6.972669108762375e-10
9.062901540346502e-10
3.6399112612883755e-09
7.1273280610739675e-09
4.658932795109649e-09
3.6451173190954478e-09
3.4251075309299495e-09
2.4322890368466688e-09
5.66737456964006e-09
2.8478679414689623e-09
8.970759690640762e-10
1.2294845141980204e-09
2.6448812029400415e-09
8.461263911740957e-10
3.1744209483264285e-09
3.223046274314356e-09
1.8706642901378245e-09
6.813329012089753e-09
1.2322467490832878e-09
4.667359831955764e-10
7.188684647552179e-10
1.6056495022453987e-09
5.518390744363444e-10
9.23915777217843e-10
5.719330342657258e-09
1.8190733364065181e-09
0.0
2.2734875679016113
8.36877155303955
2.2823119163513184
2.9564573764801025
1.7962692975997925
1.488226294517517
0.018086932599544525
0.0297438632696867
0.00733726704493165
6.918046580040027e-09
2.531735043831418e-09
2.6386262064193033e-09
4.684680199318336e-09
5.7675575426685555e-09
4.61376403748659e-09
4.295695466005611e-10
6.502252958284771e-09
3.2021829632356e-10
2.1093231605817664e-09
3.388471059295739e-09
4.589825852718832e-09
2.249463726400336e-09
75.54401397705078
274.57489013671875
807.9485473632812
1851.55224609375
2368.94873046875
4276.1630859375
5684.06298828125
6937.4111328125
6798.6953125
6999.75341796875
5230.9072265625
2750.841552734375
1361.5101318359375
501.28814697265625
94.83744812011719
0.3747482895851135
1.448958841798742e-09
2.7527007340211185e-09
1.3882569538381517e-09
2.9766498155225918e-09
3.3878833072265024e-09
6.713149147685726e-09
2.0589960847416933e-09
6.971042409986694e-09
9.36473232293622e-10
7.0287820008729796e-09
1.3681356048067528e-09
738.0136108398438
1846.53369140625
4046.500244140625
5910.75927734375
10418.0751953125
13969.4775390625
20365.740234375
24417.244140625
26331.83203125
26000.197265625
24884.19921875
21710.330078125
17031.388671875
9871.20703125
5413.00634765625
3136.812744140625
596.7486572265625
56.11638641357422
43.95601272583008
3.673660264880141e-09
5.56483570335331e-09
6.873658531247884e-09
5.53139667403002e-09
3.389065916792333e-09
2.4966535505654974e-09
2.5794715252658307e-09
4.792135577247336e-09
787.01953125
2431.65087890625
4964.078125
9122.306640625
13045.423828125
20078.8046875
25609.203125
28093.4375
30934.32421875
32363.525390625
33148.984375
31818.9609375
30016.375
24711.00390625
18773.966796875
9083.857421875
5569.89599609375
2270.671142578125
660.0957641601562
47.77800369262695
3.91565890822676e-09
5.933678881575588e-09
4.509124462703795e-10
1.223063594846252e-10
5.117161805401338e-09
3.1590163818151495e-09
311.96673583984375
0.1264374852180481
1171.4700927734375
3066.223876953125
8017.89697265625
13211.908203125
18784.0546875
24425.646484375
29155.416015625
29568.828125
31833.9296875
29262.212890625
29686.8203125
30790.1796875
32473.705078125
28793.095703125
22280.8359375
14630.71875
6557.9013671875
4235.041015625
1398.2967529296875
94.71159362792969
1.0065086541999335e-08
4.104452333564268e-10
0.00020088444580323994
5.6978239904026395e-09
5.603227659634058e-09
1.4326843045253668e-09
465.39971923828125
209.71478271484375
1119.8917236328125
3714.421630859375
7681.46630859375
13710.896484375
19588.853515625
23468.09375
25950.70703125
23513.7578125
22419.0703125
20193.328125
19611.392578125
21210.9453125
25625.79296875
27298.595703125
25796.765625
19474.998046875
8606.4326171875
4772.7568359375
847.8688354492188
112.47064971923828
0.004906767979264259
7.993753214918797e-09
0.00018912041559815407
6.685303421960498e-09
5.8534093128059794e-09
1.6090483390129862e-09
357.3102111816406
322.7335205078125
884.42041015625
3570.216552734375
6448.36181640625
10085.7265625
14952.017578125
17412.880859375
16752.759765625
13300.8720703125
9731.5830078125
8787.1875
10041.5498046875
13165.3203125
18640.5625
29035.533203125
27184.939453125
20003.5078125
10468.9619140625
4948.82763671875
1075.6319580078125
75.46304321289062
1.1275052003156816e-08
1.3392005726586831e-08
3.940555437509374e-09
4.1646922022131605e-10
3.8056829909649537e-10
2.963169432046442e-10
359.3340148925781
206.44015502929688
553.3333740234375
2538.35986328125
4932.80712890625
8111.6396484375
10834.3955078125
9707.0595703125
8683.525390625
6699.47705078125
4494.076171875
2785.2880859375
4031.984619140625
10633.7509765625
19766.95703125
28492.078125
28227.83984375
20795.423828125
10057.71484375
4744.31005859375
478.58245849609375
19.241092681884766
6.445321076853361e-08
5.82076786770358e-08
1.0560848862084526e-09
2.0471366823926473e-09
4.466219838406005e-09
7.41704697659884e-09
68.5240707397461
4.794873387226062e-09
260.8489685058594
1569.5950927734375
3830.4814453125
4735.7138671875
5951.49169921875
5692.67919921875
4814.7685546875
2830.517578125
2120.978759765625
1084.4971923828125
4264.6767578125
10201.1533203125
22630.953125
31930.712890625
28377.140625
20121.994140625
8505.447265625
3028.5068359375
327.7896423339844
38.49626159667969
5.5489124406449264e-08
3.8701408744401533e-10
4.83168061116146e-10
2.1336872269017704e-09
5.984031048456018e-10
4.0576448867568615e-09
6.2082303742272416e-09
3.2342915012861795e-09
140.1363983154297
1287.6025390625
2417.624267578125
2684.673095703125
2462.065185546875
3092.214111328125
2928.988525390625
2004.9310302734375
770.2962646484375
767.0186157226562
6436.48876953125
15925.4775390625
27890.763671875
32614.78515625
26940.1875
16708.98046875
6247.71923828125
1651.858642578125
100.37643432617188
17.29747772216797
6.897436399810886e-09
0.0
2.732488235679398e-09
4.864598501796991e-09
4.727604530074814e-09
1.2373800872822471e-09
5.495537358513047e-09
2.9300675219445793e-09
55.06950378417969
818.7374267578125
1497.6439208984375
1071.84130859375
993.5335693359375
769.0038452148438
569.5618286132812
681.7193603515625
343.61480712890625
3710.05712890625
11961.2958984375
21824.650390625
32260.4140625
31540.203125
22172.91796875
10350.5498046875
2720.82763671875
157.1270751953125
84.6727066040039
33.14480972290039
0.008023499511182308
4.421207400184812e-09
5.477741815695936e-09
1.4066678932778132e-09
2.164384227398841e-09
6.8620074067382575e-09
2.5194415442797435e-09
0.0
0.0
551.1864013671875
661.3309326171875
658.6171875
652.6461181640625
246.6178741455078
217.92384338378906
508.9844665527344
4059.6259765625
10337.470703125
20071.07421875
29172.63671875
32823.7734375
27848.626953125
15755.482421875
5240.5869140625
1645.831787109375
189.659912109375
90.25196838378906
44.73593521118164
0.0020647570490837097
4.414091758775385e-09
9.354027552532784e-10
8.929578604321975e-11
7.321402512028286e-11
2.972422308289424e-09
6.052092160757638e-09
7.251912848005304e-09
0.05857749655842781
7.1881700591802655e-09
636.3572387695312
273.4552001953125
459.27960205078125
624.0980834960938
1328.555419921875
4510.15673828125
11170.3701171875
20073.400390625
27451.6953125
32255.94140625
29934.025390625
19319.59765625
8567.423828125
1822.2469482421875
668.3724975585938
234.07525634765625
192.78610229492188
608.9467163085938
0.008220452815294266
6.305494792968602e-09
5.05803754435874e-09
2.9276085999896395e-09
7.42219974370073e-09
4.986559165587323e-09
1.2196577081624582e-09
7.350747233125787e-10
4.263671637971811e-09
16.537796020507812
236.82066345214844
359.0094299316406
735.3068237304688
1645.4947509765625
5252.888671875
13391.5205078125
20159.611328125
27500.1484375
31106.220703125
30646.595703125
22623.2421875
11102.2080078125
5434.26025390625
1448.7733154296875
973.5060424804688
756.562255859375
909.2147827148438
923.6876831054688
176.76988220214844
1.1051584482192993
1.8356993198394775
4.702178202364848e-09
4.342457060602101e-09
5.547474479783432e-09
3.051629504646769e-10
2.952284861024168e-09
3.2797019481658936
105.69951629638672
255.33314514160156
880.5933837890625
1972.080810546875
5875.33740234375
12936.02734375
20248.130859375
27699.7890625
30133.28125
29903.72265625
23759.4375
13734.3955078125
6718.52197265625
3731.6552734375
2002.5966796875
1576.0634765625
1061.4613037109375
1342.8958740234375
980.1297607421875
407.68927001953125
23.838529586791992
290.1797790527344
3.519401658991228e-09
9.041958848321485e-10
2.7621787079823434e-09
6.441979394367081e-09
5.310404116443124e-09
35.77018737792969
133.66851806640625
670.4991455078125
2595.511962890625
5885.72900390625
13688.833984375
22047.779296875
27897.509765625
31300.076171875
30602.244140625
22904.185546875
15515.1728515625
9203.818359375
5580.07861328125
4571.16064453125
3994.97509765625
3705.35107421875
3624.74658203125
2938.90380859375
2378.8876953125
1628.353515625
743.59130859375
280.9034729003906
6.492218318498999e-09
7.396175671914307e-09
2.989165803768401e-09
6.91593493584719e-09
0.0031128982082009315
114.615966796875
254.75442504882812
1741.6739501953125
7506.32177734375
13637.5234375
22740.06640625
27577.6015625
29907.19921875
29403.068359375
24256.3125
18515.111328125
14105.0419921875
9992.728515625
9274.6220703125
9098.5400390625
9022.8896484375
8664.099609375
10390.3818359375
8023.65380859375
7591.09765625
4969.013671875
1672.5943603515625
273.9948425292969
5.158951044137439e-09
3.635546752533969e-09
4.552640486821247e-09
4.8119166429216875e-09
2.915630578994751
203.06643676757812
540.8900146484375
5327.30322265625
13890.7060546875
21636.818359375
28480.447265625
31225.31640625
30927.638671875
28854.421875
25539.6171875
21747.140625
19604.6328125
19924.47265625
18542.974609375
19898.00390625
21935.935546875
21002.369140625
20093.970703125
15898.5546875
10725.4609375
4958.830078125
2287.685546875
38.6241569519043
1.6384110734790625e-09
9.435974224203392e-10
1.333632537736662e-09
4.4334775850529695e-09
6.02006196975708
327.6587219238281
3292.141845703125
8539.1494140625
17078.802734375
25755.03125
31739.52734375
32190.890625
33943.02734375
32891.76953125
30976.3515625
30340.57421875
29879.591796875
28694.841796875
29752.125
30019.947265625
30481.0
28364.556640625
25055.39453125
18340.619140625
10840.654296875
5828.19970703125
1659.0986328125
40.36796569824219
1.8641579391243113e-09
2.845710111998301e-09
6.4138081512510325e-09
2.909019025665316e-09
0.46261096000671387
765.1043701171875
3232.853515625
11079.5107421875
19541.955078125
26611.478515625
31414.77734375
33316.015625
32864.81640625
31883.87890625
31717.44921875
29590.75390625
31049.455078125
30460.30859375
30060.08984375
28663.19921875
29114.005859375
26801.392578125
20934.12890625
13096.1416015625
7633.99853515625
4120.1962890625
1372.155029296875
49.627784729003906
3.860880504191755e-09
4.356730975985101e-09
8.959304964584192e-10
106.10408782958984
212.3780975341797
751.0923461914062
1917.037109375
8005.6943359375
14924.0166015625
21822.36328125
28116.048828125
29398.259765625
27667.412109375
25832.2578125
24199.9453125
22324.224609375
22505.78515625
22571.40625
21868.0390625
21065.392578125
16525.21484375
14493.39453125
11044.0087890625
7127.0791015625
4709.30810546875
2596.11669921875
637.0618286132812
52.17224884033203
1.5754050286531651e-09
3.726059460973374e-09
2.93009505547559e-09
4.567665357058104e-09
0.48797711730003357
116.05829620361328
950.9873046875
3028.215576171875
4946.04736328125
10048.4853515625
12019.1904296875
14104.048828125
13017.34375
12711.169921875
10757.771484375
10571.171875
8279.287109375
7970.1083984375
7744.59716796875
6945.24951171875
5838.640625
3978.928466796875
3720.2626953125
2078.264404296875
1551.8040771484375
409.4635009765625
39.6221923828125
4.052768343143498e-09
8.296509590444145e-10
3.523640490499247e-09
3.0502700365531155e-09
8.213021929215358e-10
1.8827390757536477e-09
3.4056191200448893e-09
0.0
0.7752559781074524
0.9394437670707703
2.9720635414123535
148.0331268310547
358.23138427734375
625.2674560546875
467.1913757324219
522.7129516601562
443.69293212890625
105.05086517333984
179.6996612548828
273.74359130859375
288.0633850097656
260.09588623046875
209.8687286376953
213.6702117919922
182.66661071777344
114.58500671386719
24.169668197631836
3.5392919706112025e-09
3.400320858215622e-10
6.542489217054026e-09
5.155727400563137e-09
1.962801920996071e-09
2.5321471586181588e-09
1.843650787591855e-09
6.335377111810203e-09
5.74885472559572e-09
1.5166852218584381e-09
6.192493184897785e-09
7.348697206310817e-09
3.5948506393879143e-09
9.567322045711535e-09
2.7228249876998234e-08
3.3264335286276037e-08
3.6226204258582584e-08
3.3759228301732946e-08
3.673443416118971e-08
2.86473635924267e-08
1.6985437056860064e-08
1.2770493995617471e-08
4.4963512912943315e-09
1.215563760759153e-09
3.901558631724811e-09
1.5719262003166534e-10
5.976782624372845e-09
6.673870345252908e-09
1.4735944686705693e-09
6.9744414687988865e-09
2.917448505002085e-09
9.792224808791161e-10
3.2654086101757684e-09
7.384342026739432e-09
3.70345909495029e-09
4.46635306516896e-09
5.880732345531214e-09
4.1872576517221205e-09
5.569336103405931e-09
7.290524628444928e-09
2.0249841803376967e-09
4.401766950934416e-09
4.672072506650693e-09
1.0649074955182414e-09
3.0561904118542316e-09
1.1924961018650038e-09
2.7950157743816817e-09
4.2866123983742455e-09
2.8692044296008135e-09
6.7924221802684315e-09
6.070885572029283e-09
4.46629311312563e-09
5.078979459227639e-09
4.805128739349129e-09
6.695420662339302e-09
7.107940902528753e-09
6.093554993924499e-09
5.064131780585512e-09
2.3912587465702018e-09
4.340567461014189e-09
4.108313689243914e-09
7.005197533160867e-10
6.876042846215569e-09
7.088677422828482e-10
3.439521556458658e-09
1.8279864288928138e-09
6.453227729963373e-09
1.739219879226539e-09
5.644469336374414e-09
5.503884459301389e-09
5.684008264061902e-10
4.579535639592791e-10
1.5556589350040895e-09
5.422084559114637e-09
4.828273336698885e-09
1.227657975277907e-09
7.02602687141507e-09
5.786652934602898e-09
7.0463368473383525e-09
1.5331456104661356e-09
5.691821236553096e-09
1.0154472818157956e-09
5.386393109318988e-09
6.131947838383667e-09
2.933267406746154e-09
1.2476247812642782e-09
1.6397890822972272e-09
