2.361797202254934e-09
1.90346560735577e-09
7.181696348723676e-10
1.8834833692693564e-09
2.228645913648908e-11
4.0508862930721534e-09
4.707484624333347e-09
9.153326985256172e-10
2.9820952374137732e-09
4.780805973325641e-09
4.782501061839639e-09
5.13631936982506e-09
2.947546429155068e-09
2.7387483392260492e-09
4.444756562804741e-09
5.2259747640448495e-09
3.2959515117170213e-09
4.947582343817203e-09
2.3906352453195723e-09
4.989640922659078e-10
1.9178045818080136e-09
2.7729627483097374e-09
3.3404679022908113e-09
4.164978140153153e-09
4.274343545773718e-09
4.348830184852659e-09
4.634125527758215e-09
3.9168868148919955e-09
3.970744177905772e-09
2.484159322690971e-09
1.4338115139622687e-09
5.345864639849651e-09
3.609139875848655e-09
7.564558979211711e-10
2.6114330697879495e-09
2.5656099467141757e-09
4.620300142477163e-09
5.008578440879319e-09
4.315757085038285e-09
4.315012791522577e-09
3.0674658368923247e-09
7.381455446875407e-09
4.777539253097984e-09
2.804997033256651e-11
5.412702286378135e-09
2.8002413721139874e-09
2.083709871314454e-09
3.8711296390658845e-09
2.346149718945867e-09
5.022442906010838e-09
4.937044550956671e-09
3.04051250843429e-09
2.170500668086106e-09
1.5727574798063415e-09
7.308794125471252e-10
2.106175678306954e-09
4.487247462492405e-09
3.0603957146269067e-09
1.0866997302017012e-09
5.314954698576457e-09
3.715012963922959e-09
3.7535877184247113e-10
1.0119578508493987e-09
2.1875040667751477e-10
1.0087002344505436e-09
2.5428087724321813e-07
2.6245768935950764e-07
24.699575424194336
27.040699005126953
48.19865798950195
522.0552978515625
728.3492431640625
640.81005859375
629.798095703125
674.074462890625
375.7980041503906
293.56207275390625
0.09377377480268478
3.217162092283843e-09
5.867899499634177e-10
1.6130707880535056e-09
2.059100889795218e-09
4.404663744850268e-09
2.603695037350917e-09
1.8582567429259456e-10
1.2977668939484488e-09
3.4048657227003787e-09
1.9297110576133036e-09
6.96705582114987e-10
3.443875185027423e-09
3.855731289803543e-09
5.458183682804929e-09
0.0041829380206763744
0.0
406.6456604003906
691.7581787109375
977.9876708984375
1881.7041015625
2890.093994140625
4172.62060546875
5444.83544921875
6191.3291015625
6144.72021484375
5096.58447265625
3939.51123046875
2072.09130859375
999.1629028320312
263.8258056640625
3.2302494012981242e-09
3.9778651483857175e-09
2.179898067611319e-10
1.178686148683994e-09
1.0607306144549966e-09
5.2533182248737376e-09
4.104530049175992e-09
0.052461590617895126
1.3798756581806515e-09
5.234396027731236e-09
3.765596279237116e-09
2.3378809999030636e-08
5.003298282623291
325.78778076171875
899.7036743164062
2287.674560546875
3786.0048828125
6761.982421875
9344.05078125
12480.103515625
15561.30078125
18376.615234375
19425.2265625
18056.380859375
15371.3857421875
8785.8955078125
4446.53271484375
908.3783569335938
41.44300079345703
13.607098579406738
3.327783160145259e-09
3.847695051462097e-09
4.682648935272482e-09
3.7871172864356595e-09
1.9021402231089724e-09
4.5581970198327326e-07
6.465264732469223e-07
2.2998578597110964e-09
8.871942469568239e-08
355.47039794921875
573.5023803710938
1489.3316650390625
2644.360107421875
5129.6943359375
8843.8115234375
13325.6318359375
17350.15234375
20514.513671875
24845.423828125
26127.134765625
26073.06640625
26440.412109375
22082.22265625
16308.9208984375
7877.9404296875
1442.0289306640625
38.904544830322266
35.25687026977539
7.151347070077918e-09
2.81382783740014e-09
7.74405595205252e-10
9.01913210782368e-10
3.887095090249204e-09
0.4074815809726715
0.7015224099159241
1.6956963122538582e-07
0.0
594.116943359375
1365.559814453125
2344.0986328125
4872.68115234375
9881.4033203125
16357.7197265625
20330.84765625
23908.2578125
26843.21875
26827.048828125
27917.009765625
28083.8359375
28437.138671875
26962.587890625
20452.001953125
11050.697265625
2945.1142578125
157.337646484375
0.0001334553526248783
5.102557487646209e-09
3.2866478427706625e-09
1.544969818745301e-09
3.729130781948697e-09
2.8530924289782433e-09
0.802635669708252
0.47658368945121765
1.0148468163606594e-06
275.5692138671875
890.1561279296875
1695.6982421875
2624.056640625
8875.66796875
13402.5283203125
19511.173828125
22257.1484375
25145.40625
24554.759765625
22255.919921875
21467.115234375
23895.68359375
27012.443359375
29696.55859375
26384.734375
15985.4150390625
3937.208984375
166.7556610107422
1.4267806935919225e-09
1.8132103596357751e-09
2.5714390616826677e-09
5.2676623063518946e-09
4.4655049102892974e-10
1.5476876447095833e-09
0.08340831845998764
9.921012633640203e-07
38.25078201293945
510.9578857421875
1302.1937255859375
2417.280517578125
4438.96875
10872.3994140625
15238.943359375
19297.26171875
21934.9140625
21796.90625
19115.302734375
15007.34375
12728.181640625
16375.8564453125
21077.498046875
29912.755859375
28272.83984375
17498.798828125
4559.40576171875
0.0
4.644640227979835e-09
3.932010717022649e-09
3.1474534090136785e-09
2.9104652021771926e-09
3.701160045110896e-09
0.0
6.048987302165187e-07
6.172790050506592
123.65415954589844
805.3577880859375
1182.682861328125
3702.966552734375
5535.5009765625
8463.7890625
11075.7919921875
13647.041015625
14196.330078125
12201.2294921875
8981.818359375
6938.33056640625
7356.3701171875
12326.63671875
20278.64453125
28376.482421875
27092.2578125
15663.7216796875
4630.8447265625
0.0002518199326004833
1.2043402719541518e-08
1.4291733352322922e-09
5.085807330829084e-09
4.9975286131598295e-09
4.644208129178651e-09
2.551602484857085e-09
7.406662803077779e-07
7.400844310723187e-07
224.93038940429688
764.7387084960938
1800.2298583984375
2555.8427734375
4764.6279296875
5939.55029296875
7355.84423828125
8747.6044921875
8218.341796875
7051.41796875
4520.619140625
3537.197509765625
5667.6767578125
11491.9482421875
24336.2890625
29276.27734375
26553.685546875
13211.8583984375
4255.43701171875
0.0
1.1830061374951129e-08
1.7616077485627102e-09
3.1714972870133806e-09
1.2701950602433953e-09
4.15308010204285e-09
3.069769105579212e-09
7.878331871324917e-07
2.0173143639112823e-05
28.370868682861328
363.8929748535156
652.5357055664062
1582.711669921875
3769.8857421875
4370.10107421875
4295.5908203125
3938.1884765625
3726.030029296875
2754.171875
2428.57568359375
4456.28515625
8309.419921875
18021.498046875
28078.427734375
30263.2890625
23727.8984375
10214.216796875
2623.33740234375
276.0480041503906
3.844246254658401e-09
2.287775080489496e-09
2.5910018575103777e-09
2.055119407984307e-09
2.5443174234140997e-09
2.5950033233357317e-09
4.849417791774613e-07
2.0314924716949463
58.764373779296875
597.6367797851562
768.91064453125
2458.415283203125
2096.51611328125
2036.3909912109375
2345.068115234375
2621.995361328125
2750.686279296875
3379.924560546875
3722.799072265625
6012.14111328125
12650.3232421875
22847.263671875
28866.787109375
27296.294921875
17058.376953125
7170.65966796875
1237.8717041015625
76.29425811767578
1.2540223304213782e-09
5.1847757198686395e-09
2.6202680025733116e-09
4.602895842253929e-09
1.9585126853627344e-09
4.40773861853927e-09
0.11854589730501175
95.08175659179688
1027.2197265625
1542.386474609375
2478.92578125
2572.763671875
3442.408447265625
4144.5693359375
5667.03271484375
7007.109375
6248.39697265625
6816.04833984375
8475.88671875
14767.876953125
21985.56640625
27800.3359375
27595.162109375
21919.291015625
12099.7392578125
2952.2109375
984.4393920898438
59.06974792480469
55.947452545166016
4.5296126849336815e-09
3.081225274925714e-09
2.531633569446967e-09
2.298590651150789e-09
1.9361385827920685e-09
442.56536865234375
1281.268310546875
1946.9853515625
2501.261474609375
4460.26123046875
7054.35986328125
10100.34765625
11406.626953125
13854.3720703125
14125.3671875
14294.857421875
15127.501953125
18414.9296875
22711.509765625
26464.27734375
29236.673828125
25276.552734375
14952.2705078125
7505.07568359375
2660.898193359375
982.230224609375
330.5301513671875
23.654157638549805
2.460710080143258e-09
3.3545624056330325e-09
9.460893179991103e-10
1.8678780744352252e-09
8.270956697309373e-10
927.3760986328125
2142.7265625
4696.8076171875
9142.5703125
11426.6943359375
15897.7919921875
18081.4609375
20741.30859375
21966.10546875
20780.396484375
21721.513671875
22651.771484375
26219.076171875
28436.66015625
30452.208984375
27105.35546875
20389.193359375
11980.794921875
4881.88818359375
2161.881591796875
1751.9010009765625
631.5691528320312
0.0038605742156505585
2.274985977379629e-09
2.2382344588844916e-10
3.7243979011947204e-09
4.2751999163037624e-10
0.0
1822.1668701171875
6840.17138671875
11756.7783203125
15101.6181640625
19186.19921875
20903.220703125
22522.779296875
22236.111328125
21876.298828125
22286.71484375
23356.189453125
28029.58203125
29770.396484375
31071.833984375
28630.791015625
23292.83203125
17383.51171875
9645.1142578125
4560.517578125
1854.9610595703125
1753.2266845703125
430.49554443359375
6.924451567691392e-10
1.995726695014355e-09
3.32331079322401e-10
4.09224387709628e-09
3.397168657492955e-10
5.5292680372076575e-06
4279.25244140625
12240.9716796875
18355.162109375
21993.154296875
22789.955078125
24756.181640625
24605.1796875
22201.166015625
21534.966796875
24309.01171875
28268.591796875
30870.337890625
31950.634765625
28848.708984375
25102.486328125
20051.20703125
15713.8271484375
10565.146484375
6226.7861328125
3057.71923828125
2350.1904296875
454.7506408691406
3.3196876358942973e-09
4.426577770999529e-09
4.325017677331289e-09
4.080769056002964e-09
2.356006945092304e-09
171.26565551757812
7295.3271484375
16199.4560546875
23594.775390625
25432.130859375
24434.701171875
22754.4375
22242.6015625
22883.689453125
25554.4765625
29766.853515625
30299.75
30846.9765625
28512.5234375
24444.90234375
21567.1015625
18594.537109375
15160.869140625
11248.478515625
7686.6611328125
4145.966796875
2031.1204833984375
783.022216796875
1.1171393810016639e-09
2.01154226608935e-09
4.968800038085419e-09
1.4744706566816035e-09
4.720054125328943e-09
331.7243347167969
7279.09033203125
20117.150390625
26671.470703125
30224.47265625
29771.6328125
25850.203125
25851.00390625
27126.708984375
29574.54296875
29834.482421875
28857.56640625
26396.66796875
23248.32421875
18072.849609375
18373.93359375
17311.69140625
15604.2080078125
12231.7587890625
7165.84912109375
4622.67041015625
1590.640625
616.9193115234375
4.873761838553037e-09
5.350848208962589e-09
5.214288112398435e-09
5.885690546048039e-11
5.0557731334777145e-09
999.2762451171875
7171.4921875
19529.53515625
27953.03125
31687.134765625
31176.09765625
30114.4765625
29147.21875
29160.48828125
27341.259765625
24495.2890625
19286.51953125
13813.5126953125
12806.23828125
13734.8720703125
15634.39453125
15827.83203125
13693.1005859375
11599.4453125
6270.64501953125
2865.213623046875
1448.30615234375
382.1559143066406
0.2453080117702484
3.930313574596056e-10
2.835756907071385e-10
2.111258501358293e-09
2.0778303522206443e-09
805.499755859375
4524.5205078125
14271.35546875
22720.92578125
26746.375
27377.1875
25921.8828125
23660.3671875
21054.884765625
16485.404296875
11887.453125
7659.11767578125
5473.5771484375
6148.544921875
8560.451171875
11903.416015625
11871.5146484375
11613.169921875
8899.4384765625
5741.076171875
2744.876220703125
1202.2904052734375
88.4881820678711
0.29615071415901184
4.583646795452978e-09
1.935245741435665e-09
4.0728571626402754e-09
4.253538632426057e-10
436.5798034667969
2153.523193359375
8218.083984375
13468.3310546875
16706.04296875
18249.462890625
15281.0537109375
12977.6845703125
10434.5703125
5819.41015625
3363.34326171875
1793.5244140625
2540.12158203125
2638.965576171875
3950.143310546875
7764.7119140625
7892.19482421875
8213.26171875
5143.0673828125
3827.358642578125
2441.088623046875
776.8984375
2.773235559463501
1.2003088523115935e-09
6.610302860643458e-10
2.571067803103233e-09
4.193931424367747e-09
3.2682605510814255e-09
5.4174362773551366e-09
811.28955078125
2563.23095703125
5280.66845703125
5750.97998046875
6582.765625
5656.1220703125
3677.22412109375
2047.12890625
577.3885498046875
139.32566833496094
0.0
604.0446166992188
738.0173950195312
1733.4404296875
2239.026123046875
3664.66455078125
4167.505859375
2852.152099609375
2287.106201171875
1449.3316650390625
563.451171875
0.1566603034734726
1.5868711900068888e-10
4.4298906765050106e-09
1.8127589429539626e-09
3.0186875221716036e-10
4.398842623487553e-09
5.4166249263687405e-09
1.5974307432387036e-09
0.0023974336218088865
3.0309650897979736
172.12144470214844
101.03990936279297
63.63600158691406
50.74380874633789
0.0002083099534502253
0.0
3.890137989515097e-08
2.8417865394203545e-08
1.7996301338030207e-08
210.8798828125
188.00967407226562
142.49932861328125
24.017568588256836
258.5206604003906
554.8645629882812
562.4617309570312
349.0085144042969
2.988606029319385e-09
1.917770831028065e-09
1.4781917911932396e-09
1.9225465663907926e-09
8.28510871020427e-12
3.6488774224352483e-09
4.248550400376416e-09
5.356246557397526e-09
3.7210656778086104e-09
1.1612512063052804e-09
5.705207972717119e-10
3.562798722711591e-09
5.069066499885366e-09
5.912570877342205e-09
1.2531087278944142e-08
8.61285887054919e-09
1.2799823423392809e-09
1.7237850036266877e-09
9.166609138411275e-11
3.5262037734185014e-09
4.6267223385854095e-10
0.045822106301784515
0.14279118180274963
0.12295851856470108
0.0
5.205653241802111e-09
3.616295707331574e-09
2.507305696397566e-09
2.41415909485454e-09
3.762974820631371e-09
5.195750940600874e-09
3.9375902538552054e-09
3.0587676835835964e-09
3.6727312302531345e-09
4.580237966678169e-09
3.889114807975602e-09
1.5717642742885118e-09
5.229520372296292e-09
1.7932311191515282e-09
5.083313325826566e-09
2.8090576531525357e-09
3.4809879423391976e-09
3.725655783881621e-09
2.3139796745397234e-09
2.505466500934972e-09
1.1001010102873465e-09
5.385342394248482e-09
8.423960418113552e-10
4.009072629429511e-09
2.0376946796574202e-09
2.652817077120062e-09
1.4046557250679825e-09
8.005598406413128e-10
1.678159944340507e-09
4.5719922292519755e-10
4.533088571179178e-09
1.239175539957671e-09
1.3951004795842437e-09
2.020786871170799e-09
4.9454569328588605e-09
5.0821307162607354e-09
5.225161192612404e-09
4.551314880529844e-09
4.247076468288924e-09
6.068018865157399e-10
4.682000565026101e-09
3.797242520420241e-09
5.222347887468004e-09
2.9064781692511588e-09
2.273448096445918e-09
3.6517171508876345e-09
5.403108183088534e-09
2.3110708902152055e-09
1.9991464039748053e-09
3.166596762582685e-09
2.6321607116130963e-09
1.6387301515763397e-09
3.473825005428921e-09
4.834860956037801e-09
3.3756186734734683e-09
4.826643973387945e-09
8.142427287971543e-10
2.5713735585242148e-09
2.656500019959651e-11
4.0985870253251733e-10
5.397684521568635e-09
3.6527101343608592e-09
2.53384602189044e-09
6.909613992078789e-10
