8.647353411106451e-08
6.956661735557645e-08
8.485329772156547e-08
6.098949967281442e-08
2.5122089297724415e-08
4.1190649113787003e-08
4.683895227231005e-08
7.31407752141422e-08
1.650823833188042e-08
6.79130849334797e-08
7.370559274022526e-08
4.3983181541307204e-08
5.542874248476437e-08
1.9299628561952886e-08
6.664324558869339e-08
5.7569781830579814e-08
6.741419156242046e-08
2.3662295234316844e-08
4.2703753422301816e-08
6.663929497108256e-08
1.4401625669790974e-08
6.278235531453902e-08
3.189284214499821e-08
2.8848721189689286e-09
4.7574808093031606e-08
5.6013629290418976e-08
7.558482195690885e-08
6.92345736297284e-08
6.516406614309744e-08
7.474268670648598e-08
1.551366146657074e-08
6.600019730740314e-08
4.6564977651541994e-08
7.93074761418211e-08
4.377372420094616e-08
1.329790944026854e-08
4.80794568602505e-08
3.267303227971752e-08
8.834425968551329e-10
5.468245944939554e-08
5.684529114091674e-08
2.577234781142579e-08
6.984065237247705e-08
1.8154590719632324e-08
4.8309999556295224e-08
7.812999314182889e-08
4.097740813335804e-08
8.603626611147774e-08
4.6309661883014996e-08
4.0373951293304344e-08
1.8567581250295007e-08
3.609311605146104e-08
3.757835287387934e-08
7.656375533571236e-10
2.3766162371430255e-09
4.8484956494121434e-08
7.585177286273392e-08
9.672878498179216e-09
8.137522655715657e-08
4.254966867733856e-08
4.535768383107097e-08
1.9353601388161223e-08
6.862319423817098e-08
5.557659221722133e-08
6.48275957360056e-08
6.709581867880843e-08
5.801864944032786e-08
8.718932775764188e-08
1.4800289882543893e-08
1.6911084088633288e-08
6.825028009416201e-08
1.1095622909351732e-07
7.343876262666527e-08
8.095511105921105e-08
2.790266684371545e-08
2.9699325665433207e-08
9.614814899805424e-08
7.282343261749702e-08
5.3212982464856395e-08
7.357931508522597e-08
3.161448702826419e-08
7.012250335947101e-08
5.790797885651955e-08
7.983328487171093e-08
1.3671882514998401e-09
7.887474140488848e-08
8.151125285849048e-08
6.878611458205341e-08
8.766313008834459e-09
3.168997153579767e-08
4.2978527403647604e-08
4.578891044104694e-09
6.62124506334294e-08
5.641926037469602e-08
7.818157854444507e-08
5.856402296444685e-08
5.765404239355121e-06
7.144729352148715e-06
1.418072201886389e-07
1.8150159064589388e-07
1.509408917854671e-07
1.8421390279854677e-07
1.3023192479977297e-07
1.8558046122052474e-07
1.6953701731381443e-07
6.122241558159658e-08
4.90784799467292e-08
1.5755247773086012e-08
4.243442219831195e-08
5.300655914197705e-08
7.370668697603833e-08
7.072429752952303e-09
5.747912723563786e-08
2.9031967940795766e-08
7.242152832986903e-08
1.949263417344582e-09
3.017586891473911e-08
5.800228741748015e-09
3.866202291646914e-08
30.78620147705078
82.00479888916016
41.2010612487793
2.926647084677825e-07
4.623045697371708e-06
6.864727765787393e-06
6.038188985257875e-06
4.5760862121824175e-07
9.423706046618463e-07
0.36924540996551514
1.399052381515503
1.516741394996643
1.2417157888412476
0.9711930155754089
1.4707882404327393
3.8402813515858725e-06
4.409183020470664e-06
2.8091146759834373e-06
8.455469924228964e-08
8.736214596183345e-08
6.381942085909031e-08
1.2216295530720345e-08
2.9760325315209e-09
1.3391066033818788e-08
4.012353560511883e-09
5.4800640469920836e-08
337.662841796875
276.30426025390625
355.9527282714844
355.2985534667969
381.0860900878906
4.73256254196167
3.4765520095825195
3.156653642654419
0.16217124462127686
0.4542238712310791
2.0623979568481445
13.768835067749023
19.928010940551758
28.251911163330078
22.535747528076172
16.670747756958008
0.9744567275047302
1.5826133676455356e-05
3.994035432697274e-05
9.901818702928722e-05
8.094951772363856e-05
1.0882598644457175e-07
1.9741182910593125e-08
5.203200004189057e-08
6.622471460104862e-08
60.70966339111328
69.82923889160156
66.67877197265625
487.3713073730469
425.1846923828125
529.4072875976562
769.2969970703125
948.9883422851562
1311.128662109375
1642.906005859375
2104.371826171875
2540.347412109375
3105.030029296875
3277.943603515625
4013.6904296875
4368.32861328125
4860.98828125
4247.9921875
3841.713623046875
1922.21435546875
911.790771484375
215.462890625
4.950661659240723
0.023290155455470085
0.020827332511544228
1.7311662103836056e-09
4.71511043542705e-08
1.3460940140319622e-09
63.11698913574219
166.62362670898438
188.6660614013672
993.211181640625
1703.876953125
3211.032958984375
4705.341796875
5467.482421875
9157.4404296875
11424.6943359375
13597.484375
17121.37109375
19093.267578125
18870.529296875
19035.8671875
19817.689453125
21995.13671875
22590.544921875
21133.951171875
15608.017578125
6740.55859375
3225.330078125
445.2794494628906
24.742111206054688
0.026703201234340668
1.2203180688175053e-08
7.70839108099608e-08
0.29073742032051086
34.55363082885742
263.3733215332031
782.7857055664062
3292.95166015625
4893.630859375
8613.5185546875
12415.5068359375
17826.85546875
24658.822265625
30020.515625
31865.673828125
31997.857421875
32453.44140625
32129.63671875
32542.728515625
32757.8671875
32807.78515625
35482.39453125
32784.25
24081.759765625
13804.130859375
6118.2060546875
1749.2618408203125
267.5516357421875
0.0
8.728986955475193e-08
0.00016138768114615232
0.00017803520313464105
16.258560180664062
417.594970703125
1645.078369140625
4761.3984375
8652.87109375
15472.736328125
22608.501953125
29900.921875
34578.23828125
38317.29296875
37989.90234375
36530.125
37193.7421875
36575.5859375
35542.32421875
35375.9609375
38412.0625
36499.546875
35709.62890625
26515.998046875
14839.5419921875
6768.6064453125
2320.161376953125
192.90802001953125
1.8313197358565958e-07
8.0564412030526e-08
0.00020327215315774083
5.69372896279674e-05
11.01713752746582
966.3665771484375
3349.535888671875
6520.6904296875
13162.29296875
20611.974609375
30180.634765625
35408.28125
37765.953125
37114.109375
34285.27734375
30219.7109375
28569.923828125
27141.845703125
28247.94140625
28927.345703125
34228.609375
38551.53125
34540.06640625
24644.255859375
13627.3486328125
5851.25390625
995.9608764648438
208.95477294921875
1.5642513972125016e-05
2.343661087422788e-08
0.0
4.361950800557679e-08
8.367548942565918
936.2388916015625
3248.071533203125
6038.275390625
13028.84765625
24044.9296875
32271.669921875
35858.453125
34739.37109375
28523.865234375
22572.611328125
18779.962890625
17289.67578125
14216.0576171875
16942.634765625
21528.77734375
33401.6015625
38686.1484375
33762.37109375
18668.0859375
11083.8642578125
4031.233642578125
389.4456481933594
0.0
2.6715497369877994e-05
4.132435549308866e-08
7.145420255483259e-08
3.267664538952886e-08
0.18027009069919586
931.2211303710938
2688.634765625
5200.033203125
11881.7998046875
23283.2421875
29067.298828125
29533.662109375
23686.888671875
16645.654296875
9064.923828125
7084.72705078125
5998.01318359375
7134.89111328125
15194.5048828125
27306.203125
36944.83984375
37444.14453125
28887.982421875
15234.3369140625
7747.73828125
1550.4229736328125
187.97201538085938
4.1094210700975964e-08
8.522012961975634e-08
8.326964717753071e-08
7.154116588026227e-08
8.787786054398339e-10
1.7639413263381698e-09
751.8087768554688
2331.490966796875
5779.05908203125
10311.365234375
18040.798828125
21473.41796875
18393.654296875
12831.21875
5711.3837890625
3879.220703125
3031.369140625
3401.11279296875
8670.4326171875
22015.017578125
34511.25
38266.0546875
34500.625
21250.48828125
9390.626953125
2719.2783203125
667.1273803710938
178.53578186035156
7.808697688460597e-08
5.914764855674548e-08
1.851843478561932e-08
2.8885176917015087e-08
3.7516080908517324e-08
6.890319781405196e-08
188.58404541015625
856.0069580078125
3660.621826171875
9351.26953125
13027.8720703125
15749.521484375
12953.494140625
8739.8837890625
5624.5654296875
4844.07177734375
4604.06591796875
7344.91650390625
16592.234375
31873.21875
38991.36328125
37341.4140625
26865.5
14022.3349609375
5305.07080078125
1435.9071044921875
4.651059627532959
147.8758087158203
3.101474703726126e-07
1.2504976609761798e-07
2.474855520517849e-08
7.136419810649386e-08
7.526483614128665e-08
5.675229530766046e-08
45.138004302978516
700.6675415039062
1490.22900390625
5139.60888671875
9043.302734375
9296.3701171875
7470.5322265625
5758.78369140625
5595.62060546875
5358.69091796875
5992.1669921875
11225.763671875
29106.7890625
36924.94140625
40661.70703125
32786.6171875
17743.248046875
6632.779296875
1933.7528076171875
658.3493041992188
1.2829720973968506
197.35113525390625
2.0968273872767895e-07
2.315189107093829e-07
2.0206094575314637e-08
1.3892287320516061e-08
8.353121927484608e-08
8.835144882368695e-08
34.253944396972656
677.8051147460938
971.285888671875
2113.26220703125
3363.68505859375
5783.53271484375
5252.20263671875
4925.2646484375
4908.44384765625
5875.322265625
7176.25732421875
19450.76953125
35138.0625
40030.0390625
37663.13671875
23404.87890625
8304.73046875
2214.8447265625
362.1893615722656
517.531005859375
0.8423280119895935
0.0013516878243535757
1.573350232320081e-06
6.192478849698091e-07
1.4458256814009474e-08
7.116622668945638e-08
5.15369329434634e-08
1.3379778465605341e-05
4.385730392186815e-07
84.16311645507812
592.9622192382812
719.1273803710938
724.3124389648438
1342.133544921875
1495.4635009765625
2248.66796875
2535.556640625
3652.018310546875
11386.158203125
31968.87109375
39112.578125
38510.16015625
29676.232421875
12621.873046875
4082.43212890625
840.2664794921875
2.2219603061676025
287.69146728515625
0.03166044503450394
2.516244888305664
1.4888530586176785e-06
7.15462988409854e-07
2.5227549826922768e-08
5.715143469586792e-09
6.80221319271368e-08
0.13011674582958221
3.398304215807002e-07
6.460487929871306e-05
122.81816864013672
388.2646179199219
320.8188781738281
469.1626892089844
777.598876953125
1572.0306396484375
2697.4150390625
7825.1650390625
24756.57421875
37638.5078125
40386.8828125
35699.31640625
16943.244140625
7333.6806640625
1248.3712158203125
2.235344648361206
2.5037269592285156
204.4742889404297
0.0014262022450566292
2.7530677318573
2.6065296765409585e-07
1.3851522595587085e-08
2.9229386910856192e-08
6.183140754956185e-08
0.6684466600418091
0.11926159262657166
0.0
6.616289283556398e-06
1.015516318148002e-05
1.0202946214121766e-05
3.1296908855438232
47.29948806762695
304.6525573730469
1611.4378662109375
4369.30517578125
17227.181640625
35842.1640625
39251.671875
38461.98046875
23780.568359375
8422.712890625
2129.392578125
183.25697326660156
1.6034462451934814
1.5169563293457031
315.5670166015625
0.001230825437232852
2.2590911388397217
3.12249626155392e-09
8.918243921129942e-10
2.7124603008132908e-08
4.110633611276171e-08
0.3174670934677124
4.876287817978664e-08
8.77146078437363e-07
6.650346222158987e-06
9.500831765762996e-06
1.8444236516952515
67.89131927490234
709.9700317382812
1338.222900390625
4020.73583984375
11872.025390625
27277.537109375
39706.6015625
39182.07421875
30038.98828125
11687.2021484375
3830.415283203125
602.8646850585938
167.226318359375
1.3088433742523193
0.6368556022644043
0.05566162243485451
7.25530213685488e-08
198.11302185058594
91.1946029663086
8.337954682247073e-08
5.1457949012956306e-08
9.048370941400208e-09
2.1416575179955544e-08
4.1278021001289744e-08
9.017243201014935e-07
2.5939339138858486e-06
1.8065074682235718
3.0380475521087646
43.53268051147461
1309.517333984375
2942.626220703125
7909.4638671875
20629.232421875
36653.0390625
38845.76953125
32930.6015625
19277.875
6034.595703125
1373.8875732421875
470.92156982421875
209.88038635253906
5.340764045715332
0.0
0.055799804627895355
1.6331567849192652e-06
136.2112274169922
177.24005126953125
5.403364156109092e-08
8.51748040986422e-08
3.345859767023285e-08
5.1220496288806316e-08
1.0293286223372888e-09
22.179386138916016
8.187708999685128e-07
2.787970781326294
5.977996826171875
1171.1124267578125
2649.38623046875
5719.1943359375
16075.9462890625
32186.408203125
39771.67578125
36986.12890625
25134.044921875
10408.6396484375
2357.608154296875
361.5735778808594
358.29803466796875
59.819122314453125
59.77008056640625
3.9062957763671875
0.04607142135500908
1.4763345461688004e-06
214.54286193847656
137.77232360839844
4.922140561802735e-08
3.2004173533550784e-08
5.022057436576688e-08
5.718350237771119e-08
4.827166577570097e-08
1.0720621901327831e-07
5.194959271648258e-07
2.681036949157715
557.4194946289062
2151.865966796875
3957.081298828125
8577.484375
24735.388671875
37632.85546875
39110.67578125
31103.75390625
16087.8447265625
3575.222412109375
412.0594787597656
414.59088134765625
107.42731475830078
1.4106123447418213
100.07633209228516
4.1799163818359375
3.42539644241333
4.258389949798584
195.5602264404297
159.5018768310547
6.720226508605265e-08
7.132354085115367e-08
2.1165705632597565e-08
5.457318152934931e-08
5.565925675909966e-08
3.552714034071869e-08
6.232249916138244e-08
190.14154052734375
1280.1639404296875
3009.367431640625
5927.84228515625
15390.6943359375
30466.619140625
38015.1796875
35539.14453125
21765.697265625
6976.49365234375
1017.9014282226562
318.2183837890625
55.168067932128906
136.80023193359375
4.4286502998147625e-07
100.61358642578125
0.0
0.0
0.0
80.96736145019531
114.05901336669922
6.509490901862591e-08
2.435208656947907e-08
3.1274137057835105e-08
2.9351257424536925e-08
1.2543233118833541e-09
4.6385167706830543e-08
2.5570088268977997e-09
512.55908203125
1393.1673583984375
3479.011474609375
8571.810546875
18414.900390625
30841.234375
34351.5078125
27202.041015625
11645.83984375
3129.376953125
141.31924438476562
69.43708038330078
0.38397017121315
4.0476317053617095e-07
1.7711425925881485e-07
87.46601104736328
1.8043454730332087e-08
7.398708845585134e-08
3.528972003508102e-09
2.2837867736816406
8.360363068504739e-08
3.4226161460537696e-08
5.514654333182989e-08
4.541029952065401e-08
6.78525182706835e-08
4.71219614439633e-08
2.8573065691261945e-08
85.6880874633789
524.536865234375
512.3812255859375
2420.879638671875
5906.68115234375
12584.095703125
21196.671875
23015.87890625
14649.7197265625
5007.89892578125
850.96533203125
6.05410099029541
0.2678731679916382
8.590510702788379e-08
7.488266362543072e-08
8.194304967901189e-08
2.7239762445674387e-08
0.06423687934875488
8.208308344137549e-08
8.003983253956903e-08
2.1272203554190128e-08
4.5994827502227054e-08
5.1265249823018166e-08
2.0842810144472423e-08
5.671546077223866e-08
2.262918563644689e-08
1.799137905322823e-08
7.541113689057966e-08
156.13392639160156
311.9756774902344
245.6910400390625
235.23182678222656
310.8736267089844
635.9951782226562
2002.4193115234375
2112.8408203125
1440.4532470703125
951.0503540039062
49.36324691772461
0.0024971882812678814
6.855491818669179e-08
2.682598676528869e-08
6.015096687406185e-08
7.161818160739131e-08
7.698739068473515e-08
5.0735174284000095e-08
5.886393594778383e-08
1.8771588727872768e-08
2.707182211736381e-08
4.110908946586278e-08
7.863874174063312e-08
1.649292791228163e-08
