5.989166140807356e-08
5.344066522638968e-08
2.042573932214964e-08
3.3667625132238754e-08
2.4929866171419235e-08
2.1928011406657788e-08
2.678928545662984e-08
1.5809382247766735e-08
5.40458451325776e-08
2.2121071197034325e-08
8.65891180978906e-09
2.231017148801584e-08
3.9686245401071574e-08
2.9010865931766716e-10
1.9503203496640253e-09
6.599292667885948e-09
5.705881989115369e-09
1.0491244317734072e-08
7.113264199887226e-09
4.227616656748978e-08
3.2278439476840504e-08
5.26730232763839e-08
4.972053346818939e-08
5.420643489628674e-08
1.0057035204624754e-08
1.3074887839081839e-08
3.317745367326097e-08
4.6366150030507924e-08
8.227295289486847e-09
5.563719440715431e-08
6.409566566389913e-08
3.8262164991920145e-08
3.669654802251898e-08
2.630065054631814e-08
6.54930758514638e-08
6.343709202383252e-08
5.851343942708809e-08
1.4160050021416737e-08
3.8422751202915606e-08
6.202338198590951e-08
1.800571602927903e-08
3.230558220934654e-08
4.173175582877775e-08
3.48637705371857e-08
350.2825012207031
154.52418518066406
5.500460531493445e-08
5.4381601444219996e-08
6.506186878141307e-08
5.0409671104034715e-08
3.2684379647207606e-08
2.390550335462649e-08
5.980847106457077e-08
4.752244109340609e-08
7.396145917937247e-09
2.7581171124779758e-08
3.3200484583773004e-09
4.877762194155366e-08
6.409471353663321e-08
4.8259561680197294e-08
8.485184999074136e-09
5.724361074044282e-08
1.7171622346268123e-08
2.4184732438925494e-08
3.661363123796946e-08
0.1293560415506363
0.31439661979675293
113.24030303955078
619.1320190429688
966.6326293945312
1374.5919189453125
874.5459594726562
1465.53125
1233.9415283203125
1050.9310302734375
688.8448486328125
19.65941047668457
9.238520171095388e-09
3.189492403521399e-08
369.89666748046875
246.9490966796875
5.352374543576843e-08
2.637226081958488e-08
2.041984004108599e-08
6.049282319509075e-08
1.4581711837990952e-08
4.230901495816397e-08
1.019195483564772e-08
4.351015192582963e-08
0.020846286788582802
0.02906980738043785
14.136480331420898
46.55305099487305
229.10777282714844
578.347412109375
1321.117431640625
3046.88916015625
5164.0126953125
7300.85009765625
9916.521484375
11867.9677734375
12138.4384765625
12227.3046875
8267.732421875
5746.09912109375
2559.910888671875
1098.3131103515625
353.4544677734375
61.577392578125
1.9694709862960735e-08
4.001125120112192e-08
2.6719256140950165e-08
4.4939518772935116e-08
4.2732274607715226e-08
0.0
0.0247859638184309
0.022056760266423225
0.025577595457434654
18.588010787963867
24.53142547607422
109.84431457519531
736.5439453125
2336.29736328125
5557.12255859375
8539.580078125
12424.5419921875
15023.6669921875
20770.4296875
23791.330078125
24025.3984375
23860.408203125
21558.068359375
17473.916015625
8861.70703125
2880.484619140625
532.2936401367188
1.4469378584180959e-07
3.96812467329255e-08
6.120070850101911e-08
3.35527552408621e-08
5.828308502486834e-09
1.1794232257500425e-08
4.104550654915329e-08
8.452092359334529e-09
0.0
0.04545719921588898
0.04904409870505333
327.0824890136719
985.7024536132812
2912.421630859375
6193.724609375
8616.0048828125
14160.2763671875
18648.25
23217.337890625
25645.0859375
28306.4453125
27619.22265625
27781.1640625
27467.75
24602.330078125
15958.201171875
7326.0361328125
892.5219116210938
218.437255859375
2.6960464083458646e-08
1.1043489678286278e-08
3.379646784651413e-08
3.809929793874289e-08
3.698323425282979e-08
5.507832412376956e-08
0.0009295796044170856
0.001930950558744371
0.015133966691792011
59.114990234375
1776.1246337890625
3366.79248046875
4748.6416015625
8043.05322265625
13838.1201171875
19247.28515625
22433.51953125
23209.09375
24777.783203125
24149.998046875
24768.724609375
25070.935546875
28549.26171875
27789.28125
20661.693359375
10072.109375
2465.90478515625
158.30502319335938
2.4035303525238305e-08
3.381472879482317e-08
3.555017258349835e-08
5.4803277471648926e-09
2.188280845416557e-08
3.903559786522237e-08
0.0003009342181030661
0.0018960143206641078
2.475734233856201
588.1710205078125
2175.96484375
2937.490478515625
4335.837890625
10673.3046875
15879.408203125
19711.70703125
21842.984375
19509.86328125
17432.927734375
15746.2353515625
16990.732421875
20322.44921875
25807.474609375
27970.798828125
23550.705078125
13317.646484375
3456.993896484375
249.27108764648438
3.078039156889645e-08
3.986372121289605e-08
4.224048666401359e-08
5.259981250560486e-08
6.299919164121093e-08
3.0279050378112515e-08
5.97567648696895e-08
0.0020780423656105995
26.969266891479492
77.54592895507812
1094.6494140625
2626.777587890625
6091.1259765625
9783.0322265625
13944.982421875
15895.669921875
15645.6640625
12500.8544921875
10431.2841796875
8118.44384765625
9201.4169921875
14866.1396484375
22262.642578125
28840.4375
23969.935546875
12388.66796875
4171.0517578125
196.51278686523438
7.341203200894597e-08
4.125576325009206e-08
4.626518546047009e-08
6.221132053951806e-08
1.5812696929629055e-08
2.9694149361603195e-09
1.680723293873143e-08
0.0
58.37489700317383
86.7950210571289
583.506591796875
2355.990478515625
4148.51953125
6558.86083984375
8621.8232421875
9037.849609375
8985.6435546875
6989.6298828125
5622.83251953125
3949.1044921875
5566.79150390625
13188.59765625
23420.83203125
28945.37890625
22561.58984375
11762.7548828125
4196.98681640625
176.5911102294922
5.806284164577846e-08
2.4253170138877067e-08
3.558258043767637e-08
6.51014815389317e-08
5.1016016300309275e-08
5.444366379947496e-08
5.032115879544108e-08
1.1304107871978886e-08
4.320324933360098e-06
108.33930969238281
1223.7923583984375
2419.247314453125
3349.368896484375
4302.21435546875
4694.29296875
4555.03857421875
4561.34326171875
2934.279296875
1701.5694580078125
1763.1248779296875
5973.158203125
16039.732421875
26751.76171875
28668.09375
20711.822265625
9948.19921875
3558.657958984375
171.05613708496094
8.345686808297614e-08
9.588833727036672e-09
4.323862512478627e-08
6.308682998223958e-08
3.743775423004081e-08
1.4173805240602633e-08
1.0693845808873448e-08
1.6300899687848869e-06
1.7763939013093477e-06
72.36033630371094
409.2120056152344
1556.61669921875
2891.08349609375
3034.6845703125
2553.76708984375
2472.186767578125
1616.8497314453125
1253.463134765625
1154.5755615234375
3617.924072265625
9671.287109375
21143.9921875
28524.14453125
27736.3203125
17974.8125
7351.4912109375
1740.170166015625
8.403480222796134e-08
3.0377801607528454e-08
2.998344328375424e-08
1.3914674745763023e-08
1.7735732882329103e-08
5.7260770347511425e-08
4.4711789826124004e-08
5.0978311350036165e-08
1.3016413049626863e-06
8.53125428079693e-08
59.622039794921875
949.9559936523438
1783.6033935546875
1821.031494140625
1833.8026123046875
1739.821533203125
1652.151123046875
1234.4251708984375
2226.77099609375
2969.570556640625
5293.9326171875
16676.0625
25918.40625
27761.3671875
24560.693359375
14572.5
4357.490234375
716.1116943359375
6.160767895835306e-08
3.698095696336168e-08
4.176765600050203e-08
4.736206982158819e-09
5.080238452137564e-08
6.049005918384864e-08
1.6661434454334767e-09
1.0618575174703437e-07
304.9950866699219
695.8424682617188
1530.2796630859375
2100.42919921875
3216.782470703125
3675.251220703125
3755.97802734375
4735.49267578125
4676.92822265625
5410.76513671875
5214.10986328125
7545.0380859375
14526.62890625
22040.845703125
27525.96875
25510.068359375
19591.634765625
9023.908203125
2410.640869140625
600.903076171875
0.2057967185974121
1.6101617816843827e-08
4.708435241695952e-08
4.62113725063773e-08
1.273608329910303e-08
5.479360254412313e-08
1.8572531956806415e-08
71.25236511230469
754.4459838867188
2112.34619140625
4350.80078125
6762.138671875
8150.48095703125
10125.3125
11397.0751953125
13151.60546875
13379.5703125
13411.193359375
13734.8095703125
17782.541015625
22681.529296875
27775.7421875
27795.51953125
23730.197265625
14382.3154296875
5094.263671875
913.64306640625
630.7708740234375
0.07575906068086624
7.585673422738637e-09
4.125288910472591e-08
1.982721009596844e-08
1.3689246181058934e-08
6.369100358227797e-09
0.0
353.8078918457031
1487.893310546875
5251.501953125
11278.5517578125
16111.634765625
18115.841796875
19444.9609375
21068.57421875
21733.3125
22013.59375
21546.287109375
24620.392578125
27087.603515625
27940.9453125
28534.8125
24940.47265625
16249.97265625
8535.05078125
2619.15283203125
1244.318359375
518.0785522460938
0.0012833306100219488
5.4627854240152374e-08
6.359320536830637e-08
2.4534040576895677e-08
1.876527733202238e-08
3.2388796089577454e-09
0.00869083683937788
1124.646240234375
5018.544921875
12317.080078125
18871.349609375
22515.6640625
23535.037109375
25114.9765625
24423.203125
24550.84765625
26091.5234375
25541.49609375
27635.546875
29927.392578125
28453.802734375
26320.216796875
21396.056640625
14276.861328125
7251.40234375
2727.615966796875
1350.7193603515625
518.0011596679688
225.82180786132812
197.5739288330078
1.2377488367576461e-08
8.331287659757436e-09
6.50969056437134e-08
5.690609583552941e-08
0.009209039621055126
2311.337890625
7874.166015625
17087.0546875
24084.56640625
24897.822265625
23642.501953125
23181.984375
21718.119140625
22329.1171875
24923.298828125
27974.02734375
29612.677734375
30380.427734375
29526.19921875
26456.98046875
21391.904296875
17017.072265625
9396.037109375
5741.96533203125
2857.277099609375
1299.798095703125
766.2619018554688
225.10086059570312
4.592769187183876e-08
2.8240572547133524e-08
3.2791749760008315e-08
5.863341479006579e-10
51.73486328125
3590.519287109375
13676.8486328125
22958.7109375
27809.2265625
26835.2890625
22845.05859375
19666.728515625
20383.513671875
22734.2265625
26837.3984375
30468.7265625
30887.201171875
29375.396484375
26867.09375
26496.521484375
22812.9609375
18185.443359375
12743.578125
9261.0517578125
6082.36328125
2478.780029296875
1131.2689208984375
4.297693252563477
6.510643135726468e-09
1.3960009814795171e-09
2.116717467970375e-08
6.448229328270827e-08
213.8728790283203
4927.0400390625
17107.287109375
25927.2578125
29095.2265625
27698.01171875
26480.88671875
24431.123046875
25666.580078125
27562.18359375
28360.5546875
30061.09765625
26224.384765625
23094.189453125
21247.029296875
21541.560546875
21874.64453125
18242.345703125
15439.0029296875
11173.94921875
6418.3046875
2704.840576171875
737.0377807617188
33.51814651489258
4.186826885188566e-08
1.7976192978608196e-08
1.1042217140655453e-09
2.157498713017958e-08
241.7431640625
4929.7548828125
16656.376953125
24998.900390625
29019.677734375
29676.08984375
30059.47265625
28937.93359375
29071.57421875
29267.771484375
25140.158203125
22021.130859375
15078.3427734375
13079.9736328125
15504.408203125
16952.220703125
17240.5625
16108.7470703125
12866.9677734375
9390.4990234375
6582.99609375
2879.966064453125
894.0520629882812
11.204209327697754
7.640766597205584e-08
6.269256669355627e-09
5.741734199204984e-08
1.9545206342286292e-08
222.26473999023438
3241.115966796875
12019.6533203125
19022.361328125
24349.705078125
27308.251953125
27900.837890625
27225.927734375
23309.712890625
19635.91015625
15022.3740234375
10103.81640625
6290.17626953125
5382.70654296875
9111.8330078125
13156.1591796875
12839.7666015625
13163.029296875
11819.40234375
8230.7646484375
5297.16796875
2222.795166015625
482.63714599609375
2.6496191352087806e-10
1.937111981931139e-08
3.2984978304284596e-08
6.5611591715253326e-09
5.623483545491581e-08
5.443572521209717
1289.2962646484375
7363.744140625
12602.2353515625
17024.9375
20067.53515625
17793.345703125
16085.7236328125
13158.2138671875
8904.390625
4076.42578125
2776.34423828125
2046.247802734375
2290.20947265625
4697.38232421875
8435.87109375
8733.8603515625
8228.3818359375
6385.2822265625
5346.208984375
2993.01318359375
1472.72705078125
28.50406837463379
2.5086239929805743e-06
5.501605215840755e-08
2.4121138864074965e-08
6.522578388512557e-08
5.135295921832039e-08
2.9350166741437533e-08
401.2267761230469
1118.259765625
3953.857666015625
4626.65185546875
5817.33642578125
4088.870849609375
2845.74560546875
1188.95947265625
110.6760482788086
127.1821060180664
156.29559326171875
276.94024658203125
542.1339111328125
1168.872314453125
2332.759033203125
2822.39111328125
3244.922607421875
3035.528564453125
1963.142578125
1515.4517822265625
472.73956298828125
15.659965515136719
2.057514620901202e-06
4.4700179557821684e-08
1.52092418659322e-08
4.313859136573228e-08
4.519290186522085e-08
8.551180874505349e-10
3.613311605477065e-08
15.328335762023926
20.45477867126465
0.0
1.7125164220033184e-07
2.1844043374130706e-07
3.4245653068865067e-07
4.533991670996329e-07
4.37581292089817e-07
4.84442466586188e-07
3.811043427504046e-07
1.947432650695191e-07
25.637178421020508
82.87391662597656
83.750732421875
2.9512402761611156e-06
28.402179718017578
101.71255493164062
371.3551025390625
339.2096252441406
1.780611276626587
4.91133214097772e-08
1.3281199251480302e-08
4.320589397366348e-08
2.944531196646949e-08
5.786742818258972e-08
5.494452182119858e-08
2.436523693916115e-08
5.666016278382813e-08
2.900020668050729e-08
9.397820299739124e-09
3.149883909259188e-08
1.7022077969386373e-08
3.4566564721671966e-08
1.7066187751879625e-07
1.8450366212618974e-07
2.7112920975014276e-07
3.0786267757321184e-07
2.5934909331226663e-07
4.2069626005059035e-08
4.681040621790089e-08
1.0919663784303424e-10
4.836332578861402e-08
6.364549420823096e-08
3.036299744962889e-08
5.1975533210679714e-08
2.72131810419296e-08
4.200919789809632e-08
4.06318889645263e-08
5.4444036834411236e-08
1.3283482758197351e-08
1.19428715805725e-08
4.86494471374499e-08
9.225431085724267e-09
5.6275283100148954e-08
5.23359773296761e-08
3.5929954123048446e-08
6.797628238075504e-09
2.08006412094619e-08
5.97849023620256e-08
2.2736058369332568e-08
1.837958052419708e-08
1.2882077626841237e-09
6.302990129825048e-08
9.285133018011038e-08
1.4179840945871547e-07
1.1069769101368365e-07
3.442150742216654e-08
3.102779189134708e-08
1.7404897079131842e-08
5.7611998727225e-08
4.5739220411178394e-08
4.97071752647571e-08
4.923128571476809e-09
2.9646098909097418e-08
3.9927897432789905e-08
1.4238417556100558e-08
1.8747309482591845e-08
4.920351237558407e-09
1.2483520883677102e-08
3.0818224416861995e-08
5.488601573233609e-08
6.051392631434283e-08
4.1786510251995423e-08
2.5814145487856877e-08
5.492215393587685e-08
1.4623021016291204e-08
1.2553324602038174e-08
6.443089262120338e-08
1.958457573891792e-08
5.690977289418697e-08
5.598677432772092e-08
5.1023771874270096e-08
5.877356912264986e-08
3.974922080374199e-08
4.032542122445193e-08
1.1692174339827943e-08
4.3243492342526224e-08
5.602644748137209e-08
2.6014188136969096e-08
2.6398810248906557e-08
1.7216683634302399e-09
5.8953663284455615e-08
4.731178648853529e-08
3.429348183203729e-08
2.6733017577385e-08
1.637078561600447e-08
2.2437079749693112e-08
6.426209608889621e-08
