1.3303348112003732e-07
4.895606764421245e-08
1.149038268977165e-07
3.421451708618406e-07
6.77520688441291e-08
2.2936828258934838e-07
3.5755843441620527e-07
1.5632596728210046e-07
3.275835922522674e-07
1.1601860805399156e-08
3.3496128537535697e-08
1.4915553947503213e-07
3.006275619554799e-07
2.8515503913695284e-07
2.491719044428464e-07
4.246719527145615e-07
2.832869583357933e-08
3.974204503265355e-07
2.9296279535628855e-07
2.379802452878721e-07
3.709605209678557e-07
1.445154396151338e-07
2.840801585080044e-07
1.323985543422168e-07
5.7236569261931436e-08
3.2924532433753484e-07
1.8986871452852938e-07
1.7214759395756118e-07
1.8111882127413992e-07
2.996891339535068e-07
3.316928598451341e-08
3.114583364549617e-07
4.027352815683116e-07
2.313848455059997e-07
9.88038380000944e-08
4.0376114895934734e-08
4.085144098553428e-07
1.0629887015056738e-07
2.762653252830205e-07
3.278069016232621e-07
3.0196954270422793e-08
2.339834992426404e-07
2.667886747076409e-07
1.334552450771298e-07
3.643898764948972e-07
3.6267300629333477e-07
1.9522661887094728e-07
3.3686788469822204e-07
1.216092559985782e-08
3.8932830648263916e-07
1.8101665943959233e-07
7.87525848977566e-08
1.8511103405671747e-07
2.6393581720185466e-07
3.382364184290054e-07
4.225815644076647e-07
2.5508799694762274e-07
3.6156450278213015e-07
8.743926827037285e-08
2.0427137314982247e-07
2.956510627427633e-07
9.761635055838269e-08
8.614131985495987e-08
3.2768974733698997e-07
1.9825357355784945e-07
2.762010922197078e-07
3.6443299933353046e-08
4.4381778252500226e-08
3.7193885304986907e-07
3.1197507155411586e-07
9.004935463963193e-07
7.450787506968481e-07
2.9935597467556363e-07
3.6011257975587796e-07
3.210848547041678e-07
3.416115816889942e-07
1.348051910099457e-07
4.599495539991949e-08
1.463478298546761e-07
2.3622520473054465e-07
1.2120041503749235e-07
1.532262103864923e-07
1.3696437406451878e-07
2.1517902837331349e-07
1.0225309665656823e-07
4.0380143673246494e-07
1.9926241634493636e-07
1.6337008901246008e-07
3.023671411028772e-07
4.231943364629842e-07
8.25189374609181e-08
6.244153638590433e-08
5.844352912731665e-08
1.710698711576697e-07
5.48597540728224e-07
1.3185383522795746e-06
6.683605988655472e-07
9.509473102298216e-07
9.625252914702287e-07
2.893811824833392e-06
6.666088104248047
3.637427806854248
4.588827133178711
5.74806022644043
5.353897571563721
4.638900279998779
3.453766055372398e-07
4.23527666271184e-07
1.6732700203192508e-07
8.86696014390509e-08
2.192212065210697e-07
8.944378038222567e-08
2.776526741854468e-07
4.015863055428781e-07
3.591333381791628e-07
2.28766381837886e-07
3.913660506782435e-08
1.4183831353875576e-06
0.00019257607345934957
0.0001820606557885185
45.12302780151367
602.943603515625
736.2359008789062
1057.086669921875
1473.716552734375
1902.286376953125
3331.244140625
4015.524169921875
4669.78076171875
4376.98388671875
4467.611328125
3179.504150390625
2569.147705078125
2361.16162109375
1724.2801513671875
619.895263671875
228.19635009765625
3.482445240020752
3.613943135860609e-07
4.274482421351422e-07
6.977200683877527e-08
1.227313930485252e-07
8.60364082200249e-08
2.254578568283705e-08
1.1059630651288899e-06
0.11665374040603638
1.8222397565841675
222.12747192382812
1643.518798828125
3144.5732421875
5874.44921875
10447.2900390625
14688.4658203125
17966.669921875
18149.748046875
19265.927734375
20908.8984375
23227.724609375
22556.265625
19592.578125
16262.3486328125
11631.41015625
8762.4365234375
4434.55419921875
1290.75634765625
361.4155578613281
103.87642669677734
2.296228416298618e-07
1.0281233642217558e-07
1.715139035241009e-07
2.5362717792631884e-07
0.0004297957057133317
0.0033155723940581083
109.73986053466797
608.0031127929688
1778.5704345703125
5532.92431640625
11266.0068359375
17485.58984375
24090.677734375
27429.587890625
29588.474609375
32251.001953125
32664.2265625
31053.802734375
32777.34375
30225.955078125
25763.984375
21927.51953125
17412.9921875
10985.578125
7247.08740234375
3550.979248046875
1765.095458984375
2.2513840198516846
3.4868529041887086e-07
3.614958359321463e-07
2.2433394519794092e-07
3.137042199341522e-07
284.4271545410156
196.96127319335938
551.8098754882812
1643.925537109375
5565.22021484375
11708.0400390625
21150.3671875
29131.0859375
31778.626953125
33698.98828125
33151.77734375
31557.19921875
30727.119140625
29828.87109375
29281.939453125
26561.013671875
22529.5390625
19156.8046875
14038.42578125
9287.9736328125
5482.27392578125
3434.698974609375
1949.11767578125
0.0655779168009758
1.9015293162283342e-07
9.333999173577467e-08
7.495550136127349e-08
2.4809671117509424e-07
253.51966857910156
605.8945922851562
2006.273681640625
3615.65673828125
9541.044921875
17439.650390625
26116.06640625
32854.734375
32419.4296875
28044.984375
23070.453125
19329.5703125
17836.533203125
15878.705078125
14050.2099609375
13937.8642578125
13701.96484375
12350.267578125
8577.1875
5502.7001953125
3005.145751953125
925.9161376953125
744.6161499023438
26.093324661254883
2.3716624752978532e-07
3.8955528225415037e-07
3.877937899687822e-07
1.7953015074567702e-08
217.8581085205078
990.7802124023438
2054.116943359375
5807.35791015625
12007.5791015625
19926.7265625
29348.125
31958.03125
23547.41015625
16792.625
10329.5146484375
6873.01123046875
4841.67822265625
4657.2548828125
5218.029296875
8173.1455078125
8193.35546875
6842.96923828125
4892.91015625
2563.5546875
827.279052734375
435.34796142578125
20.014596939086914
0.0
2.5228948175026744e-07
7.54277706960238e-08
2.616691290313611e-07
3.759305684525316e-07
311.0333557128906
1553.3900146484375
3330.344970703125
7347.73583984375
14319.5
22496.4296875
30585.9453125
27915.287109375
18155.28125
8998.916015625
5103.53515625
5035.1650390625
3525.967529296875
4439.05126953125
5015.39208984375
5319.15234375
6201.45654296875
5653.5810546875
2851.22216796875
2212.435302734375
607.6009521484375
11.394362449645996
3.559335084446502e-07
7.698878867756775e-09
3.2873990107873396e-07
4.8794493778814285e-08
2.4059869474513107e-07
3.3319273029519536e-07
172.5122528076172
1172.1148681640625
3172.453125
6289.404296875
15053.7119140625
23938.603515625
28046.28125
24665.98046875
18200.115234375
12146.4990234375
11139.44921875
8603.966796875
9216.0625
9497.7822265625
9556.1640625
7555.96337890625
6760.00537109375
4323.08251953125
3637.578125
1391.866943359375
410.12017822265625
334.8627624511719
3.695089390021167e-07
4.0593420180812245e-08
1.4224394107031912e-08
2.3180078301265894e-07
1.814417771583976e-07
6.605841207374397e-08
42.71955871582031
584.0325317382812
2755.146484375
6656.908203125
13756.71875
24245.263671875
28047.2265625
26712.53515625
22992.2109375
20092.330078125
19769.46484375
19080.75
17943.1640625
18194.98046875
15129.1025390625
13049.873046875
9045.3447265625
5627.37744140625
2514.617431640625
619.7425537109375
34.83155822753906
0.338645339012146
1.7968933718748303e-07
2.3788079062114775e-08
4.14472047793879e-08
1.2191796017191336e-08
4.6234024608793334e-08
9.116212851267846e-08
43.74169158935547
663.3909301757812
2287.517578125
5211.79736328125
12123.640625
22936.21875
27278.357421875
27214.1171875
28338.15625
28210.564453125
28783.146484375
27802.615234375
27397.982421875
25246.046875
22887.421875
19259.173828125
11717.841796875
6853.931640625
2693.3525390625
803.3883666992188
209.2393341064453
0.0
3.7251271578497835e-07
2.5002557890729804e-07
1.1592933901738434e-07
1.2529665127658518e-07
3.6681427673102007e-07
3.8519320355590025e-07
31.69676399230957
40.95569610595703
2067.77880859375
4171.0498046875
9060.48828125
18195.7890625
22044.19140625
24954.91015625
25941.013671875
26608.345703125
25892.505859375
26253.337890625
27508.10546875
27502.6171875
27448.201171875
26118.490234375
19088.765625
11371.44140625
4573.62158203125
695.1402587890625
370.22357177734375
340.4385070800781
1.6712162675958098e-07
1.0266501249134308e-07
1.756578740241821e-07
1.413573897934839e-07
1.0845820241911497e-08
2.591875158941548e-07
1.5433209910042933e-07
168.69444274902344
663.848388671875
1828.55126953125
6466.11328125
12172.4970703125
15843.3798828125
18732.76171875
17043.392578125
16320.9033203125
16659.255859375
16937.4921875
18329.23046875
22600.173828125
24608.998046875
29040.24609375
27594.921875
18746.86328125
7833.2548828125
1786.9384765625
224.6005401611328
278.62628173828125
3.498927014788933e-07
1.2041357244640949e-08
2.455947480939358e-07
3.4413353944273695e-08
2.6571575517664314e-07
1.389694546105602e-07
7.887249187099599e-10
265.07879638671875
378.09307861328125
1431.286865234375
3811.006591796875
6531.22412109375
9601.03515625
9848.1611328125
9629.24609375
7998.70556640625
6712.298828125
6660.80322265625
7942.607421875
11587.0908203125
19424.345703125
26215.939453125
31296.556640625
23976.060546875
13636.859375
3203.460205078125
313.1745910644531
315.70855712890625
2.3466976983854693e-07
3.4775132462527836e-07
5.056547891513219e-08
6.199123703254372e-08
5.529442859142364e-08
2.1820117979132192e-07
2.740924855970661e-07
565.1657104492188
1489.682373046875
1767.199951171875
3118.967041015625
4882.58740234375
5907.62451171875
6769.7158203125
5371.94970703125
3148.341552734375
2488.943603515625
2375.917724609375
1556.2410888671875
3640.15380859375
9329.87109375
22572.73046875
30882.013671875
28089.49609375
15483.892578125
5179.17822265625
397.96722412109375
10.571187973022461
4.13254412023889e-07
7.933287804462452e-08
1.4014421623187445e-08
1.9721522903637378e-07
2.6898644023276574e-07
6.125164730974575e-08
456.1556396484375
1283.27197265625
1871.242431640625
2508.123046875
4655.44384765625
5475.2216796875
5883.333984375
5650.18115234375
2498.939697265625
1851.2108154296875
1229.03857421875
814.4869995117188
697.0215454101562
1515.060791015625
8093.5947265625
20668.130859375
30802.232421875
29157.154296875
16616.935546875
5016.5888671875
632.189208984375
0.0
4.014600847312977e-07
3.4964364203915466e-07
3.646608774943161e-07
4.24751164018744e-07
3.7697770949307596e-07
10.3853120803833
435.02313232421875
1514.46728515625
2972.77783203125
4756.62353515625
5918.4326171875
7602.005859375
7231.0224609375
6370.185546875
2931.808837890625
1127.00927734375
921.6571655273438
473.10040283203125
1359.1676025390625
3870.977783203125
11678.685546875
23980.52734375
31677.349609375
28986.591796875
15858.828125
4124.61962890625
193.93267822265625
4.602896979122306e-07
3.925743499166856e-07
2.6417353637953056e-07
3.686512002332165e-07
2.145470912040537e-09
2.552609146277973e-07
0.2629105746746063
391.11895751953125
1608.8377685546875
3995.04833984375
5901.953125
8196.5615234375
10922.349609375
12606.181640625
9893.375
5964.39306640625
3971.396728515625
2587.192626953125
3032.15283203125
6377.21533203125
11436.8818359375
19383.2109375
27795.771484375
33015.5859375
25552.62890625
11773.13671875
2661.181396484375
358.642333984375
2.2309787084395793e-07
3.3762642459578274e-08
2.254461577422262e-07
2.5379325307994804e-08
3.1714731107967964e-07
1.8558013792357997e-08
0.3490526080131531
337.3868408203125
1278.1824951171875
3916.593994140625
7560.8984375
12462.001953125
15959.794921875
16902.1796875
16256.38671875
14508.775390625
13424.962890625
11741.1171875
13175.7724609375
17486.736328125
23303.23828125
28655.6484375
32169.275390625
28952.263671875
17890.458984375
5535.9169921875
1361.9090576171875
373.5477294921875
63.039608001708984
4.2761587337736273e-07
2.3493940659591317e-07
3.2215058354267967e-07
1.6637056887702784e-07
6.434240162889182e-08
2.219409367398839e-07
386.4543762207031
971.0778198242188
3434.158447265625
7744.056640625
12367.3369140625
17971.8046875
22021.453125
26845.046875
27447.99609375
26941.23828125
27345.798828125
28971.22265625
29750.4765625
31587.982421875
32770.4296875
30992.251953125
19510.265625
8296.3251953125
2174.756103515625
737.0491333007812
105.6084213256836
4.270578415344062e-07
6.163218557730943e-08
1.576278947368337e-07
2.2796574228323152e-07
2.6702934974309755e-07
1.6811513603443018e-07
3.3301481039416103e-07
322.639892578125
455.85784912109375
1457.484619140625
3936.268798828125
9812.427734375
14502.2724609375
19345.3203125
25805.330078125
30018.578125
31614.0234375
31463.87109375
32733.970703125
32799.35546875
30243.876953125
26403.75390625
17448.86328125
8418.4296875
2866.167724609375
644.4013671875
202.6092529296875
2.9995754857736756e-07
3.0615771606790076e-07
7.297108339798797e-08
9.55350287767942e-08
8.140589358163197e-08
8.376136406695878e-08
3.5161446021447773e-07
5.099629518667825e-08
150.99496459960938
304.15576171875
509.9457092285156
854.0604858398438
3147.00927734375
6279.2978515625
9551.9296875
13908.580078125
20312.482421875
21678.896484375
22562.265625
23239.888671875
19195.494140625
15148.140625
10175.3974609375
4955.36279296875
1086.284423828125
383.9347839355469
0.0012422085274010897
4.2552164813969284e-07
2.0291832925067865e-07
3.007855298164941e-07
9.764391251110283e-08
1.7921941264376073e-07
1.8046254979253717e-07
3.230489653560653e-07
1.7169251975701627e-07
2.3996486220312363e-07
1.1918993436665914e-07
2.705156418869592e-07
0.003232897724956274
49.43910598754883
708.69873046875
1541.3319091796875
1746.6737060546875
1429.474853515625
2659.985595703125
3303.12841796875
3107.123046875
1607.3399658203125
1184.4921875
503.11090087890625
160.93788146972656
0.0
0.017818650230765343
2.593001511286275e-07
2.6812810460796754e-07
3.25387325972315e-08
3.447771064202243e-07
3.7713951428486325e-07
3.1539084943688067e-07
2.5783263524203903e-08
3.233288339288265e-07
1.604322079629128e-07
3.478859511574228e-08
3.7291167132025294e-07
1.6395773627664312e-07
1.1089655771456819e-07
2.424782223897637e-07
1.649025307415286e-07
3.454296688687464e-07
2.395479157257796e-07
1.4281725668752188e-07
4.161371123245772e-07
4.1308038589704665e-07
1.7019587517097534e-07
3.9579254007549025e-07
1.4549266325047938e-07
7.127406576046269e-08
3.5742812087846687e-07
4.047734023515659e-07
4.269415683211264e-07
3.9306488019974495e-07
8.803846895943934e-08
3.203515177574445e-07
3.879827943364944e-07
2.1187268828271044e-07
2.9533043743867893e-07
9.59556842872189e-08
5.863403629291497e-08
2.4148607735696714e-07
1.647842822194434e-07
2.3201363319458324e-07
3.0244103754739626e-07
3.499897331948887e-07
1.1439881575370237e-07
3.361159599535313e-07
3.075448091749422e-07
1.7884207181850797e-07
5.265187041914032e-08
5.323115814803714e-08
3.305039228962414e-07
3.331788320792839e-07
4.2725292814793647e-07
3.680880809042719e-07
1.6437994077023177e-07
8.201971013477305e-08
1.6210657349802204e-07
9.388296007273311e-08
8.989475830389893e-09
5.054589635733464e-08
1.9265205253304885e-07
3.1178427661870955e-07
1.47525128113557e-07
2.702263088849577e-07
1.492136476599626e-07
3.1000112699075544e-07
8.215830149538306e-08
2.9886982133575657e-07
