7.603195228966797e-08
4.1034322606492424e-08
2.75470437571812e-08
4.944892495473141e-09
2.770781115657428e-08
6.669568364259248e-08
7.071081853382566e-08
2.333516846420025e-08
5.277330927810908e-08
1.0997592170269854e-08
5.200998742793672e-08
2.084107464384033e-08
3.8044976946594034e-08
4.1109696979901855e-08
2.0921403276474848e-08
7.161415283007955e-08
3.365303058444624e-08
2.721558978180383e-08
7.026021364708868e-08
2.848914171238448e-08
4.3725464138333336e-08
3.0297944153545586e-09
6.130040475227361e-08
9.022677716075123e-09
6.949362418851024e-09
7.169372651105732e-08
5.682430170850239e-08
4.026153277436606e-08
2.0097997932566614e-08
6.42625508362471e-08
5.4456183562479055e-08
1.631977575300425e-08
6.281132503005438e-09
6.253308271197966e-08
1.853007347563107e-08
3.6142147052942164e-08
6.06282739568087e-08
6.337263869227172e-08
5.772190903030605e-08
7.042576299909342e-08
1.3501467499565933e-08
1.765479140658499e-08
1.0219751267470656e-08
5.38282023399006e-08
5.8841290950795155e-08
6.802571306252503e-08
6.938456920124736e-08
7.022930503808311e-08
4.1325204591657894e-08
5.729615892846596e-08
5.855332574355998e-08
1.648911052143376e-08
7.734409734894143e-08
5.9145705222363176e-08
7.67874865914564e-08
6.283939057993848e-08
5.351113685492237e-08
1.0143610396085023e-08
2.5955046112358104e-08
6.406080643728274e-08
6.670359908866885e-08
1.5956734600308664e-08
3.707809170805376e-08
2.957536615610934e-08
6.904110705363564e-08
6.819603726171408e-08
7.060945250714212e-08
5.864488272777635e-08
1.7022077969386373e-08
7.22363182603658e-08
1.1317567327751021e-08
5.178700135388681e-08
4.51813804147605e-08
4.582199508718077e-08
1.2585519293395464e-08
6.652319228805936e-08
4.30742694845776e-08
7.006614310967052e-08
5.927412871642446e-08
4.7671900205159545e-08
1.385463549441468e-10
3.1218899465557115e-08
5.3867609040025854e-08
5.938491653978417e-08
3.863497521905401e-09
5.550693771283477e-08
3.0262700789762675e-08
6.300646049339775e-08
2.3827018580391268e-08
2.963045631076966e-08
4.128587249851989e-08
1.0646348691523144e-08
3.727775421680235e-08
4.6002853082427464e-08
6.880453184976432e-08
2.1832445185054894e-08
5.5627229045285276e-08
1.0062222344231486e-07
9.133417222528806e-08
1.4304821149835334e-07
1.5040363621210417e-07
1.44507896900177
1.1635969877243042
0.9934164881706238
1.9386518001556396
12.129415512084961
7.090410232543945
4.109397622187316e-08
8.064216849845707e-09
2.333647586283405e-08
4.426465949336489e-08
1.5938582009766833e-08
2.8388040806959225e-09
3.83570757378493e-08
5.369437516833386e-08
7.02988387502046e-08
5.336885067208641e-08
21.36798095703125
40.25640869140625
79.69497680664062
66.7748031616211
51.81093978881836
116.85797882080078
292.91339111328125
410.8504333496094
1219.3238525390625
2512.792236328125
3845.62060546875
5225.2392578125
6288.8994140625
6411.9111328125
5662.85205078125
4414.49755859375
2251.865234375
737.0177612304688
196.7173614501953
183.38888549804688
7.0021491050720215
0.006703522522002459
0.0015552734257653356
6.011655528936899e-08
6.433491961388427e-08
4.126278696503505e-08
3.470961473794887e-08
33.51166534423828
51.81093978881836
70.30229187011719
59.22333526611328
196.86216735839844
243.3842010498047
1003.173828125
1781.959716796875
4017.42919921875
9058.9658203125
14782.1796875
20548.46484375
25921.8359375
26500.802734375
26553.736328125
24959.501953125
20937.181640625
14729.7666015625
8997.3544921875
3959.956787109375
1420.457763671875
578.2454833984375
271.7929992675781
0.13615188002586365
6.903989202555749e-08
3.860799324684194e-08
5.966919047750707e-08
5.579853734616336e-08
71.26409149169922
77.6214370727539
188.77491760253906
188.35572814941406
352.0860290527344
1043.3570556640625
2690.6669921875
7840.27001953125
14065.958984375
20672.1875
27890.98046875
29758.45703125
31206.1328125
30963.9453125
30734.146484375
29679.841796875
26799.7109375
23119.40625
17000.87109375
9109.4296875
3507.236083984375
614.7216186523438
294.21038818359375
5.704652750182504e-08
3.2461599630551063e-08
5.775393674412044e-08
2.8582723743397764e-08
5.1803038303432913e-08
199.42079162597656
180.47640991210938
174.54660034179688
333.0209045410156
700.1383666992188
1457.3369140625
8279.7470703125
15605.98046875
23535.17578125
28775.869140625
30275.35546875
29552.080078125
27595.49609375
25279.9140625
25537.701171875
25573.720703125
24965.001953125
25665.896484375
20696.5
13316.5263671875
4867.1259765625
1239.5899658203125
386.0450744628906
7.620358388749082e-08
1.7418728681661833e-09
4.9630354936880394e-08
5.70396636589976e-08
5.135675706924303e-08
125.85799407958984
199.45404052734375
143.93309020996094
322.605224609375
1471.10498046875
4896.05126953125
12368.5498046875
21094.185546875
27293.748046875
29354.68359375
26214.2734375
20113.998046875
18001.17578125
15831.0234375
18017.810546875
21846.8515625
26400.4765625
27713.640625
22770.0
13413.5810546875
5907.49560546875
1962.3531494140625
358.34320068359375
6.448922107438193e-08
2.6998371538411448e-08
3.155037120450288e-08
5.830550264818157e-08
7.273650481920413e-08
92.16716766357422
343.7970886230469
202.9301300048828
302.0839538574219
2659.484619140625
6418.0439453125
17314.103515625
23828.123046875
26861.40625
23973.20703125
16586.828125
10221.4697265625
7712.68115234375
8761.3935546875
14574.9404296875
22121.751953125
27395.5234375
27402.560546875
18823.56640625
9935.7783203125
4387.3115234375
1510.3829345703125
433.5114440917969
1.288300040869217e-06
3.4697485773449444e-08
9.339001572072902e-09
4.685459487063781e-08
4.818268450890173e-08
5.400607960837078e-08
90.11717987060547
132.79962158203125
332.6290588378906
2171.276611328125
6912.48095703125
16297.357421875
21257.76953125
24184.98046875
18876.412109375
11041.4482421875
7235.0078125
7317.791015625
13903.38671875
20851.134765625
28435.822265625
29206.5234375
24266.873046875
13697.74609375
6827.21044921875
2071.821044921875
772.5379028320312
23.33717918395996
2.260724052405294e-08
9.172154591396975e-09
7.576709037948604e-08
4.4554546718700294e-08
5.833740246430352e-08
0.0
31.140655517578125
54.85663986206055
229.4705352783203
2040.0850830078125
7461.76220703125
15270.9677734375
21818.515625
22730.71484375
17828.841796875
12402.8544921875
11198.2236328125
16810.978515625
24071.849609375
29744.650390625
30655.703125
25388.390625
17930.15625
9144.7451171875
3234.76904296875
861.2579345703125
325.8446960449219
76.68265533447266
1.728139764622938e-08
4.361450933743072e-08
6.508782490755038e-08
5.2643152059772547e-08
3.963922523553265e-08
0.0
42.52959442138672
277.9908447265625
263.430419921875
1336.9683837890625
4702.80322265625
12804.31640625
20474.787109375
24473.841796875
21419.947265625
19593.568359375
21793.5
27119.955078125
30046.08203125
30470.796875
24393.482421875
16645.384765625
8086.82666015625
3465.12744140625
1207.188232421875
701.5346069335938
106.56627655029297
5.020455162707549e-08
3.7247847028964998e-09
5.091864352380071e-08
3.067277276613822e-08
6.723179524215084e-08
4.522333796330713e-08
1.4614107612942462e-07
44.041015625
39.82307052612305
449.59716796875
1110.205810546875
4304.05712890625
9834.2978515625
18508.1796875
27452.970703125
29550.720703125
28621.228515625
31510.47265625
32825.94140625
29760.751953125
21181.650390625
14631.501953125
5985.9013671875
2513.983154296875
949.7473754882812
348.7539367675781
240.1121826171875
3.615303612036769e-08
6.252313511367902e-08
3.870967901775657e-08
5.4753908074189894e-08
5.8312313200303834e-08
6.729617307854596e-09
3.954225746838347e-08
1.1920064224568705e-07
1.6824610327148548e-07
20.079545974731445
631.1778564453125
1473.0172119140625
3797.732421875
10527.7216796875
21346.7421875
28565.03125
32653.15625
32587.45703125
32201.658203125
30063.267578125
22021.615234375
11966.35546875
5552.83447265625
2243.85009765625
712.0064086914062
393.07177734375
150.71713256835938
152.52005004882812
1.3038611079707607e-08
1.138282001988955e-08
6.916729966555124e-10
6.088570358997458e-08
2.7975865179996617e-08
7.31718614588317e-08
6.212981418229901e-08
7.757027020716123e-08
0.0
433.01873779296875
601.8864135742188
3415.808349609375
7050.998046875
15684.658203125
25099.16015625
32227.265625
33461.4765625
32563.505859375
29339.54296875
22232.251953125
12270.09375
5557.81298828125
1870.18994140625
500.7161560058594
126.31572723388672
4.666501522064209
0.0
8.906413739850905e-08
4.157178068453504e-08
6.669280594451266e-08
3.4853837149739775e-08
2.7420471226946574e-08
3.55976581545292e-08
5.1067793549464113e-08
1.6091669108320161e-09
0.1770365983247757
93.41223907470703
547.78369140625
2606.88623046875
7513.53515625
13940.6826171875
23354.6171875
31043.0390625
30793.931640625
29420.904296875
30150.240234375
26821.65234375
19815.759765625
10044.677734375
4055.718017578125
1755.3153076171875
194.5222930908203
203.63731384277344
21.402746200561523
2.774818881334795e-07
0.7950374484062195
0.8786515593528748
6.034232558072006e-10
5.6606619835974925e-08
3.1336391259628726e-08
4.025674016361336e-08
9.374307552434402e-09
6.10754895546961e-08
45.878379821777344
271.8270568847656
3009.9755859375
7117.36279296875
15008.7265625
23327.193359375
30116.119140625
28688.404296875
24406.85546875
23419.298828125
23842.552734375
25098.8046875
19112.693359375
11468.2314453125
4895.884765625
1207.07080078125
839.28662109375
748.5807495117188
400.852783203125
218.12625122070312
1.3005852699279785
1.4384431838989258
5.031794714227544e-08
8.084454883316994e-09
4.4861733772272316e-10
3.807036819125642e-08
0.0
0.22751466929912567
308.21771240234375
1598.5447998046875
4729.685546875
13544.2958984375
23313.35546875
28458.796875
26441.013671875
21468.134765625
15216.7880859375
15513.5048828125
22652.013671875
26509.3984375
21118.58203125
13342.5654296875
4316.98193359375
1780.5487060546875
801.5797729492188
601.56884765625
490.9124450683594
30.40399932861328
1.0095657110214233
0.6711865067481995
4.0092430708682514e-08
6.131121921271188e-08
7.411303215576481e-08
6.162188981306826e-08
144.4561767578125
235.32640075683594
1007.2640380859375
3285.766845703125
8799.0673828125
18983.216796875
28595.3203125
28642.9609375
20925.16015625
13208.5283203125
9048.357421875
15328.1455078125
23707.533203125
27047.708984375
21650.88671875
12382.9462890625
5421.17578125
2045.5093994140625
929.8106689453125
818.6466674804688
654.8441162109375
78.001708984375
5.462796082156274e-08
3.433671791341908e-09
7.682854175072862e-08
2.6571125744112578e-08
2.1825975693445798e-08
1.2855706721381921e-08
214.07752990722656
241.730224609375
1731.80615234375
5087.90576171875
12540.88671875
24064.564453125
28423.42578125
24774.111328125
17004.9609375
11349.3203125
11097.9375
20051.56640625
27910.37890625
26200.693359375
21155.1484375
11064.3193359375
4731.47607421875
1509.9508056640625
539.5070190429688
401.1414794921875
285.29473876953125
189.72592163085938
1.1715154180080845e-08
1.1473579419885027e-08
3.0424271102447165e-08
5.5478071914194516e-08
6.788403084101446e-08
4.665546615711946e-09
77.03205108642578
222.69882202148438
1667.5404052734375
5286.3583984375
14509.6416015625
24912.11328125
28226.29296875
23752.958984375
20243.34375
18545.498046875
23497.0078125
27210.8125
29065.18359375
24713.080078125
16391.5234375
7113.126953125
3344.2353515625
591.5114135742188
426.462890625
401.2773132324219
236.47361755371094
157.98959350585938
5.0634145765116045e-08
3.585489594115643e-08
1.2716726338624085e-08
5.261350111140928e-08
5.838912642275318e-08
3.3988687420105634e-08
6.755619352816211e-08
7.013258596089145e-08
1412.7100830078125
5622.55029296875
14235.4599609375
24459.80859375
28848.43359375
29696.140625
29080.916015625
29769.603515625
30441.201171875
30778.671875
26539.564453125
19403.396484375
9009.97265625
5121.3076171875
2021.0916748046875
586.0775146484375
441.015625
307.58154296875
186.79676818847656
55.251407623291016
5.269007985475582e-08
6.713992917184441e-08
1.2718619046836466e-08
6.069097224781217e-08
5.995436680450439e-08
3.005678905765308e-08
3.3882322725276026e-08
628.2881469726562
1331.179931640625
4190.68994140625
10662.0380859375
19496.623046875
28307.87890625
29941.40625
30935.064453125
30415.04296875
28438.65625
24820.03515625
18023.59765625
9336.0908203125
5185.3994140625
2297.4130859375
1026.8809814453125
197.46896362304688
330.3974304199219
45.22779846191406
26.701276779174805
0.0
6.560851772974274e-08
6.03440497570773e-08
5.8162918037396594e-08
6.062117563487845e-08
9.491250452242639e-09
7.634171339532259e-08
1.1339024164058742e-09
343.2038879394531
945.7843017578125
2104.787109375
4700.390625
9333.4130859375
14992.4326171875
18127.171875
19832.39453125
18569.46875
16121.8330078125
12075.4892578125
6576.6953125
2834.291259765625
1558.8935546875
457.3875427246094
16.757347106933594
12.528375625610352
25.297727584838867
33.02743911743164
27.381826400756836
1.797804394243485e-08
3.15404129480612e-08
5.000186931169992e-08
3.111104263098241e-08
1.9076204157975063e-11
7.540219115753644e-08
3.973132933765555e-08
7.244552335805565e-08
5.3002697342208194e-08
0.0
405.15374755859375
445.4642028808594
542.4752807617188
560.3251953125
398.1090087890625
305.7040100097656
299.68438720703125
118.74504852294922
133.2790069580078
7.006548881530762
0.560673177242279
2.2105084429568933e-09
7.593538242645081e-08
1.2643504021525587e-07
9.696532288216986e-08
1.0181386755903077e-07
9.174672754852509e-08
6.425924681252582e-08
5.281333059770077e-08
9.908823983550974e-09
4.4445759073141744e-08
4.6162462297161255e-08
4.213066784330977e-09
1.7745259484058806e-08
5.2673719608264946e-08
1.1664957000334653e-08
3.417748573042445e-08
6.439353938958448e-08
2.3916172153803927e-08
7.259339440679469e-08
1.209621842690467e-07
1.1637252583795998e-07
9.355241559205751e-08
3.611112475709888e-08
4.5169567641778485e-08
2.8948498709269188e-08
3.6479967491231946e-08
4.025030087007053e-09
1.9056102473768988e-08
6.040316247180044e-09
3.6258867908145476e-08
5.2800544381170766e-08
3.4368217161073744e-09
5.1943811030241704e-08
3.6269089065399385e-08
4.631475292171672e-08
6.9352353193608e-08
4.834528510855307e-08
2.7252678336253666e-08
2.029174517304e-08
4.1939191675055554e-08
2.997242631863628e-08
4.811574427776577e-08
5.3025530633021845e-08
4.64364227070746e-08
6.528561158347657e-08
1.4319857299938121e-08
1.9654754268572106e-08
4.1075395529333036e-08
2.98798497055941e-08
7.102231336375553e-08
1.4218628940909639e-08
3.033057183188248e-08
4.97990448877772e-08
6.606192926028598e-08
3.215710719928211e-08
5.513152245839592e-08
2.1439252151367327e-08
6.129426566303664e-08
5.603117969599225e-09
5.244961798211989e-08
3.3224239359697094e-08
3.288465677542263e-08
5.352757526111418e-08
6.446347811106534e-08
5.116092793855387e-08
6.834847710024405e-08
9.973211589908715e-09
6.485277026513359e-08
