1.1646744013660282e-08
1.1840210589753042e-08
1.7602999946575437e-08
3.772639090016128e-09
2.0575727788241238e-08
2.2012307532293107e-09
2.7045764738886646e-08
2.8892939152314057e-09
6.911384797803066e-09
1.5591012925142422e-08
1.4305884477039399e-08
1.6252114320991495e-08
1.0996837218613109e-08
1.2149654615711825e-08
1.5425819510639371e-09
5.3876463290691845e-09
1.8413652824733617e-08
2.650714847618474e-08
1.8501564724715536e-08
2.782575059256942e-08
2.3762842360497416e-08
2.1149419993093943e-08
2.4668302955888066e-08
7.70348673739818e-09
2.5869066888617454e-08
2.2308134006721048e-08
7.644787025640198e-09
2.1660151006130945e-08
1.608614752512949e-08
1.3341548310563667e-08
8.617618618700362e-09
3.1945643907960175e-09
3.7034373345790073e-09
2.8426930254177307e-10
4.878065507085694e-09
5.913343592567344e-09
1.251317538475405e-08
2.2762838725043366e-08
2.8484484104751573e-08
2.123771913886685e-08
1.8428137238402087e-08
2.560129708228942e-08
1.6600370855712754e-08
9.793039712491236e-10
1.5019047339137614e-08
1.4669235604003461e-08
1.4025213879165221e-08
6.9342496189506164e-09
9.068590323124681e-09
2.5756250465747144e-08
1.794683157640975e-08
2.481339400617344e-08
9.067800732509568e-09
2.6629177085624178e-08
1.8574359827994158e-08
1.8431572712529487e-08
1.1303541214147117e-08
2.7614762032612816e-08
1.4668714243271097e-08
1.018988537992982e-08
6.860161771982121e-09
6.427284926502352e-09
2.9988118654955542e-09
1.0987899479175667e-08
2.793258602196147e-08
1.7562317822239493e-08
2.2103957775243543e-08
3.337317622253977e-08
3.491524580567784e-08
2.8338906332692204e-08
3.5328678649193535e-08
4.3557474072031255e-08
2.0233162700833418e-08
2.7687248049801383e-08
9.364206299267153e-09
4.7589443497031425e-09
1.1613407124855257e-08
8.41654834715655e-09
1.3368761209164859e-08
8.16600742581386e-09
6.9130932089933594e-09
7.483438757560634e-09
2.3399286064318403e-08
2.40653208471997e-09
1.7686449638176782e-08
2.1790347304317947e-08
7.1540826596105944e-09
4.822456656228269e-09
1.7350012981864893e-08
2.543167099133825e-08
1.8102646492934582e-08
4.781269602460725e-09
4.150748722508979e-08
4.583377943845335e-08
4.3151381134975964e-08
6.145756969999638e-08
8.649722360587475e-08
5.60409922911731e-08
4.5796259229291536e-08
5.104256217691727e-08
4.391583630081186e-08
2.6588931945070726e-08
4.095335316378623e-05
7.107205601641908e-05
1.0168263543164358e-05
7.588709650008241e-06
1.7091277868530597e-06
0.0
6.5432135265552915e-09
1.093949553165885e-08
2.432746981639866e-08
1.3575323087877678e-08
1.6641333644429324e-08
8.931644757126378e-09
1.4668169789899821e-08
3.386323443876904e-09
1.2215435329920865e-09
1.8258971223872322e-08
7.586663741676603e-09
4.6469752490452265e-09
3.4011783611731516e-08
6.763059445802355e-08
1.063473149542915e-07
0.0
0.00890030525624752
41.72334671020508
53.831050872802734
55.7684211730957
91.57913208007812
66.40238189697266
31.23842430114746
0.005386604927480221
0.00841166265308857
0.00802507996559143
0.0010639773681759834
3.224573447369039e-05
8.66163762935912e-09
2.7606509078736963e-08
1.9839283993405843e-08
2.6449608725442886e-08
7.170346982832143e-09
2.4336143766845453e-08
1.8743198992865473e-08
1.4118272773089302e-08
1.0232551694855374e-08
1.6390670154464715e-08
1.5269565167841392e-08
3.924255409515354e-08
2.3796069115178398e-07
226.78721618652344
689.9639892578125
931.8475341796875
989.8446044921875
1620.2427978515625
2158.11767578125
2549.812255859375
2801.552001953125
2578.15283203125
2084.191162109375
1661.4093017578125
996.6710205078125
579.045166015625
289.8184509277344
50.08407974243164
39.147605895996094
5.447563307825476e-05
5.874672933714464e-05
5.056464215158485e-05
1.7706016208762776e-08
2.2409826883063033e-08
1.4226937850025934e-08
1.831983986733121e-08
6.024144294514144e-09
0.00014192443632055074
73.26944732666016
322.5321350097656
638.4788208007812
1308.2730712890625
3943.91259765625
4674.02685546875
9117.4453125
15659.9091796875
21865.58984375
24613.0859375
26375.796875
27580.634765625
23217.234375
16010.0009765625
8197.125
3723.46337890625
1924.18408203125
999.222900390625
183.13543701171875
8.094711303710938
13.51230525970459
2.5210285414800637e-08
1.2619187472751037e-08
1.6530815827309198e-08
2.2764590212887015e-08
2.2479712313838718e-08
0.01807941310107708
31.970767974853516
142.82118225097656
1161.505859375
2439.130615234375
4258.857421875
8173.4560546875
14825.1884765625
25387.638671875
34493.85546875
36973.69140625
36380.77734375
37164.484375
37156.18359375
35168.8203125
30593.7734375
17534.666015625
9531.60546875
3470.837646484375
1181.264892578125
310.62841796875
28.64536476135254
13.306427001953125
1.50113912411598e-08
2.558068423752502e-08
0.272928923368454
1.2716202535401067e-09
2.2188444859239098e-08
0.01566230319440365
103.92963409423828
639.005615234375
1647.8935546875
3288.4423828125
8384.8662109375
17111.7890625
28114.28125
37114.484375
41231.953125
37066.4609375
32424.69140625
31769.708984375
34736.640625
36655.62109375
35330.77734375
22797.951171875
12296.3525390625
4909.83984375
1854.29931640625
482.7340087890625
201.16525268554688
313.76214599609375
7.362634946161961e-10
4.517635598944025e-09
1.2633616819357485e-08
0.10623379051685333
0.16775113344192505
0.1840517818927765
177.9746551513672
1001.8829345703125
2003.2568359375
5418.17529296875
13673.6513671875
26968.720703125
36641.59375
38190.06640625
33383.984375
24698.587890625
19242.828125
20202.552734375
29899.931640625
35977.8671875
34344.96875
23858.791015625
13610.9296875
5551.15771484375
2112.8466796875
705.5249633789062
498.69671630859375
294.4842529296875
1.3476889826335992e-08
1.67123683780801e-08
8.937984574686197e-09
0.24664698541164398
0.23249711096286774
3.926602363586426
246.74923706054688
1298.4537353515625
2295.148681640625
8911.2216796875
19057.716796875
30758.546875
37530.5234375
31501.66796875
21429.3984375
11390.728515625
10062.9619140625
17090.2578125
29267.92578125
36563.78125
34652.30859375
23044.560546875
12330.3359375
4075.22265625
1558.510009765625
599.2435913085938
358.0531005859375
321.5035095214844
1.45758214387115e-08
5.168178329739703e-09
1.5277478171427106e-09
0.23596921563148499
0.24513310194015503
0.6421979069709778
282.2702331542969
1482.3302001953125
4158.6455078125
13300.3330078125
26190.26171875
34412.1171875
32381.880859375
21486.634765625
10578.83203125
6852.01611328125
12569.953125
23811.400390625
36003.03515625
39147.1953125
33958.27734375
21092.53125
7841.380859375
3399.279296875
811.9024658203125
377.1040344238281
8.372525215148926
2.1863741039851448e-08
1.759108947396726e-08
2.9172992910275752e-09
2.1244701997602533e-08
2.7672554097080138e-06
2.5400186132173985e-06
8.54176278153318e-07
114.111083984375
968.63623046875
5523.03759765625
16595.84375
27032.07421875
34342.76953125
27682.056640625
17043.2890625
10448.4189453125
11657.849609375
24013.099609375
36265.48828125
40747.0625
38215.7109375
29037.84765625
13713.21484375
5916.62939453125
1773.7205810546875
285.7257080078125
86.28169250488281
0.08880969882011414
3.1587653211317956e-05
4.067983172717504e-05
2.3757664280310564e-08
1.201355792623815e-09
2.6703164621721953e-06
2.1869389001949457e-06
3.410498905509485e-08
188.20201110839844
1028.0218505859375
6202.65673828125
16451.986328125
27022.8125
31359.0234375
26859.875
21119.99609375
20249.865234375
27685.130859375
35619.765625
41351.453125
41137.69921875
34327.74609375
20195.84375
7197.43603515625
1450.991455078125
153.1061248779297
85.93069458007812
51.322513580322266
0.05832210183143616
1.1942081989957387e-08
1.7588400735846221e-09
2.32234231845041e-08
9.668736922208154e-09
4.6794912123004906e-07
2.056328618493808e-08
0.003398722503334284
453.5999450683594
1514.25390625
6390.52734375
12706.9375
21686.216796875
28089.455078125
27943.28125
28221.634765625
26446.263671875
32526.93359375
40193.1171875
43103.41015625
40576.1796875
25856.484375
10884.1376953125
3067.42724609375
835.216552734375
72.38479614257812
9.717050552368164
40.96119689941406
0.0005050426116213202
8.181507915594466e-09
2.7108681521781364e-08
1.1769362151525797e-09
2.7959602633131908e-08
1.3879093430091416e-08
2.6422895871291985e-08
0.0061431704089045525
414.8471374511719
1353.6878662109375
5192.09521484375
9821.5615234375
16297.240234375
20152.27734375
23415.775390625
25213.033203125
28137.712890625
34442.7890625
41664.34375
41275.80859375
33526.9296875
15575.5458984375
4487.79443359375
1769.171142578125
413.0396728515625
116.31817626953125
117.0927734375
65.78011322021484
0.0004346779896877706
6.960786169685207e-09
1.0393159222132908e-08
1.2551841344077275e-08
1.2795014825428552e-08
6.871788915674415e-09
7.668303325658599e-09
50.487098693847656
393.8807373046875
769.5541381835938
2332.024658203125
5375.845703125
10142.0068359375
14000.8037109375
16725.755859375
19176.021484375
25854.134765625
38710.0234375
43072.99609375
39770.47265625
23496.46875
7476.52734375
2546.9599609375
1106.8499755859375
241.9905242919922
233.39788818359375
104.28692626953125
64.09508514404297
4.449274726425756e-08
5.2908508685334255e-09
1.6535079083723758e-08
2.311217706107982e-08
2.09486188396113e-08
2.728408832197715e-09
3.296746697856179e-08
2.6388518037379072e-08
53.07038879394531
413.18084716796875
812.7429809570312
2478.191650390625
4065.046875
6464.40625
9932.5224609375
15600.298828125
29441.869140625
41546.05859375
40488.66015625
31606.923828125
12020.515625
4038.83740234375
1262.997314453125
828.16357421875
224.6725311279297
154.48272705078125
213.85931396484375
49.494300842285156
4.495143812732749e-08
5.7907723061134675e-09
2.5290709970704484e-08
0.7126975059509277
2.4983158652958082e-08
9.441333936877072e-09
0.0017408422427251935
71.55811309814453
0.002646171720698476
4.1724419593811035
169.79502868652344
744.7352294921875
1892.9501953125
4223.1142578125
8019.60498046875
20082.201171875
36128.8828125
43204.93359375
38190.05078125
19719.9453125
6556.216796875
2253.72314453125
928.9258422851562
397.44281005859375
40.45043182373047
134.32540893554688
124.58650207519531
16.855070114135742
1.6458914231520794e-08
2.4797378372909407e-08
1.5396516284127415e-09
2.836489620960947e-08
0.23893897235393524
2.8511776051232118e-08
0.0018802013946697116
0.0022501726634800434
0.0027164339553564787
51.2673225402832
456.5114440917969
545.3028564453125
2698.15625
4640.7919921875
12625.0380859375
29423.373046875
41757.21484375
41873.48828125
28658.77734375
11140.376953125
3105.9638671875
813.2230224609375
341.9830627441406
494.24481201171875
47.29575729370117
111.2664794921875
119.1434097290039
0.01019232627004385
2.3269215887467e-08
7.739612506441063e-09
2.2577617997399102e-08
2.4326348935233e-08
9.691256686039651e-09
2.8356073045188168e-08
1.1999957472141887e-08
8.211550550640823e-08
1.0853142738342285
11.488388061523438
660.6239013671875
1433.6199951171875
3484.59716796875
7391.22119140625
18082.9296875
38725.71484375
42411.80078125
35642.58984375
17177.458984375
6193.7099609375
1659.781005859375
274.4666442871094
357.0027770996094
294.07403564453125
204.41624450683594
124.7464599609375
114.5029067993164
45.3564453125
3.6930849489635875e-08
1.9042843746319704e-08
2.203504401165901e-08
1.2328331244759738e-08
2.2438916502665052e-08
1.6704120753274765e-08
7.0330945511898335e-09
0.0005543551524169743
2.164057970046997
106.22598266601562
655.8914184570312
2209.736328125
4872.1357421875
14053.4306640625
31753.52734375
41792.4375
40641.7734375
24903.0390625
10627.3056640625
4539.8896484375
979.4644775390625
34.740562438964844
352.2001647949219
333.3522033691406
376.289306640625
228.6580352783203
53.178062438964844
19.815786361694336
3.6680243287179337e-09
2.4637794027171367e-08
4.792870988978848e-09
2.2625865625514052e-08
2.742602145389128e-09
1.342337618837064e-08
2.574613056083308e-08
0.002841185312718153
4.412039756774902
76.27911376953125
1188.2490234375
3094.281982421875
8503.71484375
21960.619140625
39134.359375
42710.28125
35379.765625
16551.6171875
7738.76025390625
2312.4580078125
489.4991149902344
25.61798858642578
0.8198385834693909
279.8872985839844
297.07354736328125
106.040771484375
0.0
50.4370231628418
2.71590430145352e-08
2.546771504796652e-08
5.107172462714971e-09
9.647575183180379e-09
2.743454885489882e-08
7.3067796257930695e-09
1.1875480154799334e-08
0.8485891819000244
2.625432014465332
262.7841796875
1866.6849365234375
4021.3603515625
13697.642578125
30309.66796875
40933.2734375
40557.30859375
25013.29296875
11854.71484375
4773.96044921875
1356.055908203125
76.57911682128906
37.89276885986328
3.8438873291015625
61.985557556152344
6.418201923370361
13.719547271728516
0.5701601505279541
0.002311418764293194
2.834780632454681e-09
1.9580005172770143e-08
8.527522687984401e-09
9.57139345558744e-09
2.2537616217732648e-08
1.4827888250579235e-08
1.5570392974950664e-08
0.05223353952169418
1.220232367515564
247.798828125
1681.842529296875
6051.697265625
19423.322265625
34899.55859375
40052.43359375
31149.990234375
15988.2568359375
6527.4736328125
2696.191162109375
532.8375244140625
13.458606719970703
2.4569664001464844
0.009952476248145103
50.34697341918945
0.19034181535243988
3.438427686691284
0.5981845259666443
0.005880419164896011
2.240074792325686e-08
1.1134990707262205e-09
2.096096451964513e-08
1.3920706365411206e-08
1.5317533907932557e-08
6.179134093287075e-09
2.5806778936043884e-08
4.7192045826705e-09
0.3764985203742981
46.23062515258789
1106.9425048828125
5291.13232421875
16811.19921875
27075.634765625
29569.205078125
18980.45703125
8764.3125
3330.50146484375
914.6530151367188
211.50888061523438
1.0113976145476045e-07
7.154440595513734e-08
0.006950221490114927
48.193599700927734
0.1224297285079956
1.8864719867706299
0.2330857515335083
9.119232036169933e-10
1.3363361972551502e-08
1.550663419891407e-08
2.6631322924686174e-08
2.195068837806957e-08
2.5753985610776908e-08
2.060676429493924e-08
2.7487290665817454e-08
1.5903063754763025e-08
0.0011015693889930844
28.670114517211914
173.47042846679688
1596.8931884765625
3904.85009765625
5579.82666015625
4938.64599609375
2784.108154296875
462.1546630859375
181.5322265625
0.003083243267610669
0.0020999093540012836
6.2599854189215876e-09
1.0148142770560753e-08
1.970236951365223e-08
2.0810631440326688e-08
0.07289581745862961
8.658994410382093e-09
2.2536499333369875e-09
2.4889974525876823e-08
2.7496618315581145e-09
1.1660074683561561e-08
1.3142488874962055e-08
1.842407471031038e-08
1.613185141025042e-09
1.8346069552421795e-08
2.35444819196573e-08
1.339680544276689e-08
1.4250381319413918e-08
1.1060994786760148e-08
1.8390977629678673e-08
0.22749528288841248
0.37293925881385803
0.3916543424129486
0.07056334614753723
0.008219465613365173
0.003290626686066389
0.005648481659591198
0.005758319515734911
1.877019073504016e-08
1.780498593006996e-08
2.661397857650627e-08
7.1629622233615464e-09
1.3750594440864461e-08
1.4343278564865614e-08
7.2630306213739004e-09
1.1754496043181462e-08
3.801463144270656e-09
4.19193879608315e-09
8.723265443322248e-10
2.42224462709828e-08
