3.962491668119128e-09
4.2122230148322615e-09
5.894112309334787e-09
7.220223974258033e-09
8.67635741030881e-09
5.541212377835336e-09
8.136352924736912e-09
8.263875805880616e-09
6.115297712661061e-10
7.10507785939285e-09
7.353537778698183e-09
1.3803292953085133e-09
4.2278762713010565e-09
1.0241495651541754e-08
5.387663648548369e-09
9.738673201198367e-10
7.85219977927909e-09
2.122161613105078e-10
1.5491979921122834e-09
2.6199067360010986e-09
1.882621419868613e-10
2.880090166357263e-09
4.236930528644933e-10
2.2543871214253386e-09
4.233889683291636e-09
7.438813565130431e-09
1.1406641853284327e-08
1.1563518143020701e-08
6.069074132142305e-09
8.258836281527238e-09
1.0528958149791379e-08
7.0967414167455445e-09
5.744261954987451e-09
5.4721827069670326e-09
0.3978959619998932
0.3389785885810852
0.30541181564331055
0.14789149165153503
6.43872422045888e-09
6.705938915274601e-09
1.134295324334289e-08
9.488673180513274e-10
2.2453243708753234e-09
4.873397518867506e-11
4.430755318196589e-09
3.909369272747654e-09
1.0744967582354548e-08
7.351037556446727e-09
4.052527202702549e-09
4.668871511626094e-09
1.5204604242313735e-09
4.3602965682509875e-10
7.265535395539757e-10
8.776495086237901e-09
1.1655066245452872e-08
1.1415545841941821e-08
7.449057370934042e-09
1.5320879009905752e-09
8.008152363458976e-09
2.447215985412754e-09
7.624875841827361e-09
2.2608586114358786e-09
0.0630958154797554
0.35298076272010803
0.6714531183242798
1.3701075315475464
6.162751197814941
1.63406269848565e-07
2.897489547729492
3.1193249225616455
2.493321657180786
5.280409812927246
5.73194694519043
4.112384796142578
1.3292056166847033e-07
0.09236382693052292
0.07907488942146301
1.0506338909976876e-08
3.953149807500722e-09
7.743367724799555e-09
1.0281741680273626e-08
1.5537644504348691e-09
1.1277441203105809e-08
4.678812892677797e-09
1.2838264895620455e-09
3.399704961992711e-09
1.069163091393932e-09
3.911351686980424e-09
1.433957064200797e-09
9.210035512019488e-10
0.07725131511688232
0.39677077531814575
66.13580322265625
74.79095458984375
190.5420379638672
751.9443359375
536.9232177734375
576.9852294921875
59.424015045166016
94.3670425415039
61.04996109008789
115.29823303222656
321.5460510253906
1025.4613037109375
927.967529296875
336.6547546386719
198.59092712402344
30.08957290649414
0.024836411699652672
1.0942666328617179e-08
3.919722768586098e-09
8.905526982516676e-09
7.900039733499398e-09
5.108793388330923e-09
3.645350243886014e-09
5.4023132634029025e-09
2.1898156621347198e-09
2.256924629211426
1.0318523645401
3.4603357315063477
206.3705596923828
830.9221801757812
1115.6834716796875
3389.012939453125
3632.716064453125
1910.9073486328125
283.47137451171875
309.1221008300781
1023.9619750976562
2513.947021484375
3050.76806640625
3140.047607421875
3320.536865234375
2352.278076171875
1813.1243896484375
269.2322692871094
113.14277648925781
0.391666054725647
1.4626529987182835e-09
5.098871103115243e-09
4.862493963031511e-09
8.865496781140791e-09
1.0358001567567499e-08
1.1386625864417965e-08
15.361955642700195
31.922739028930664
25.498506546020508
62.508636474609375
1046.310791015625
2438.365966796875
4951.59619140625
6696.517578125
7830.36474609375
5656.931640625
3320.100830078125
2659.1904296875
4298.3017578125
7374.31494140625
9849.203125
7854.70068359375
5539.57763671875
3596.725830078125
3199.664794921875
1044.8118896484375
690.0100708007812
143.54440307617188
9.431315284302855e-09
2.4558390876450176e-09
7.613250474491906e-09
5.414124704117285e-09
3.2979206032734965e-09
5.318059326242519e-09
23.371227264404297
28.7353572845459
107.61481475830078
1220.2510986328125
1672.9412841796875
4807.3115234375
10593.6142578125
14291.7021484375
15342.568359375
15946.25
14322.5302734375
14167.7265625
15859.0732421875
15405.11328125
14493.1279296875
13358.2666015625
9093.11328125
6568.93017578125
5047.2392578125
1882.669921875
731.151123046875
423.40460205078125
6.607340335845947
6.304889055286367e-09
7.349048924965018e-09
9.033982451001066e-09
9.966457881205315e-09
0.09415458887815475
24.269826889038086
31.1025390625
238.86471557617188
1974.3751220703125
5500.68408203125
12024.126953125
19641.771484375
23228.484375
24787.095703125
21023.259765625
19697.5390625
18927.728515625
19911.234375
21094.583984375
20421.568359375
17947.115234375
12667.587890625
8447.130859375
5184.85888671875
1940.0367431640625
791.520263671875
440.5757751464844
21.938575744628906
6.3847203080058534e-09
2.12046424863388e-09
9.019003321952823e-10
8.827924169452217e-09
0.27232304215431213
16.31951904296875
33.05817794799805
406.0240783691406
4197.400390625
11386.15625
20428.421875
28652.111328125
30287.966796875
24954.529296875
19824.287109375
16877.216796875
16087.5908203125
18841.869140625
21813.521484375
23981.564453125
23530.29296875
16010.19921875
9483.5185546875
5649.28759765625
1937.504638671875
695.9931640625
208.91156005859375
15.149504661560059
9.43470812586611e-09
7.485462916179131e-09
1.0143185846800407e-08
9.532501010767191e-09
0.27389511466026306
49.32154083251953
285.6954345703125
1057.5672607421875
7367.23193359375
19522.658203125
29620.509765625
32774.79296875
28081.318359375
19505.369140625
13500.4443359375
10362.3564453125
10239.49609375
14823.869140625
20366.525390625
26792.16796875
26816.505859375
19170.078125
10643.7021484375
4556.77001953125
1666.3876953125
60.74675750732422
2.8433313369750977
1.6730124841046745e-08
7.457052753068183e-09
1.0291968166598053e-08
7.616177022384818e-09
5.901957811360603e-10
0.24216289818286896
50.04970169067383
604.8201293945312
2960.4375
15522.3310546875
27616.498046875
33560.63671875
28995.087890625
18938.033203125
11616.24609375
6420.37744140625
3611.230712890625
4590.8662109375
10866.892578125
19315.169921875
27813.2890625
27851.087890625
19283.603515625
10326.798828125
3092.331298828125
667.3870849609375
36.553443908691406
0.0016953996382653713
4.266923703255543e-09
4.853184520925424e-11
3.363984091286909e-10
1.5203932557383837e-10
9.320975991045088e-09
0.2661129832267761
338.0404052734375
836.5940551757812
6168.7626953125
21497.427734375
32347.3203125
32104.16015625
22412.625
13404.744140625
5009.943359375
1830.1165771484375
1267.6571044921875
2726.91455078125
11962.6708984375
21367.96484375
29667.8359375
28720.578125
20843.0078125
9472.7900390625
3183.627197265625
425.3504943847656
35.98544692993164
25.35478973388672
3.5571687476476654e-05
4.987323443117475e-09
7.140956270745846e-09
2.8999191936662783e-10
5.805376623868597e-09
57.931392669677734
655.7496948242188
1387.406494140625
12117.7265625
27692.09375
32609.3671875
29179.560546875
17717.46484375
5731.6376953125
1393.9117431640625
590.9789428710938
1364.3076171875
4306.34619140625
14607.3759765625
25766.88671875
32316.560546875
30354.599609375
20010.07421875
8703.4072265625
2929.53662109375
978.7103271484375
324.3501892089844
25.770221710205078
9.885685358312912e-06
5.733174379685124e-09
5.166275407475496e-09
8.682759400358009e-09
7.894500164695728e-09
38.49943161010742
917.8643798828125
5211.36865234375
18791.251953125
32368.138671875
33696.9765625
26562.546875
12267.3154296875
3620.58349609375
1498.0220947265625
1291.4942626953125
3192.2490234375
7269.55029296875
20330.275390625
31518.009765625
35503.67578125
29311.7578125
17099.65625
8028.57470703125
2950.125244140625
1561.8172607421875
686.4945678710938
35.205020904541016
6.779151439666748
5.469166008964521e-09
4.747247484004902e-09
1.1146284784047111e-08
7.924678691040299e-09
91.07453155517578
1432.64404296875
6868.32177734375
20840.291015625
33249.60546875
32487.453125
23530.134765625
11672.552734375
6288.92626953125
4541.6962890625
8004.54443359375
10469.328125
16781.974609375
25580.228515625
35433.6640625
36371.8203125
30512.673828125
16517.017578125
7505.30615234375
3430.334716796875
1703.276123046875
1184.919921875
27.363197326660156
5.858860015869141
3.845419982440035e-09
3.477947485563959e-09
6.080397518815062e-09
60.875816345214844
143.16714477539062
1703.5869140625
8605.7021484375
23693.205078125
33801.07421875
34560.09375
25428.791015625
19507.796875
17335.40234375
17074.435546875
18920.0703125
20288.4140625
25237.6640625
33119.984375
36626.390625
35922.8046875
29713.671875
15312.841796875
6528.73876953125
3823.450927734375
2338.39111328125
1111.715087890625
136.82968139648438
9.513928311832842e-09
4.875570169815546e-09
5.249390921946429e-10
4.6687742560891365e-09
2.378935823799111e-05
78.3531494140625
2642.134765625
9358.9375
23654.07421875
32038.466796875
34216.6796875
31773.958984375
28086.9765625
29401.865234375
28595.126953125
29601.873046875
30324.091796875
32187.55859375
34081.3359375
35855.1171875
36277.10546875
26385.6171875
13946.70703125
8173.93115234375
4337.39013671875
2921.0234375
1186.0628662109375
161.78018188476562
9.636380582378479e-09
1.0391095095485525e-08
1.2043466224298527e-09
1.1218162399018183e-08
0.0003433690872043371
34.44626998901367
2169.382568359375
8898.62109375
17231.0625
27465.501953125
30671.50390625
31640.48828125
31713.34765625
32823.7890625
32283.7109375
30535.8515625
28415.494140625
28299.068359375
33313.703125
36925.515625
36303.1953125
22627.033203125
11827.7431640625
6238.3916015625
4504.8515625
2759.97216796875
1349.7882080078125
128.79397583007812
8.522832217749965e-09
5.702410987851181e-09
5.924959189940182e-09
9.302869030669569e-10
0.1431923508644104
1.071742296218872
1894.7371826171875
6629.6162109375
10934.95703125
15952.138671875
20439.451171875
22896.771484375
24445.443359375
23741.5859375
22776.310546875
22581.501953125
18292.6484375
20880.818359375
32499.759765625
37621.16015625
33386.71875
18241.30078125
8028.705078125
4176.61083984375
2983.732666015625
1279.2374267578125
693.604248046875
0.8865056037902832
1.3550809363493954e-08
1.0131817163028245e-08
7.3216450680035905e-09
4.6218687210775045e-10
0.1341962367296219
515.5010375976562
967.033447265625
3869.42578125
5288.14013671875
7191.4169921875
10970.005859375
12382.3603515625
12844.427734375
12421.32421875
11000.3740234375
9966.5244140625
9874.0625
16273.8759765625
30565.951171875
36167.6328125
28889.728515625
13548.05078125
3620.8740234375
1468.7589111328125
389.23309326171875
260.0610656738281
116.36466217041016
0.006681269966065884
5.695822924423055e-09
6.495094240221988e-09
2.3088932987747057e-09
7.934001011733471e-09
0.09042797237634659
0.2459591031074524
172.76919555664062
1797.4368896484375
2280.036376953125
3568.46240234375
3386.59228515625
2789.953857421875
4047.212646484375
3957.14794921875
2880.632568359375
3122.4267578125
6439.15478515625
15291.423828125
30288.4765625
32749.94140625
24477.380859375
11164.177734375
2261.7177734375
769.583984375
548.5089111328125
165.33399963378906
21.85605812072754
12.021071434020996
1.2538060589761812e-09
8.140736973416551e-09
8.482733626635763e-09
1.0771850966762031e-08
2.286109745952558e-09
0.018156567588448524
0.24429741501808167
110.22858428955078
593.7297973632812
1529.2952880859375
1487.876953125
1100.1715087890625
182.2522735595703
519.180419921875
854.38037109375
1965.1787109375
7630.97802734375
15907.7255859375
30098.8515625
31912.537109375
23216.62109375
9540.193359375
2640.633056640625
797.2720336914062
641.6014404296875
308.7049255371094
18.618553161621094
13.830765724182129
1.0169286746020134e-08
7.596613116334083e-09
9.441582626834588e-09
4.0000847079113555e-09
9.217912655401506e-09
1.6992986573427515e-08
7.931442382869136e-07
64.97792053222656
111.74236297607422
109.18177795410156
288.6234130859375
302.6778869628906
164.68011474609375
143.09344482421875
702.57958984375
2377.92138671875
7738.64013671875
16175.16796875
27031.28125
28621.021484375
23245.669921875
8722.5927734375
2795.03125
1224.5380859375
866.4481201171875
318.2882995605469
5.256778717041016
4.7922177337511584e-09
9.496969433087088e-09
1.0790516036252029e-08
1.0226872682039811e-08
6.193254353803468e-09
8.776945392696689e-09
7.821549630193658e-09
1.1258533660907233e-08
1.522823254163086e-06
1.7024597127601737e-06
12.561088562011719
112.5033950805664
255.9232635498047
203.4993133544922
659.298583984375
934.2388305664062
2659.513427734375
7199.7431640625
15009.955078125
25258.83984375
23571.0078125
19141.921875
7890.50048828125
2245.427001953125
921.9946899414062
786.0046997070312
445.173828125
0.16315528750419617
3.751143839991755e-09
5.102372746534911e-09
5.126017388334958e-09
1.631801693768864e-09
9.027645297976505e-10
1.840191332647123e-09
3.233413758962911e-09
5.291299842724584e-09
5.343207476471434e-07
6.973438644308771e-07
20.26710319519043
53.307289123535156
153.45941162109375
142.49838256835938
522.3446655273438
736.093017578125
1887.9625244140625
6246.298828125
10254.7119140625
15524.5625
17490.1875
13672.8759765625
6331.1708984375
1766.3800048828125
804.9328002929688
482.42413330078125
206.0662841796875
0.27321943640708923
6.491818194120924e-09
3.342998100563932e-09
8.151607389095261e-09
3.038036267000166e-09
9.01051144808207e-09
0.0
2.9472966289745273e-09
5.528871138693603e-09
3.413992146761302e-07
1.1120514287199512e-08
2.797956943511963
4.007701396942139
5.992849349975586
5.237950801849365
91.9283676147461
763.07666015625
1736.0616455078125
3112.769287109375
5478.810546875
9054.47265625
8398.6484375
6914.8388671875
3638.179931640625
1147.118408203125
279.5601806640625
289.5523376464844
290.1371154785156
4.747613430023193
9.086725150098118e-09
6.765571658462477e-09
1.8741690421819612e-09
5.601993868786792e-10
1.1611204442374401e-08
6.998701174154576e-09
5.1544848389539766e-09
3.3065774562857086e-09
1.079773959133945e-08
2.4326951564290766e-09
1.0205398304208302e-08
4.196679892487509e-09
6.300100441336554e-10
1.6883776154941188e-08
1.9874978065490723
2.2852561473846436
115.8893814086914
503.4725646972656
814.3959350585938
2960.111083984375
2972.642822265625
1883.27392578125
559.4013671875
196.0373992919922
2.4883434772491455
5.792923030156771e-09
2.3982220653806507e-09
7.3809913736511135e-09
7.642829147336272e-10
9.883610374572527e-09
1.5786684182117483e-09
5.7253837226767246e-09
1.23135190932544e-09
1.2155479955922033e-09
3.3472293825553834e-09
9.736702555329657e-10
4.719187263191316e-09
6.8950583020921385e-09
7.3366557273857325e-09
4.842812373340166e-09
7.019749226344629e-09
2.6294535437898503e-09
4.616218074460221e-09
7.05250435828475e-09
1.7329611079475171e-09
1.019086237619149e-08
7.7353715896606445
21.6903133392334
17.41822624206543
7.093918341638528e-09
3.5551324106819493e-09
5.752374576672992e-09
9.350319629675141e-09
1.0550789131258398e-09
7.67934604795073e-09
1.1602266702936959e-08
1.1410565825542562e-08
3.439334816945916e-09
3.0168165743305053e-09
