1.8115132149887359e-07
2.0971940273284417e-07
7.009787594824957e-08
7.753730812964932e-08
1.4828266614586028e-07
1.0129763694521898e-07
3.078215371488113e-08
3.479902233038956e-08
1.4102832324169867e-07
9.655710186962096e-08
1.5831913913189055e-07
2.0481323304011312e-07
9.55473140606955e-08
7.000301138759824e-08
2.7989884188173164e-08
7.48496873370641e-08
1.5462019575807062e-07
2.511241916636209e-07
1.132653508761905e-07
1.4512556845147628e-07
1.794865482906971e-07
2.0309630599513184e-07
1.9121080185868777e-07
1.7991204970257968e-07
1.0300937702822921e-07
2.4467610160172626e-07
1.0533004513035849e-07
1.1269082555998011e-08
1.3662203457442956e-07
6.709220912171077e-08
1.7294567555836693e-07
2.033309129956251e-07
2.5910915724125516e-07
1.6684980508330227e-08
1.524024497712162e-07
2.430762435778888e-07
2.260841540646652e-07
2.44259666715152e-07
2.61572978388358e-07
6.415832842776581e-08
4.3652605086208496e-08
2.1013337914155272e-07
3.642542267812132e-08
2.716584219797369e-07
1.8519170907893567e-07
2.698166099435184e-07
5.7137079068070307e-08
1.3856548264357116e-07
9.283080260047427e-08
1.7878407732041524e-07
8.102819748501133e-08
1.0508221492955272e-07
1.0570484931804458e-07
2.1652251547266133e-08
1.328811833900545e-07
2.0091495400720305e-07
7.90988323728925e-08
1.6111435741095192e-07
1.9756474500809418e-07
3.679085924801484e-09
2.607143301247561e-07
1.9628420488970733e-07
2.593838246411906e-07
1.909511411213316e-07
2.102346030596891e-07
2.571768789039197e-07
1.5889608562247304e-07
2.52809542189425e-07
2.709452644467092e-07
1.3159281309071957e-07
4.228849945775437e-07
4.7363747057715955e-07
5.111267569191114e-07
2.7050296580455324e-07
8.110293236995858e-08
2.3678228444623528e-07
2.4648970864404873e-08
2.593469048406405e-07
1.660213797549659e-07
1.7896404358452855e-07
1.299451639624749e-07
1.7536189034217387e-07
1.68056814686679e-07
1.5620193494214618e-07
1.6987496564979665e-07
2.7415251224738313e-07
2.737421311849175e-07
1.0299023855964151e-08
3.285826011278914e-08
7.039815130838178e-08
1.7467338864207704e-07
9.288158508979905e-08
2.0085195728825056e-07
2.42572788522466e-08
1.6204126040975098e-07
2.5059097197299707e-07
1.0824255980423914e-07
4.2575712200232374e-07
8.260889217126532e-07
8.971795182333153e-07
1.4224378901417367e-06
1.103264025914541e-06
0.001370862009935081
0.007425614167004824
0.010426810011267662
0.01060532871633768
0.010012810118496418
0.0002708794199861586
0.00011216666462132707
1.3838853618608482e-08
9.01737919889456e-08
1.5408427600505092e-07
9.795734001727396e-09
1.7849252742507815e-07
1.0481653589522466e-07
3.3441278191048696e-08
1.6273371983288598e-08
1.9466138212465012e-07
5.452640721159696e-07
6.859174845885718e-07
8.89233376710763e-07
8.867496603670588e-07
0.6230150461196899
149.08050537109375
372.9705810546875
599.0409545898438
1689.683837890625
3021.2529296875
3286.990966796875
2893.058349609375
3435.443603515625
3306.58154296875
2625.530517578125
1391.6510009765625
594.6450805664062
120.2903823852539
0.5531578660011292
9.860854148864746
4.077239990234375
2.1812313377722603e-07
6.812250319399027e-08
1.570957124386041e-07
2.431143855119444e-07
1.5813672860076622e-07
2.114504837891218e-07
8.379999485441658e-07
1.3051458154222928e-06
0.0
3.4252281188964844
309.4327697753906
1331.843017578125
2780.183349609375
4724.90966796875
9170.9462890625
13710.0546875
16731.845703125
22485.125
23836.107421875
23024.623046875
22110.853515625
19456.587890625
13716.3603515625
8986.876953125
3618.322998046875
2440.00634765625
65.70819854736328
44.069671630859375
6.872270574831418e-08
2.6839245492737973e-07
1.146228711945696e-07
2.0113893128836935e-07
2.716418805448484e-07
1.0468176014910568e-06
1.4068313021198264e-06
109.75442504882812
6.706664562225342
370.48828125
1543.5194091796875
3546.85498046875
8075.8154296875
13457.3203125
20183.720703125
25397.6171875
30172.951171875
32127.18359375
31928.220703125
30291.2109375
28271.408203125
24735.7578125
23055.255859375
18385.3046875
10488.927734375
4121.3759765625
1043.667236328125
163.8682861328125
6.488776449486977e-08
1.3325590941803966e-07
4.419960575319237e-08
1.1954645273704045e-08
1.7389656647992524e-07
1.3404429921592964e-07
0.0
37.910099029541016
262.8056640625
847.9808959960938
3261.330078125
8845.8271484375
16362.9111328125
24105.359375
27726.27734375
32247.384765625
31629.564453125
29440.037109375
27083.681640625
26614.3046875
25302.009765625
26084.369140625
27262.064453125
24643.2421875
14831.0634765625
5673.87109375
1228.1292724609375
81.37187957763672
1.2569964269459888e-07
1.59154907919401e-07
2.657407662809419e-07
1.7588529033218947e-07
7.990372097310683e-08
3.549419602677517e-08
0.0
106.71658325195312
220.323486328125
2215.72802734375
5792.87890625
16350.1162109375
24611.9453125
29584.458984375
29524.189453125
26432.580078125
20321.310546875
17569.0234375
16497.455078125
16207.830078125
19223.78125
25426.103515625
28944.783203125
23957.55078125
15076.376953125
7251.26953125
2210.579833984375
406.8481750488281
4.8118192097490464e-08
2.566870982434466e-08
1.8993320338722697e-07
2.678911812381557e-07
4.085996252456425e-08
1.0834476427135087e-07
59.770301818847656
204.35174560546875
635.909423828125
3618.054443359375
8868.833984375
19685.9453125
27702.81640625
27957.20703125
22386.072265625
15479.6923828125
8871.7431640625
6902.75732421875
8435.134765625
13455.0380859375
20759.740234375
28749.2890625
29403.916015625
20908.099609375
12483.6015625
5247.08251953125
1750.509521484375
400.756591796875
1.3069696080947324e-07
1.5975752276631283e-08
4.919257534652388e-08
1.554040949258706e-07
9.466791794920937e-09
1.8503492071886285e-07
11.36866569519043
449.609619140625
789.3665771484375
4202.658203125
9771.0791015625
21543.22265625
27488.82421875
25458.578125
15903.626953125
8291.76953125
4338.26611328125
5256.24755859375
11670.8623046875
20453.09375
26769.638671875
29270.6953125
25318.61328125
14631.28515625
7346.7041015625
2344.26123046875
879.8885498046875
1.9220943450927734
1.729340652900646e-07
1.641129045992784e-07
1.9376847149032983e-07
2.415943072264781e-07
2.1136443706382124e-07
91.73528289794922
116.9603271484375
580.1138305664062
853.0423583984375
3851.787353515625
10017.4892578125
19856.623046875
25365.47265625
22701.2734375
13946.123046875
10057.892578125
7311.64013671875
12367.232421875
21678.361328125
28572.61328125
30380.267578125
25765.236328125
16621.841796875
8036.58837890625
2030.2322998046875
634.7467651367188
370.4356994628906
5.7947773933410645
2.5911558054758643e-07
2.578634905603394e-07
1.6245790845914598e-07
1.615760396589394e-07
1.2226313117480458e-07
122.65177917480469
123.22725677490234
452.9465637207031
959.174560546875
3605.33935546875
9089.740234375
17803.89453125
24742.193359375
24609.080078125
17159.607421875
13959.6416015625
17123.73046875
24529.61328125
30005.455078125
31115.880859375
24938.1953125
16008.71484375
7368.17919921875
2535.83984375
423.4535217285156
407.9067687988281
150.0823974609375
0.0012764068087562919
1.572186363318906e-07
2.3079329025676998e-07
2.2439810720698006e-07
1.1051487724955678e-08
2.0527549438043025e-08
77.71897888183594
116.91780853271484
375.46502685546875
574.3935546875
3135.49853515625
7789.458984375
12818.306640625
22497.5859375
26039.701171875
26677.482421875
25206.205078125
29887.296875
32204.21875
29757.041015625
24579.470703125
14955.505859375
4993.60498046875
2118.0166015625
587.3058471679688
276.5142517089844
325.9251403808594
0.5672944784164429
1.682963279847627e-08
1.9610631341038243e-07
2.4017435862333514e-07
1.5400662789488706e-07
1.4296112738065858e-07
1.3336889992388024e-07
0.0
60.1977424621582
131.89254760742188
642.659912109375
2100.019287109375
5971.3544921875
10841.5341796875
20989.404296875
28023.201171875
31369.28515625
33828.546875
34395.859375
30980.169921875
23898.380859375
11895.2890625
3858.53466796875
1397.3746337890625
762.7425537109375
420.2283630371094
2.164430856704712
0.06113581359386444
1.1218194373441293e-07
2.0276809209462954e-07
2.0863556926542515e-07
1.916405665269849e-07
1.626924586162204e-07
1.2497645229814225e-07
0.00846217479556799
0.01900574564933777
0.017329826951026917
38.06431198120117
411.8204040527344
1603.0340576171875
4836.7109375
12054.779296875
24608.330078125
31119.3984375
33711.046875
33484.25
29760.208984375
23682.392578125
13323.130859375
6041.0830078125
2407.575927734375
849.2078857421875
240.6118621826172
56.28562545776367
0.005032646004110575
2.1897764668210584e-07
2.4020098976507143e-07
2.7193993901164504e-07
9.645248155720765e-08
2.4108319962579117e-07
9.656726973616969e-08
2.5732902031450067e-07
0.016396451741456985
0.019115805625915527
47.62535858154297
165.6298065185547
892.66357421875
2802.156494140625
8166.75927734375
19757.259765625
30693.74609375
32731.859375
31493.76171875
30481.552734375
26031.900390625
18305.18359375
10750.083984375
6352.8798828125
1809.6251220703125
563.8571166992188
389.1836242675781
23.57876205444336
0.005750137846916914
2.8288937414799875e-07
9.626443642218874e-08
4.235320716361457e-08
1.0918640924728606e-07
9.51858325493049e-08
2.2607815708397538e-07
1.3687743205537117e-07
0.015717189759016037
39.82089614868164
72.49964904785156
860.1388549804688
2182.368408203125
8162.63134765625
18427.16015625
27495.90625
31608.2734375
27756.068359375
25938.916015625
24580.94921875
23144.072265625
18290.86328125
10839.8017578125
6230.66455078125
2642.0673828125
622.7135620117188
501.8628234863281
27.725345611572266
0.0038672825321555138
2.6977249945048243e-07
2.541215735618607e-07
0.025960352271795273
7.416823422090602e-08
1.889462737381109e-07
1.2935518611811858e-07
2.0663230770878727e-06
0.0
382.6011047363281
839.572998046875
1802.8172607421875
6897.68798828125
16644.0234375
26882.09765625
29185.12890625
23343.064453125
18726.390625
18392.060546875
19641.029296875
23504.53515625
17785.556640625
12914.9951171875
6816.25439453125
2550.3623046875
773.4522094726562
136.16714477539062
0.007845096290111542
4.6428891664618277e-07
4.6243340534601884e-07
3.648793551747076e-07
0.004298903048038483
7.827413384120518e-08
1.5095241678864113e-07
3.1415151369174055e-08
2.0989061795262387e-06
177.7847137451172
501.6405334472656
1697.8583984375
4703.6650390625
15064.3349609375
25884.62890625
28680.123046875
22815.369140625
15616.44921875
10839.0888671875
12389.7685546875
19954.46875
24538.38671875
20791.8125
14729.6923828125
6816.57666015625
2761.91943359375
1083.4757080078125
97.96184539794922
5.7350582210347056e-05
7.194033969426528e-05
3.124878560356592e-07
3.093031466505636e-07
2.731097197283816e-07
1.5316125256958912e-07
1.116487098329344e-07
2.2915986619409523e-07
1.6577037058596034e-06
180.6550750732422
972.4461669921875
2980.6259765625
10232.0439453125
21963.951171875
29530.212890625
24720.77734375
16099.6669921875
10284.70703125
9849.0126953125
17463.701171875
25078.609375
26083.55078125
21827.599609375
13770.5712890625
5172.330078125
2410.678955078125
1414.033203125
179.55380249023438
132.5897674560547
146.534423828125
10.202176094055176
8.352837562561035
2.638880118865927e-07
1.1571524538567246e-07
2.0467928152356762e-07
6.862156709530609e-08
22.887781143188477
268.4107971191406
1224.031494140625
4724.39794921875
15161.2001953125
24739.685546875
27842.52734375
23839.892578125
15221.1923828125
13741.12109375
17938.173828125
25398.759765625
29499.623046875
26054.24609375
19462.99609375
9522.9384765625
4206.9384765625
1860.4664306640625
1156.2197265625
410.5930480957031
221.05029296875
154.0473175048828
10.202177047729492
11.275150299072266
1.4787487678802336e-08
6.141396369230279e-08
2.7078671749336536e-08
2.9292321457319304e-08
2.077270030975342
289.4589538574219
983.614501953125
5333.171875
14810.1240234375
25403.12890625
30524.51953125
30225.357421875
28120.97265625
28732.146484375
30669.359375
30392.833984375
28091.791015625
23230.923828125
12759.3193359375
5169.548828125
2459.151611328125
1271.2064208984375
454.5210876464844
243.86264038085938
8.042594909667969
0.0
6.386658668518066
6.090880870819092
2.057581127701269e-07
2.4547966859245207e-07
2.5922878421624773e-07
1.3407552046373894e-07
2.085418462753296
79.09249114990234
772.3091430664062
2968.880859375
12207.3447265625
22185.806640625
28332.720703125
31487.30859375
32791.5546875
31502.412109375
30188.705078125
28278.458984375
21247.1328125
11914.3466796875
5198.484375
1543.7000732421875
438.53076171875
127.23193359375
69.01226043701172
8.758219718933105
2.392171621322632
0.0
1.679620424965833e-07
1.9612241430877475e-07
1.4371659062817344e-07
5.226538135616465e-08
3.891244659826043e-08
4.600028091772401e-08
2.4363146167161176e-07
8.552637709158262e-09
107.73993682861328
1355.937744140625
3467.214599609375
10391.8818359375
19064.623046875
22823.2109375
24991.306640625
25285.638671875
19982.125
14088.7021484375
7729.552734375
4135.3818359375
1393.86181640625
573.6817016601562
42.399208068847656
1.7413406372070312
5.799792289733887
1.8637659549713135
2.1736364364624023
5.8846914896548697e-08
5.536935532290954e-08
3.9553309960638217e-08
2.0913128651045554e-07
2.1982428677347343e-07
1.166302681099296e-07
2.181784424237776e-07
1.7293763221459812e-07
1.9333289458245417e-07
210.7137451171875
182.1289520263672
517.7184448242188
938.106689453125
1731.529296875
1664.2198486328125
1870.0386962890625
1666.3509521484375
1276.1533203125
979.5523681640625
100.68595886230469
28.75800323486328
0.0
3.504239600715664e-07
1.783097332008765e-07
1.99002116119118e-07
1.781366876230095e-07
1.4121177116521721e-07
1.3480011773481237e-07
1.601132453288301e-07
2.3323084974435915e-07
2.495274884495302e-07
1.9544808083082899e-07
2.487699930497911e-07
2.26014606141689e-07
2.5513801915622025e-07
2.116653092798515e-07
1.211866305084186e-07
2.295204950542029e-07
2.3012795224985894e-07
4.446683021797071e-08
1.5164846445259172e-07
9.432416732124693e-07
1.0308264108971343e-06
1.0072850500364439e-06
7.766998919578327e-07
1.0124177833858994e-06
1.028339056574623e-06
3.1575268621963914e-07
1.1955603440583218e-07
2.3490057898811756e-08
2.111021579764838e-08
8.299831044666917e-09
1.488114094172488e-07
6.02143179762038e-09
1.9680425111801014e-07
1.778449565392748e-08
2.637020486417896e-07
4.9239005761592125e-08
2.8426748954757386e-08
1.8703332216318813e-09
2.5311268814220966e-07
1.3430772582978534e-07
2.4269954224109824e-07
2.8711582444884698e-08
2.2220044115783821e-07
4.9605002772068474e-08
9.093844965946118e-08
1.0325209842676486e-07
3.040997498260367e-08
4.5924451796963695e-07
4.539466544883908e-07
4.181585495643958e-07
1.664055844230461e-07
9.342554285751703e-09
2.8439515631362156e-08
7.778895394494612e-08
2.2216119077711483e-07
1.746455922102541e-07
1.9868535616751615e-07
1.7921106376661555e-08
5.3621178608409537e-08
2.4649813212818117e-07
7.27838198599784e-08
1.3119230857228104e-07
1.035286913975142e-07
9.047823823493673e-08
1.522388686225895e-07
5.434944494453475e-09
2.419552913579537e-07
