6.585145229109912e-08
2.449155545036774e-07
8.523071670651916e-08
3.670501769192924e-07
1.4756767541257432e-07
1.4799861958181282e-07
2.1274681216709723e-07
4.246634546234418e-07
5.356892263108648e-09
3.2496657809133467e-07
3.95418368270839e-07
7.71559385270848e-08
2.3770692081370726e-08
1.5647516704575537e-07
2.3941998961163335e-07
1.5072014036832115e-07
3.963925223615661e-07
3.6527566749100515e-07
1.6365883936941827e-07
1.376072447101251e-07
3.7940193919894227e-07
3.3686208666949824e-07
3.6098771261094953e-07
3.662846665974939e-07
1.4993331376444985e-07
2.1145361017715913e-07
2.8100109261686157e-07
3.8975380789452174e-07
3.4641576007743424e-07
6.136801999900854e-08
3.285302341282659e-07
6.522493123384265e-08
2.9799323897350405e-08
3.0074951951064577e-07
2.912612160343997e-07
2.711515776354645e-07
1.3205672644289734e-07
2.1891876755830708e-08
2.8168551580165513e-07
3.267289727659772e-08
3.610186354308098e-07
4.0180975702241994e-07
3.2654273240950715e-07
2.005082677669634e-07
2.528030336179654e-07
4.627662875122951e-08
1.4324118069453107e-07
8.928212480441289e-08
2.225292945468027e-07
3.592432733512396e-07
8.14893965639385e-08
6.301807076170007e-08
3.709917280048103e-07
1.032152567859157e-07
2.9242826826703094e-07
4.6623974014892156e-08
3.3466727700215415e-07
6.586961376342515e-08
9.848055526617827e-08
2.1006354700148222e-07
1.9361969805231638e-07
1.0319083781906713e-10
3.280378280123841e-07
1.0291054053368498e-07
2.202132378670285e-07
3.977964411205903e-07
1.6713542549950944e-07
1.094639401344466e-07
2.9816774826940673e-07
5.058361125520605e-07
3.1608595918442006e-07
2.80070224789597e-07
2.5935909775398613e-07
2.93355071789847e-07
4.0728463090999867e-07
6.985866551900699e-09
3.0906045367373736e-07
3.7887517123635917e-08
2.010888664472077e-07
1.2054564990648942e-07
4.2365195440652315e-07
4.0530659362048027e-07
1.2677035954311577e-07
1.452464601925385e-07
1.225645149816046e-07
4.1183739085681736e-07
2.4106310547722387e-07
9.854557703192768e-08
1.5797985142285143e-08
1.9022833441795228e-07
3.189957453741954e-07
4.250613017120486e-07
2.466228750108712e-07
2.9760209940832283e-07
2.3641200641577598e-07
29.316890716552734
68.59121704101562
6.083686798774579e-07
3.266807482305012e-07
3.3168973345709674e-07
3.846563743081788e-07
2.9280218427629734e-07
3.75941027641602e-07
3.289758865321346e-07
5.86030779459179e-08
3.181899330684246e-07
1.2520121828174524e-08
7.74121247104631e-08
1.0444502862583249e-07
1.1106157415952111e-07
3.265647308126063e-07
2.0161654390449257e-07
3.614767649651185e-07
4.1442498854848964e-07
2.8103528393330635e-07
2.1982657472108258e-07
1.6207556541303347e-07
3.3545083510944096e-07
2.557040659212362e-07
4.521676189028767e-08
0.0
167.10459899902344
64.89022064208984
372.00189208984375
325.4061279296875
298.01116943359375
2.7433359622955322
3.2359673976898193
4.552648544311523
3.915391445159912
190.98046875
235.5423583984375
442.9054260253906
1463.570068359375
1142.9918212890625
79.09862518310547
2.7168465521754115e-07
1.237968660916522e-07
2.7783406153503165e-07
1.0928771843055074e-07
2.5295639716205187e-07
3.6109139500695164e-07
3.073569132538978e-07
4.054911642015213e-07
1.170956522855704e-07
1.218005962755342e-07
1.030992865562439
9.914041519165039
591.17724609375
759.1495971679688
1475.195556640625
3357.298583984375
5025.43994140625
3540.067138671875
1488.4443359375
642.7059326171875
603.8467407226562
847.6395263671875
1458.806396484375
4231.93798828125
5687.8857421875
5060.02392578125
3013.88818359375
1487.695068359375
591.1727905273438
161.798828125
1.3433766810067027e-07
4.106263986614067e-07
1.8736405138497503e-07
3.857838635212829e-07
2.0243694720534222e-08
3.6590327567864733e-07
8.923260352844409e-09
165.95494079589844
112.21073150634766
793.94384765625
1478.5272216796875
2829.010498046875
6694.69140625
10036.1728515625
12122.6513671875
13120.12109375
10986.6220703125
10209.076171875
11063.2548828125
11101.521484375
10181.0517578125
13008.484375
13656.384765625
10201.3662109375
7354.07177734375
3169.77587890625
701.2166137695312
154.74415588378906
3.509746306917805e-07
3.1303821401706955e-07
8.810346230347932e-08
2.186041427876262e-07
3.8577418592922186e-08
0.002147626830264926
54.42561721801758
203.26248168945312
329.4502258300781
1239.945068359375
2989.8505859375
7630.5458984375
12907.890625
21572.80859375
23175.07421875
23572.8125
21274.361328125
19523.03125
18341.208984375
18229.970703125
20957.7578125
21467.62109375
22138.310546875
13761.1201171875
7612.7548828125
3028.17041015625
713.99609375
6.5881123542785645
1.2517534742073622e-07
2.1154242801912915e-07
3.021284200599439e-08
7.605092378071276e-08
9.886544916071216e-08
0.0017395376926288009
79.98717498779297
214.5106658935547
579.7243041992188
2627.699462890625
6334.99072265625
16805.78515625
26942.208984375
32852.8515625
30371.869140625
25952.283203125
21831.791015625
18562.962890625
17574.03515625
18587.890625
26930.517578125
30000.197265625
28085.01953125
17512.669921875
7915.3720703125
3244.11865234375
301.1608581542969
36.906551361083984
2.267033100128174
9.198118533504385e-08
2.804741683348766e-08
2.498417472907022e-08
1.1438712590461364e-06
0.26617661118507385
141.6825408935547
280.531982421875
1199.2581787109375
5302.00830078125
14379.484375
26269.591796875
34747.2578125
33707.51953125
26091.544921875
19313.951171875
13955.5390625
10176.7041015625
10987.5087890625
14672.544921875
26746.919921875
35599.9140625
32297.04296875
18830.46875
7443.56640625
1955.82080078125
218.44175720214844
55.27477264404297
2.4861230850219727
6.186192536006274e-08
1.9040622589727718e-07
2.4650867658237985e-07
1.0204929594692658e-06
0.33644330501556396
0.3376445472240448
582.6717529296875
3118.942626953125
13293.5107421875
25226.126953125
34258.42578125
36425.15234375
29109.560546875
17774.994140625
9694.9658203125
5241.2763671875
3107.22802734375
4730.31103515625
14952.7314453125
30113.01171875
36058.796875
29215.015625
14366.986328125
5187.27392578125
1550.950439453125
221.85626220703125
158.96401977539062
76.08496856689453
59.86439514160156
2.577476720944105e-07
4.537439579621605e-08
2.0586512050613237e-07
0.3769682049751282
399.0296325683594
699.42431640625
6724.0556640625
20748.400390625
32328.19140625
35652.3125
30052.087890625
19751.48828125
7358.48779296875
2703.39990234375
1279.8829345703125
1671.3206787109375
6548.1513671875
20186.955078125
34653.59765625
37793.640625
28351.201171875
11433.65234375
3886.9423828125
648.5079956054688
148.95936584472656
109.14720916748047
77.07281494140625
94.4952392578125
2.9444129268085817e-07
2.8159522003079474e-07
3.1311083148466423e-07
0.3134843707084656
199.4398956298828
2649.188720703125
12893.9541015625
26598.54296875
34559.24609375
33305.1015625
22480.126953125
11055.939453125
5566.47998046875
2760.079833984375
2749.423583984375
4694.51318359375
13981.177734375
29586.81640625
36838.96875
37533.859375
23503.07421875
9750.6162109375
2112.61181640625
472.36199951171875
54.832672119140625
0.016477251425385475
3.1161704328042106e-07
1.6480079523262248e-07
1.4240117707231548e-07
3.002841140187229e-07
1.8041609450847318e-07
130.222412109375
1464.8245849609375
4584.01171875
16562.5625
29556.734375
35929.54296875
29634.37890625
18094.865234375
10020.6220703125
8493.2861328125
7180.03662109375
9994.88671875
14808.69140625
24077.27734375
35659.1484375
39746.7890625
33691.15234375
18455.3046875
5890.78125
693.1522216796875
155.1022186279297
0.46875467896461487
0.41021305322647095
1.1264741317518201e-07
1.26698594726804e-07
3.1879071116236446e-07
2.3404720650432864e-07
2.10505604059108e-07
276.2431640625
1965.2032470703125
5278.47802734375
18902.37890625
31099.087890625
37318.03515625
30321.40625
22777.544921875
18753.25
18857.76953125
20041.361328125
22713.330078125
25196.37109375
32745.560546875
38819.8125
38325.2265625
28337.6171875
12847.9091796875
4627.44580078125
1331.8494873046875
716.0026245117188
1.0400938987731934
0.3237934410572052
1.2104359292663958e-08
8.739390722212192e-08
8.408181173535922e-08
4.0285263480654976e-07
3.558561161298712e-07
7.806273460388184
1851.365478515625
5917.7060546875
18472.412109375
29963.48046875
36591.73828125
35264.23828125
30568.1015625
29854.578125
30110.095703125
30242.759765625
29983.04296875
30793.08203125
35780.62890625
39511.98046875
36887.4296875
24216.65234375
9717.740234375
3569.91845703125
2809.981201171875
1297.7420654296875
5.334465980529785
2.933250470960047e-05
3.686282639137062e-07
1.1181687797900963e-09
2.2215998285446403e-07
5.316400830679413e-08
3.622604936026619e-07
8.730149269104004
1484.21533203125
4192.69287109375
13530.7548828125
22719.169921875
30599.041015625
32266.7421875
31033.76171875
31131.94140625
30173.828125
30709.4453125
28416.30078125
30800.748046875
38293.125
38509.18359375
33490.26171875
17308.966796875
6293.68896484375
2627.537353515625
1874.281982421875
861.0366821289062
0.5952757596969604
3.1812831480237946e-07
2.0192099725591106e-07
2.1552577322836441e-07
1.3763167316938052e-07
2.2050267034501303e-07
1.4488078647900693e-07
1.42008104830893e-07
852.8573608398438
2639.876953125
6912.06787109375
12666.435546875
15072.236328125
18710.564453125
21087.91015625
22267.56640625
21012.017578125
19619.876953125
20461.765625
28779.30078125
39615.8671875
38636.49609375
26268.07421875
10322.0283203125
2544.37646484375
1122.9779052734375
545.78857421875
306.2164001464844
3.9687888622283936
0.4172321856021881
2.446332416639052e-07
8.010620433651638e-08
9.853789606495411e-08
2.461825658883754e-07
8.107890181463517e-08
3.314673051590944e-07
6.461472034454346
152.9940185546875
1422.869140625
3970.591796875
6178.5361328125
6897.87890625
7288.27685546875
6851.0361328125
7122.70947265625
7983.58447265625
15594.7939453125
33127.45703125
39519.765625
35235.01171875
16912.126953125
3446.30859375
1377.9339599609375
296.5295104980469
4.838179588317871
3.911555767059326
3.3583035469055176
0.04356434568762779
2.1122863813616277e-07
6.864633661507469e-08
1.7428982346245903e-07
7.824797698674502e-09
2.626283617246372e-07
3.6499793054645124e-07
0.5485092997550964
0.765305757522583
35.414730072021484
542.522705078125
1438.29736328125
1393.560791015625
1935.3682861328125
1579.6378173828125
1854.61328125
5070.671875
19376.974609375
36116.27734375
39464.34375
28953.97265625
9741.6064453125
1662.433349609375
306.4250183105469
155.80149841308594
0.014520522207021713
4.880203723907471
3.2194526511375443e-07
3.333098845814675e-07
8.094851011719584e-08
2.0405569500780985e-07
2.69611149406046e-07
1.2200506205317652e-07
6.9426087065949105e-06
0.0
0.01642952673137188
0.0012003601295873523
0.0003019700525328517
5.253454208374023
152.14891052246094
262.9287414550781
393.0972595214844
381.14666748046875
2020.5235595703125
8292.6953125
26903.955078125
39052.29296875
38045.7265625
20774.5625
4886.90478515625
571.2546997070312
158.95477294921875
112.44050598144531
2.5007311705849133e-06
1.8910876065092452e-07
1.6170127992154448e-07
4.227816319257727e-08
1.0885616319455949e-07
4.309139001179574e-07
9.249816912415554e-08
3.1415277135238284e-07
3.873647983709816e-06
0.019993530586361885
0.01686573401093483
0.014698919840157032
0.01919446513056755
0.005777083337306976
84.06209564208984
233.4971466064453
494.5388488769531
548.8493041992188
4260.74609375
15011.349609375
33713.47265625
39249.6484375
32367.0390625
13041.2294921875
2821.480224609375
689.4592895507812
134.2820587158203
25.96651840209961
4.97714438552066e-07
3.44107490946044e-07
7.949296332299127e-08
2.5999364083872933e-07
1.8816535884980112e-07
2.1774579295197327e-07
2.3493949186104146e-07
2.2385934528301732e-07
2.893217754262878e-07
0.01622241921722889
0.018862076103687286
0.017721284180879593
0.016113856807351112
0.0180028285831213
80.50293731689453
187.88128662109375
448.3585205078125
2293.394775390625
6563.25048828125
20545.171875
35390.765625
38618.5546875
27483.240234375
8433.9658203125
2065.459716796875
461.93505859375
27.199804306030273
28.81419563293457
0.016145935282111168
4.3319394649188325e-07
1.2979162988813187e-07
3.138082718123769e-07
1.5033938893793675e-07
1.7430359378067806e-07
2.2078975803196954e-07
4.1935354033739713e-07
2.872762649985816e-07
2.643362222443102e-07
0.006211523897945881
0.017585525289177895
0.02013603411614895
0.020050998777151108
92.00520324707031
168.25914001464844
688.2518920898438
3359.638427734375
10806.90625
24336.244140625
36505.44921875
35281.00390625
19184.6171875
5829.17724609375
1526.001220703125
468.2554626464844
28.802766799926758
26.406217575073242
0.00912573654204607
2.7633657140313517e-08
0.0
8.432756715137657e-08
2.07738011681613e-07
8.030718845475349e-08
1.4415729765460128e-07
3.17055182108561e-08
7.686276148888282e-08
8.917552918319416e-08
0.00785241648554802
0.028323987498879433
3.5413452792454336e-07
5.766632398263027e-07
23.648862838745117
145.05380249023438
1098.5914306640625
4831.75
11206.986328125
24034.9296875
32515.8046875
26743.458984375
13984.2783203125
4154.0693359375
1197.2230224609375
270.19610595703125
109.07624816894531
60.61098098754883
0.0
0.0
3.4891245365142822
2.035144035517078e-07
1.3408316590357572e-07
2.5743275955392164e-07
6.254833095908907e-08
6.029011512254101e-09
4.14731943010338e-07
3.1062475613907736e-07
3.6199350006427267e-07
2.0933038058501552e-07
4.0945243995338387e-07
0.20593850314617157
10.672140121459961
89.59362030029297
1047.6807861328125
4201.2080078125
10079.193359375
18021.4140625
20220.041015625
14761.0791015625
5945.27685546875
1529.7930908203125
522.1500854492188
478.507080078125
134.7798309326172
2.9613477892098672e-08
219.5176544189453
230.62557983398438
8.86383801912416e-08
3.3993899251072435e-07
7.684289471399097e-08
1.9681776208813062e-08
4.1712928577908315e-07
3.4797156445165456e-07
3.2786735459922056e-07
3.518066193919367e-07
3.5701145861821715e-07
1.4552787774846365e-07
2.7457650375595222e-08
1.120094523798798e-07
0.0001053943851729855
0.00010345295595470816
173.35772705078125
1410.3746337890625
3056.41552734375
5921.2158203125
5966.267578125
3422.815185546875
1351.83447265625
484.28656005859375
406.3857727050781
339.76220703125
2.9846157190149825e-07
2.342297449331454e-07
2.6875218850364035e-07
2.7273733849142445e-07
4.2184254311905534e-07
2.7466444407764357e-07
3.04692349573088e-07
3.8985646710898436e-07
3.116716484896642e-08
4.3318340203768457e-07
3.8668918023176957e-07
1.8953451785819198e-07
7.04837503917588e-08
2.1233267943898682e-07
1.2985574926460686e-07
4.2394438537485257e-07
2.390984036537702e-06
2.135402610292658e-06
2.3667422510698088e-07
5.396278197622451e-07
3.4509170632190944e-07
0.0020231627859175205
0.6668892502784729
0.6543881893157959
6.12556164014677e-07
3.512739965572109e-07
4.1993715171884105e-07
1.2836940754823445e-07
9.724854521664383e-08
2.0066835304533015e-07
4.216187221572909e-07
7.328880968771045e-08
3.5663651942741126e-07
3.369657122220815e-07
2.3437299034867465e-07
4.017281014512264e-07
