5.2887862977968325e-09
1.439136187997292e-08
7.045970562558068e-08
1.1602751470718431e-07
4.0710654047870776e-07
2.2411599331917387e-07
2.798932143832644e-07
2.0558501034884102e-07
1.934265014824632e-07
2.1448488496389473e-07
4.02079052719273e-07
3.452150849625468e-07
2.2418946699076514e-08
1.0353233648174864e-07
2.911482113177044e-07
1.1014890333171934e-07
3.900445904037042e-07
2.984376976655767e-07
2.7839222482839432e-08
2.759486221748375e-07
2.391434463788755e-07
1.5447402290647005e-07
7.888871067507353e-08
1.7854561917829415e-07
3.3962706424972566e-07
5.029467331496562e-08
3.561707444532658e-07
2.6263924723934906e-07
4.0941915813164087e-07
7.703887661136832e-08
2.0347088991456985e-07
3.493012457056466e-07
2.497388322808547e-07
9.53061416453238e-08
1.0219200419214758e-07
2.3699342932559375e-07
3.3834311352620716e-07
3.684691876060242e-07
8.3321751276344e-08
1.5519259477514424e-07
3.9015867514535785e-07
1.207512099199448e-07
2.2319349568533653e-07
1.4127057568202872e-07
2.2875400418342906e-07
3.658811564832831e-08
3.796955923007772e-07
2.072147111675804e-07
1.5209725745535252e-07
2.046351283979675e-07
2.2790810305650666e-07
1.1622969253721749e-07
3.766454312881251e-07
6.67069102178175e-08
1.4745774024049751e-07
3.0862540256748616e-07
1.8485845032500947e-07
4.136075659744165e-08
3.887779200795194e-07
1.3817273725180712e-07
2.8026332188346714e-07
3.9538505802738655e-07
1.585443811791265e-07
2.5912945034178847e-07
3.2110824577102903e-07
3.5998917269353115e-07
2.697952652397362e-07
5.624538346182817e-08
1.1030140001366817e-07
3.0465088229902904e-07
1.5603670533437253e-07
1.1846882586041829e-07
8.908639870242041e-07
1.4598117559216917e-06
1.059882492882025e-06
1.735174777195425e-07
8.928855521617152e-08
3.324221893308277e-07
1.9738003231850598e-07
1.181093054469784e-07
1.6039204808748764e-07
2.0744687390106265e-07
2.0827641833420785e-08
3.6274420267545793e-07
3.826167471743247e-07
2.4035620072027086e-07
3.068813896334177e-07
3.3563159718141833e-07
2.672269943104766e-07
2.6203946390523924e-07
9.811911638735182e-08
1.4000721648699255e-07
3.4752173405649955e-07
9.194289418701374e-08
0.07005854696035385
0.17565970122814178
0.2547364830970764
0.25375837087631226
0.11625567823648453
3.1800523174752016e-06
3.956686668971088e-06
3.4039969705190742e-06
7.838461897335947e-07
2.4865920522643137e-07
4.120046810385247e-07
5.724343168367341e-07
3.665070380520774e-07
3.8087506482042954e-07
4.874560204370937e-07
3.573600793060905e-07
2.825838407716219e-07
3.454896955190634e-07
3.9472118373851117e-07
2.0101064990285522e-07
2.458913002101326e-07
0.14670850336551666
5.495533466339111
566.8972778320312
678.864013671875
855.66748046875
1122.06201171875
1599.5687255859375
1826.0977783203125
1843.76220703125
2530.86572265625
3341.402099609375
3564.24658203125
3361.4970703125
2478.53515625
1773.9483642578125
1225.6531982421875
398.4576416015625
314.8750915527344
220.76678466796875
0.6020892858505249
1.009338617324829
3.4871490584009734e-07
3.377119810465956e-07
5.172035955069987e-08
2.7495457288750913e-07
2.3354360223493131e-07
1.240158979953776e-07
3.687044909383985e-07
66.04167175292969
282.9577331542969
1369.177734375
2844.619384765625
5735.53173828125
8501.009765625
11463.8349609375
15895.0458984375
20727.857421875
24054.359375
26150.13671875
24870.359375
25353.146484375
25305.63671875
21778.693359375
17424.142578125
11657.1396484375
6756.49609375
5095.412109375
2759.16455078125
1415.333251953125
329.28125
289.4263000488281
2.4916556640164345e-07
2.8894538672830095e-07
2.3452733444173646e-07
3.3331610893583274e-07
361.1805114746094
142.94139099121094
537.7416381835938
2034.548583984375
5788.16650390625
10395.337890625
16084.1591796875
21978.2265625
25579.083984375
29184.84765625
31170.4140625
31452.947265625
31266.306640625
31798.75390625
31713.451171875
31039.208984375
28509.31640625
21643.291015625
15037.146484375
8335.36328125
3309.074462890625
1997.509765625
349.8550109863281
346.2171936035156
3.2837147045938764e-07
2.2373960462118703e-07
2.3700406082127756e-09
3.4598258480400546e-07
3.4470974696887424e-07
76.88372039794922
1617.857666015625
2907.833740234375
6766.552734375
15257.7685546875
22195.216796875
27487.98828125
29737.283203125
27268.658203125
27453.17578125
27669.5703125
25630.642578125
26299.162109375
26398.990234375
28964.875
27387.748046875
25504.74609375
18580.125
10265.40234375
4579.27783203125
2041.1429443359375
391.46173095703125
206.61785888671875
4.692035204811873e-08
1.2068244359397795e-07
2.480079785982525e-07
1.244974185965475e-07
2.983069862239063e-07
634.072021484375
1683.6820068359375
3875.9580078125
7980.8818359375
14025.408203125
21574.431640625
23378.216796875
21256.75
18588.59375
14054.87890625
12611.90625
11146.0888671875
13277.4912109375
16165.7822265625
21649.08203125
25283.033203125
24431.537109375
18684.93359375
10541.3310546875
4946.82470703125
938.7723388671875
172.61349487304688
2.200075387954712
1.7753104941675701e-07
2.748996621448896e-07
5.62137216775227e-08
2.455061576256412e-07
3.1740862027618277e-07
762.2523803710938
1998.758544921875
3414.322021484375
6595.1005859375
10104.7080078125
13332.146484375
13751.017578125
12343.65625
9050.798828125
6164.53857421875
5225.21337890625
4742.07861328125
6688.53564453125
11362.8916015625
19876.927734375
24731.22265625
23015.330078125
16309.7958984375
10109.087890625
4484.89990234375
128.26235961914062
3.3408405780792236
1.6432290077209473
2.6758749527289183e-07
4.420026655793663e-08
3.0080718715908006e-07
1.1649502340560502e-07
6.814888954162598
450.42620849609375
1723.0128173828125
2195.937255859375
3998.44287109375
6753.39697265625
8707.8955078125
9308.0849609375
8306.4970703125
6742.61083984375
4864.474609375
4578.87109375
5463.13818359375
11826.26953125
18795.83984375
24829.8203125
25440.296875
20233.892578125
12977.61328125
6187.41064453125
2788.217529296875
173.16384887695312
0.21284762024879456
4.0778922993922606e-07
1.4187877184212994e-07
2.693773524242715e-07
3.902087257756648e-07
1.0878345335640915e-08
12.514370918273926
6.416411399841309
907.7608642578125
2045.267333984375
2457.991455078125
5054.50341796875
4976.72412109375
6343.64208984375
6816.826171875
8159.900390625
9715.3310546875
11580.830078125
16822.6171875
22430.759765625
24609.580078125
26298.353515625
22628.052734375
14662.9814453125
8747.548828125
4862.93408203125
1450.146240234375
99.49392700195312
0.13281016051769257
3.369680428022548e-07
1.7254942008548824e-07
5.157344773465411e-08
3.607075313993846e-07
4.4021476242050994e-08
0.0
0.08970563113689423
715.5157470703125
1423.1934814453125
3273.81201171875
4685.4619140625
5383.31884765625
7731.65576171875
11532.7978515625
17641.953125
20407.5703125
25068.673828125
27782.4453125
27773.583984375
28263.85546875
24805.8515625
19151.498046875
12086.435546875
6235.8046875
2999.615478515625
997.1082763671875
518.5774536132812
0.15996874868869781
0.20779794454574585
2.1289132234869612e-07
2.2818899547694116e-10
6.723882961523486e-08
1.4694366257117508e-07
3.01227231602752e-07
0.07291723787784576
257.7002868652344
1171.7374267578125
2528.71142578125
4960.55908203125
7675.9658203125
12929.0986328125
19699.662109375
24880.494140625
28518.853515625
29873.40625
30997.84375
30986.607421875
28282.3828125
24711.34375
18430.765625
11050.5263671875
7830.033203125
3852.671875
1286.574951171875
562.914306640625
267.4374694824219
0.0003072736144531518
2.068714266556526e-08
1.9182876087597833e-07
7.189883888258919e-08
2.716751623665914e-07
3.067304632509149e-08
3.250245868002821e-07
547.7713623046875
1635.3154296875
2295.35498046875
5325.29150390625
9406.9365234375
16038.5625
22646.736328125
26045.83203125
27675.810546875
28935.27734375
28366.87109375
27238.818359375
27086.15234375
27711.318359375
24034.025390625
18128.373046875
10717.24609375
6290.20458984375
2450.920654296875
597.3464965820312
345.6039733886719
0.00032210253993980587
1.0729353761007587e-07
2.9158198344703123e-07
1.7036997235209128e-07
2.789360564747767e-07
0.37891557812690735
40.881370544433594
667.955322265625
1299.3909912109375
2159.89111328125
4905.1005859375
9984.755859375
14307.419921875
18199.072265625
18576.615234375
20094.578125
19595.1640625
18551.966796875
19373.87890625
19904.3203125
22392.412109375
25773.08203125
24947.69921875
16933.935546875
8690.482421875
2913.5947265625
753.6626586914062
520.3983764648438
0.00030823706765659153
4.049638491210317e-08
8.120675687450785e-08
1.9682082097460807e-07
6.442837729991879e-08
0.45937252044677734
47.67927551269531
329.24517822265625
935.2052001953125
1708.943359375
5133.724609375
8231.1435546875
10165.6064453125
11022.53125
11777.6494140625
9302.0458984375
7186.08837890625
6753.63134765625
7622.37841796875
9334.076171875
16170.6572265625
23300.400390625
25798.677734375
24020.794921875
13189.6796875
4230.798828125
1141.8126220703125
400.67681884765625
0.0
2.0889056884243473e-07
1.7885737690903625e-07
2.574985273895436e-07
1.8913411281573644e-07
0.7331751585006714
262.2384948730469
788.7655029296875
1358.760009765625
2545.11279296875
5173.69775390625
7517.478515625
6443.8564453125
5455.54833984375
3259.364013671875
2639.2802734375
1539.3797607421875
1595.6483154296875
1970.715087890625
3888.021484375
9501.3203125
20081.376953125
27644.259765625
24243.94140625
17888.01953125
5203.31884765625
1719.5655517578125
354.6373596191406
19.199371337890625
2.300565853374792e-07
1.6276638703516255e-08
2.993851353494392e-07
1.664518691768535e-07
34.9551887512207
1272.3712158203125
2948.2626953125
4013.7890625
3890.306884765625
5724.53515625
6468.849609375
4238.02978515625
2590.18408203125
1612.6395263671875
799.109130859375
777.8580932617188
476.9248352050781
553.3739013671875
1729.6695556640625
8420.1484375
18721.654296875
28008.421875
25786.7421875
17185.15625
6085.93798828125
849.6243896484375
138.58447265625
20.393375396728516
2.563669738719909e-07
3.485904187527922e-07
1.6865638485796808e-07
6.922049522399902
10.603314399719238
2117.56494140625
3696.40087890625
5478.4189453125
6550.73583984375
9069.599609375
8072.77783203125
6424.94970703125
4161.4716796875
2139.1787109375
1033.091796875
505.66314697265625
495.4012145996094
1045.719482421875
3726.779052734375
11787.9033203125
22030.794921875
29779.25390625
25126.904296875
15167.3603515625
4707.27001953125
477.2872009277344
111.73800659179688
1.0136420726776123
6.037819133553057e-08
1.1419597001349757e-07
8.969383458179436e-08
4.988697052001953
228.28741455078125
2517.72216796875
4615.490234375
7676.75732421875
10970.9453125
12020.3681640625
11757.724609375
8280.802734375
4814.5673828125
2362.392578125
1735.871826171875
1867.3887939453125
2581.914794921875
5226.82958984375
11339.6865234375
20659.583984375
29879.154296875
28616.419921875
22911.11328125
11172.0234375
2871.382080078125
205.7231903076172
121.04566192626953
0.004168828949332237
3.96438082361783e-07
2.444398319312313e-07
2.5397082481504185e-07
3.8385801315307617
280.1494140625
2376.04150390625
4286.1064453125
8738.3134765625
15587.373046875
19373.556640625
20829.203125
17394.65625
12960.0146484375
9585.9873046875
8760.3212890625
9232.59765625
11089.0546875
17557.673828125
24633.220703125
31046.15625
30704.775390625
24351.978515625
14704.6044921875
5893.197265625
854.8787841796875
56.887535095214844
74.61141967773438
0.0009207960683852434
1.3518632613340742e-07
4.890870997087404e-08
1.799884330466739e-07
0.0
319.0619812011719
1111.198974609375
3942.052001953125
6702.21484375
15398.671875
23116.396484375
26395.27734375
26926.3359375
24501.005859375
21903.705078125
24008.810546875
25413.099609375
29430.310546875
31053.951171875
33139.34765625
30476.998046875
25001.63671875
17485.546875
6240.63134765625
1351.6116943359375
465.3059387207031
3.7391200065612793
0.6138774156570435
1.4144674764793308e-07
3.722275323525537e-07
3.057257060845586e-07
3.866170459332352e-07
1.9230515135859605e-07
6.212808132171631
911.8827514648438
2193.568359375
4707.5283203125
9339.7666015625
20066.341796875
26384.41796875
29942.306640625
31358.279296875
31370.712890625
31676.61328125
33098.953125
32739.083984375
31552.470703125
28309.677734375
21750.787109375
12614.7392578125
4748.85302734375
1380.833984375
434.0494079589844
109.3211669921875
5.226332187652588
3.7950883324811002e-06
4.2991111115497915e-08
7.024222536955449e-09
3.732036475412315e-07
8.211625157628077e-09
3.094512521784054e-07
0.11912304162979126
254.0130157470703
1372.083984375
2378.514892578125
3056.9638671875
5709.478515625
11310.02734375
17865.640625
21799.53125
23698.169921875
25189.099609375
24631.724609375
22660.36328125
17166.748046875
11109.5966796875
5398.4091796875
2339.9541015625
692.4778442382812
439.7701416015625
3.775954484939575
3.580300807952881
0.2426680028438568
0.21220363676548004
9.924510990799718e-09
5.758845844638927e-08
1.7452529732508992e-07
1.0995164956284498e-07
1.58042681164261e-07
0.0
0.0
0.005643692333251238
0.21069280803203583
327.27508544921875
462.197509765625
815.2837524414062
688.4959716796875
978.6829223632812
1199.157958984375
870.8493041992188
911.7713623046875
542.3175659179688
502.47064208984375
397.6170654296875
308.1850280761719
7.943832542878226e-07
6.266272407629003e-07
4.946292051499768e-07
2.2111844089067745e-07
3.1911565656628227e-07
2.4987116375996266e-07
2.1729050558860763e-07
8.904268611331645e-08
3.8681179148625233e-07
2.958778111405991e-07
4.766495464991749e-08
4.0422701630404845e-08
3.136470070330688e-07
3.078709767123655e-07
2.3731605836019298e-07
1.369818676266732e-07
5.6235236911561515e-08
3.33381763084617e-07
3.1537092581856996e-07
1.9463222145077452e-07
4.4871808313473593e-07
2.762259896371688e-07
2.391692248693289e-07
9.59428007263341e-07
9.376574894304213e-07
3.594833799525077e-07
3.9678556618127914e-07
8.370882937924762e-07
5.834669423165906e-07
7.646254971405142e-07
2.964796692594973e-07
2.1672485672752373e-07
6.492680881819979e-08
3.620532424974954e-07
3.948217113247665e-07
2.617877044031047e-07
2.7177501138453408e-08
6.186953616094115e-09
3.6305007711234794e-07
3.9675406071637553e-08
3.4217578104289714e-08
3.5989225466437347e-07
9.942228729187264e-08
2.946461279407231e-07
9.694249314406989e-08
3.98127980361096e-07
1.535931204443841e-07
2.9052063155177166e-07
3.054746855468693e-07
1.2153215322996402e-07
1.724741309772071e-07
3.5885683757896913e-08
1.2041208208302123e-07
1.4597135589156096e-07
4.002642981504323e-07
5.5864411763195676e-08
2.0660655764004332e-07
4.013271848180011e-07
2.7775777766692045e-07
6.577275968311369e-08
7.429110837620101e-08
1.960966642400308e-07
3.7972404243191704e-07
2.795084128592862e-07
2.520641544379032e-07
1.2433715390613997e-08
