4.699035827115949e-09
1.0427842589422198e-08
1.0127486405053787e-08
7.2701005215947134e-09
2.6481769666020227e-08
1.7056109413715603e-08
2.416886957234965e-08
9.63381485696857e-10
5.093411026280137e-09
9.898229791360791e-09
6.821890607966452e-09
1.7902392457358474e-08
9.963522451528206e-09
5.6710223184097686e-09
2.212911187626787e-09
1.427315421409503e-08
4.904831207852567e-09
1.6699007732157156e-09
2.198919446527725e-08
2.8851236066884667e-08
1.486193301758476e-08
1.1980096914498972e-08
2.4524009489823584e-08
2.9823457481370497e-08
7.246940825211823e-09
2.134494136996068e-09
3.203561149689449e-08
3.146734428582931e-08
1.5684031851037616e-08
1.842057173462308e-08
2.2781449615649763e-08
2.576292246203593e-08
1.5961441057754655e-09
1.5743607306717422e-08
2.0536704781193293e-08
1.5451618651241006e-08
2.694330447639004e-08
2.516623176518351e-08
1.6771185329389482e-08
2.57981458418044e-09
2.1514997783356193e-08
2.3541868898746543e-08
2.3302645146827672e-08
2.9060469586283943e-09
1.2789432624060737e-08
7.907837940024365e-09
2.6366008043510192e-08
2.8332653556617515e-08
1.4034086781578026e-08
1.7700717336310845e-08
5.2663060579050125e-09
9.976219850216239e-09
2.2189228232605274e-08
1.3393989028998021e-08
1.9122463612575302e-08
2.0118639199040445e-08
2.8583317046582124e-08
1.2713607056014098e-08
2.6941782138578674e-08
5.036254080437175e-09
5.567844518772347e-10
2.49304417110352e-08
1.7233640292602104e-08
2.2991471837485733e-08
2.37063773056434e-08
4.377974605063173e-08
3.305004270259815e-08
8.12671818728461e-10
5.250884616003759e-09
9.9961185995312e-09
1.9942584472687486e-08
1.6199726005083903e-08
1.9472921053420578e-08
8.121879169209478e-09
3.075979293498676e-08
1.2772622071111073e-08
3.1487214613434844e-08
2.2943961397459134e-08
1.2595675613624735e-08
1.9823165331445125e-08
3.0245999482758634e-08
5.674457792537169e-09
2.122993336683976e-08
2.4997964587214483e-08
1.6288936866004633e-09
2.85377801390041e-08
3.3683802413975172e-09
2.0686041324324833e-08
1.8863213213649033e-09
2.1356328261390445e-08
3.082167054913043e-08
2.842724455831558e-08
2.1528588689534445e-08
4.386303942283121e-08
3.9207073143643356e-08
1.500917079511055e-08
2.6370894801175382e-08
1.7690849674067977e-08
2.0848816006946436e-08
3.7692903021024904e-08
0.0023170229978859425
0.0021845540031790733
1.275038563619546e-08
1.4707495665788883e-08
1.9006176188440804e-08
1.347618461267075e-08
3.1275561696020304e-08
9.28402132949202e-10
2.0429354208317818e-08
2.5861005781280255e-08
2.357401385211233e-08
9.571908599070866e-09
2.3973532492505e-08
6.998357005016942e-09
1.736468568935834e-08
1.98900025338844e-08
2.594507542141855e-08
0.00046294950880110264
2.5908223122428353e-08
5.251472501299759e-08
209.3374481201172
392.3137512207031
540.0657958984375
201.28819274902344
119.52783966064453
213.57884216308594
85.39149475097656
138.03402709960938
547.3573608398438
1033.677001953125
647.7393798828125
288.63482666015625
17.683679580688477
3.063975384520745e-08
3.953411109591798e-08
7.773608423633505e-09
1.1615625794547668e-08
2.4587738067793907e-08
1.5870989855670814e-08
1.0767003288947308e-08
3.0986274879296616e-08
1.3666483944518859e-08
1.3037281476613316e-08
2.6418190302024414e-08
96.22457885742188
475.4422912597656
168.28448486328125
1099.0347900390625
2983.5126953125
3449.763671875
3202.202392578125
1920.3656005859375
2267.673828125
2323.203369140625
2519.930908203125
3071.481689453125
4115.57470703125
5896.7177734375
3559.837646484375
2032.6510009765625
847.4567260742188
2.1362287998199463
5.280799086904153e-06
5.976458794521022e-08
2.5824686389341878e-08
3.2510052427880964e-09
1.675347860441434e-08
2.0764414188079172e-08
2.2713688707654e-09
1.778517244588329e-08
2.7653141998484898e-08
1.3488174133158282e-08
316.8037414550781
466.62115478515625
1313.9774169921875
3143.505615234375
6493.033203125
9731.8359375
12460.1318359375
12665.1904296875
13732.6669921875
14969.1748046875
15864.037109375
15738.11328125
14981.7138671875
14250.830078125
8837.89453125
3706.167724609375
1369.86279296875
63.72149658203125
12.579822540283203
27.63442611694336
0.12176650762557983
2.40301094578399e-08
2.1634674496340267e-08
3.798303449542573e-09
1.9622644842343107e-08
2.1717088571904242e-08
3.1231930819330955e-08
42.47604751586914
339.1417541503906
1107.94775390625
3687.99365234375
6235.10595703125
11847.681640625
18528.009765625
24390.205078125
26793.05859375
27591.43359375
27044.919921875
26132.009765625
26806.767578125
25733.98828125
23099.314453125
17124.62890625
8761.8642578125
3069.626708984375
1065.405029296875
239.33570861816406
99.28622436523438
0.2427535057067871
0.11943167448043823
2.8079007563519554e-08
1.0498109936918354e-08
3.146396920783445e-08
2.092580686507972e-08
0.07706577330827713
33.130062103271484
185.01504516601562
1768.9322509765625
5109.9130859375
11783.75390625
20267.328125
29744.408203125
30739.384765625
30125.482421875
26975.70703125
24985.55078125
22919.974609375
25678.779296875
30157.51953125
31119.990234375
23805.826171875
13462.142578125
5529.4033203125
1677.1868896484375
932.5445556640625
536.4940185546875
198.8348388671875
56.28935241699219
3.923895652846454e-10
2.5027093286666968e-08
7.561217429952194e-09
2.539938570578215e-08
0.09919566661119461
44.81869888305664
249.18304443359375
2259.657958984375
6993.64111328125
15985.919921875
28901.041015625
34374.73828125
32063.787109375
23334.912109375
17505.310546875
15100.8525390625
15685.314453125
21042.96484375
29817.103515625
33164.83984375
28373.16796875
16258.4306640625
6666.310546875
1732.03076171875
876.5000610351562
441.7361145019531
153.97364807128906
77.26834106445312
3.155214756134228e-08
2.4678257659616065e-08
2.5510910717230217e-08
3.9786741012903803e-08
0.05108747258782387
55.61820602416992
966.544189453125
3237.716796875
10215.9794921875
22764.94921875
33661.2734375
32924.3515625
24467.091796875
14575.4580078125
9227.197265625
7499.16357421875
8545.96875
17004.21875
27672.146484375
34281.6640625
30970.10546875
20683.71875
7634.51611328125
1908.908447265625
979.4403686523438
375.4217834472656
98.30765533447266
88.17924499511719
0.005771041847765446
1.8344094021571777e-09
1.6250803369644018e-08
5.595493846044519e-08
0.06610170751810074
58.658084869384766
1268.389892578125
4533.73828125
13541.544921875
27410.0
33291.6328125
29756.642578125
18433.001953125
9424.5537109375
5550.58740234375
5921.6748046875
7167.1103515625
18297.09375
29036.869140625
34930.58984375
30585.853515625
21388.0625
7305.8427734375
1953.248291015625
873.9943237304688
291.19622802734375
0.0376790389418602
45.776790618896484
0.016045065596699715
2.216216365980017e-08
2.8115877626078145e-08
2.7370822053285337e-08
0.06271421909332275
72.23294830322266
1595.650634765625
5192.427734375
14908.322265625
28830.29296875
33525.4140625
29425.099609375
16488.150390625
8023.0673828125
7459.2431640625
7883.20654296875
11528.9736328125
21030.896484375
31623.4921875
36211.109375
31314.1328125
20861.9921875
7856.4560546875
2680.750244140625
642.0015869140625
0.0
0.05620187520980835
0.00034450681414455175
0.0003517580043990165
7.790635692117576e-09
2.4412372567894636e-08
2.6131500518999928e-08
0.012763439677655697
47.18471908569336
1503.0140380859375
5526.56982421875
15205.2822265625
29034.587890625
34694.95703125
30682.875
21853.232421875
15781.138671875
13798.79296875
14425.3115234375
19713.791015625
26872.1953125
34365.4296875
36931.50390625
32384.560546875
20746.29296875
8695.8154296875
4794.53857421875
2298.634033203125
451.10455322265625
569.5774536132812
0.0028343526646494865
5.288331994535156e-09
9.5270236144529e-09
2.894351780469151e-08
5.966113381106197e-09
3.1022356239418514e-08
25.183319091796875
1382.049560546875
4941.05078125
14973.36328125
25333.818359375
35348.80078125
35460.609375
31365.396484375
27271.970703125
27864.37890625
26893.666015625
30670.13671875
33053.515625
37261.5234375
38430.578125
32836.2265625
22927.482421875
9383.5048828125
4981.6162109375
2913.14892578125
1927.58984375
506.5451965332031
0.01110831554979086
2.9064310069770727e-08
2.5215573629111532e-08
8.710314136628483e-10
1.6181513018409532e-08
1.965323370711758e-08
0.0007528155110776424
976.1449584960938
4133.69921875
11910.2587890625
20950.5078125
29118.29296875
34838.3125
35630.765625
35406.24609375
33576.9375
32334.677734375
33070.01953125
34200.65625
37673.35546875
37559.5859375
34670.86328125
22169.978515625
9782.181640625
4578.66455078125
3870.505615234375
2852.69921875
1691.9444580078125
381.8968811035156
9.475805917702473e-09
2.129434628628246e-09
2.0356926810904952e-08
1.9582229171533072e-08
1.6149844128676705e-08
0.0
286.7984619140625
2849.496826171875
7546.95458984375
13068.3974609375
19870.013671875
25738.63671875
29867.861328125
29756.28515625
29120.7734375
27880.091796875
26871.111328125
28275.90234375
35581.47265625
39274.27734375
33850.0390625
19305.982421875
7621.17041015625
3918.755126953125
2532.85400390625
1953.1947021484375
1180.979736328125
151.70965576171875
3.205128606964536e-08
2.0100028308434048e-08
3.008519300351509e-08
1.574068209109214e-09
8.904191162173447e-09
1.754970391232291e-08
49.63176727294922
1638.534423828125
3389.57861328125
7152.35595703125
10363.177734375
12718.5986328125
15056.509765625
15808.4248046875
16313.140625
14821.0244140625
13687.2646484375
19111.841796875
31995.517578125
38981.0703125
34424.26953125
19274.609375
6313.99169921875
2703.22998046875
2245.4208984375
992.9331665039062
112.27766418457031
1.187850832939148
2.0669689959618154e-08
2.3647865887710395e-08
2.4777252249919002e-08
5.49413670114518e-09
1.6790750123618636e-08
1.666699134261762e-08
64.46731567382812
838.60986328125
1552.39453125
2747.46142578125
3990.9892578125
5289.22119140625
6338.634765625
6222.2548828125
5511.3896484375
5286.74072265625
5291.83544921875
12365.556640625
31044.958984375
38149.8203125
35044.26171875
16817.337890625
5084.73291015625
1308.0914306640625
1044.1881103515625
613.0458984375
99.34447479248047
1.2419089078903198
2.4157658117474057e-05
4.8529260610052916e-09
4.6878514403658755e-09
1.435716545650223e-09
1.3425111689002733e-08
2.1378367520696884e-08
4.001437403644559e-08
128.10546875
329.4385681152344
635.3380737304688
1498.3419189453125
1980.440673828125
2367.6005859375
1677.4901123046875
1431.07958984375
1907.496337890625
3104.896484375
12058.0234375
30637.40625
38383.59765625
33072.91796875
15911.7509765625
3727.379150390625
1126.3746337890625
703.3724975585938
543.896484375
2.1387714710385808e-08
1.53683340549469
2.548025079818217e-08
1.8398706558286904e-08
2.391791653622022e-08
1.5888334203850718e-08
1.1163253432755482e-08
2.6424107346656456e-08
2.2550857181613537e-08
99.45582580566406
100.00723266601562
383.1617736816406
551.373779296875
811.5013427734375
1396.16259765625
1073.677734375
922.0399169921875
1099.0361328125
2393.662841796875
11400.294921875
30628.603515625
38331.5546875
32799.47265625
16525.830078125
4170.22412109375
865.680908203125
650.67333984375
531.4496459960938
0.0
1.6063523292541504
2.3175305230438425e-08
1.1989384596233776e-08
7.059797635378118e-09
9.547630241968363e-09
1.8776958654598275e-08
8.417671779170632e-06
2.176560798261562e-08
10.20640754699707
14.818249702453613
143.22177124023438
129.3658447265625
164.72352600097656
468.49224853515625
708.6954956054688
702.1925659179688
850.4375
2530.065673828125
12201.009765625
30521.85546875
38600.4765625
33396.54296875
16892.974609375
5287.7666015625
858.264404296875
637.443115234375
132.28472900390625
7.212722419325246e-09
1.0641226768493652
1.5513530016164623e-08
2.5289994098898205e-08
1.8362149134532046e-08
6.6296519385389274e-09
1.5675563957984195e-08
1.1883969364134828e-08
3.12461345686188e-08
4.35036042745196e-08
15.866373062133789
64.29290771484375
115.053955078125
79.5136489868164
107.80641174316406
143.66847229003906
372.47076416015625
895.5714111328125
3752.320556640625
11887.15625
29288.62109375
38368.6875
33883.34765625
17811.6328125
6546.39013671875
1258.58740234375
544.0846557617188
183.3821563720703
1.8121056655218126e-08
1.076338768005371
3.129565229187392e-08
1.4890405353185088e-08
4.129893316218158e-09
1.4388658264863352e-08
1.9084566815763537e-08
2.12430233403893e-08
1.475631794534138e-08
1.8995433492818847e-06
31.699249267578125
69.20854187011719
49.505313873291016
51.045169830322266
97.2890625
145.8797607421875
501.0361022949219
757.2271118164062
3712.215576171875
11285.78515625
27501.94140625
36228.30859375
32886.61328125
19778.474609375
7315.8994140625
1071.9603271484375
274.314453125
235.46734619140625
3.166194417758561e-08
1.593051552772522
2.8312989286405355e-08
3.01609226482924e-09
4.5237777968054615e-09
1.7803456486831237e-08
2.326705494937187e-09
4.78143169502232e-09
2.4586321867303695e-09
1.4839639561614604e-06
49.05171203613281
29.84881019592285
29.50359344482422
26.13861083984375
48.823360443115234
126.40235137939453
373.8738098144531
866.5928344726562
2765.74365234375
9806.2001953125
22568.33984375
32868.09765625
29022.29296875
17125.869140625
6098.75390625
972.7232666015625
216.06178283691406
148.870361328125
2.4808283427546485e-08
1.255868673324585
2.7555111969945756e-08
2.4995388869797353e-08
1.4172635509623888e-08
2.6276051556806124e-08
7.628130127557142e-09
3.805203707685223e-09
1.2271716975931213e-08
2.166386714463897e-08
0.6744426488876343
0.4279073476791382
9.294290542602539
6.383177280426025
29.442790985107422
34.08916473388672
77.12255859375
677.9157104492188
1730.047607421875
6449.36083984375
13675.296875
20904.283203125
19358.61328125
9711.033203125
3835.13525390625
56.947086334228516
65.98828887939453
148.8282470703125
1.3969631007526573e-09
0.9317540526390076
7.309245209086157e-09
1.2837049478964246e-10
6.4518115294731615e-09
2.8627809456338582e-08
1.925817727510548e-08
1.9817695928736612e-08
2.3317765496244647e-08
1.988108522255061e-08
3.8524343715096165e-09
2.335007387443966e-08
5.81777692687524e-09
8.666490636244362e-09
1.153338828885353e-07
1.3116566321969003e-07
0.16190876066684723
440.3038330078125
646.1341552734375
1930.654296875
3392.007080078125
5855.63916015625
5962.19384765625
2655.797119140625
1253.321533203125
466.4632263183594
200.0616912841797
115.52529907226562
1.4148553439952138e-08
2.3433138096606854e-08
4.039602430339073e-09
1.3998983305896218e-08
3.227202505229343e-09
1.4416879245970904e-08
1.5713389700522384e-08
2.4377282414889123e-08
1.8459035189266615e-08
1.09894022770618e-08
7.196751639071408e-09
1.6484142051353956e-08
2.2674576882764086e-08
1.2206437638440093e-08
2.932601006477853e-08
3.6075746834285383e-09
2.657120923288403e-08
1.5975395228906564e-08
6.284420013427734
5.729568958282471
0.6366428732872009
0.6185547709465027
178.8459014892578
142.88446044921875
146.4266357421875
1.0180706055962219e-08
2.6532209318474997e-08
1.2639993052232512e-08
2.4362799777577493e-08
1.7034547994398963e-08
8.237660331644747e-09
1.184542863796878e-08
