6.769400040518292e-10
7.189439044097412e-10
1.2331672349930045e-09
1.1140828259925684e-09
1.688389844600735e-10
1.200838761761247e-09
1.1491967377708079e-09
6.631908217036298e-11
1.0200644773306067e-09
2.2773970209666317e-10
4.934940234235796e-10
1.1734621052639227e-09
5.328545382710104e-10
1.06643671671236e-09
5.474460329502051e-10
1.6071527442207412e-10
7.193411977191033e-10
4.200285952382643e-10
1.0267612315928432e-09
9.344168494518357e-11
1.1773884089905096e-09
3.751585708755556e-10
2.892555639455452e-10
2.1900325997137315e-10
8.36450686492185e-10
7.778457877805067e-10
1.0028593511179906e-09
2.1966441166032524e-10
1.7217835490690447e-10
7.061672913089012e-10
3.6524498703283115e-11
6.150179254760246e-10
5.505966793606376e-10
9.946622414602757e-10
1.8010674895929668e-10
6.991744405659972e-10
5.786110479633066e-10
1.2264490534263928e-09
1.485132850032045e-10
6.378780281757201e-10
6.236880456533811e-10
3.7548511522267347e-10
1.8264288692559916e-10
5.663096658281574e-10
82.85065460205078
186.5535888671875
167.18263244628906
488.99261474609375
385.18841552734375
7.236312660197086e-10
4.2747133610632204e-10
7.406118496255942e-10
1.0037037867505205e-09
2.316343505892604e-10
5.722509133221365e-10
1.0574034980948e-09
4.3052097997708927e-10
1.2549898620317634e-10
4.4477053984248727e-11
7.101589316604873e-10
2.5574242723536145e-10
1.6424875259399414
2.7066869735717773
6.468472424359106e-10
5.289908511230124e-10
6.689590463793138e-06
9.634323339113848e-10
8.119508398962694e-10
490.7444152832031
618.0776977539062
2068.57275390625
3590.71630859375
6017.78759765625
8431.51953125
9735.8076171875
8068.37060546875
5986.27978515625
2615.152587890625
1177.3072509765625
366.63714599609375
6.44279130046499e-10
8.874432300132185e-10
4.909365136640531e-10
8.693131769987872e-10
1.8718507299730902e-10
7.212805908096698e-10
2.7049795736644455e-10
9.62458779341091e-10
2.560515688365683e-10
0.16772915422916412
0.0
18.601423263549805
10.534493446350098
5.532608985900879
0.18781517446041107
13.349251747131348
677.1825561523438
2627.023193359375
6177.75146484375
13647.734375
21220.673828125
23663.341796875
20274.65234375
14443.341796875
7978.107421875
2829.230712890625
1604.7286376953125
500.3291015625
132.77481079101562
0.0
7.127413104157654e-10
8.77141081989663e-10
2.1838403307938847e-10
2.557313250051152e-10
0.0
5.629280930286029e-10
7.443108351878891e-10
4.955912902282478e-10
44.51563262939453
96.5186996459961
0.741908609867096
2.052257776260376
0.38540729880332947
381.4032897949219
1308.572021484375
5060.91259765625
11966.0732421875
23166.4765625
29157.51953125
30891.392578125
23544.2109375
12027.521484375
5504.92529296875
2341.232666015625
1086.6424560546875
481.1449279785156
85.24054718017578
81.08330535888672
1.1168448388332308e-09
6.998263080149059e-10
2.8821339759232956e-10
8.001572182614325e-10
42.20054244995117
3.602645126665749e-10
1.1257154097776834e-09
9.94808292388916
2.412158250808716
0.0004545068950392306
1.339195728302002
23.75731086730957
26.874338150024414
1059.0506591796875
2697.26708984375
9610.8798828125
22396.994140625
31453.3671875
33627.42578125
28342.96484375
18767.541015625
9969.6806640625
4585.6328125
1012.0463256835938
469.235107421875
119.23139953613281
99.09054565429688
121.00070190429688
1.2073246846711072e-09
5.321252327661341e-10
7.582660610516712e-10
2.9890795394393876e-10
11.73837947845459
6.037945837755743e-11
0.002103440696373582
0.8718336224555969
0.0009268588037230074
2.56890606880188
1.446170449256897
28.987586975097656
392.2141418457031
1924.253173828125
8181.0595703125
20776.029296875
29690.212890625
34999.2109375
30866.623046875
20808.39453125
10993.4833984375
5587.734375
2395.67041015625
357.84320068359375
160.03134155273438
99.0353775024414
77.20050048828125
125.971923828125
8.640484439048635e-10
4.399756114992215e-10
1.551878903160997e-10
5.45708589427818e-10
8.250215788319082e-11
6.877286518047754e-10
38.74883270263672
5.548567161284268e-10
25.767629623413086
180.71900939941406
134.25588989257812
266.5459289550781
1095.7972412109375
5426.283203125
16440.1015625
28819.462890625
35292.00390625
34009.48828125
23481.134765625
12586.9765625
5850.70361328125
1834.9627685546875
1128.1322021484375
237.40451049804688
100.4341049194336
0.3188864290714264
0.0
0.06882552802562714
9.056664307394158e-10
7.953586123043976e-10
7.587023231891976e-10
1.419417361425701e-10
2.9888874708561275e-10
1.4317801111385364e-10
9.764741237816565e-10
62.587310791015625
107.34403991699219
172.7010955810547
162.38670349121094
445.5691223144531
3078.82861328125
12359.77734375
25987.935546875
34551.27734375
34974.046875
26129.625
14091.7783203125
5915.07666015625
2611.038818359375
1344.4510498046875
360.2940979003906
45.0946044921875
5.0108068805343464e-09
3.2277127637314607e-09
1.3717496027965126e-09
0.0432291254401207
1.0781930903647208e-09
1.0844385806008106e-10
1.186385434337467e-09
6.496272964007233e-10
3.4302474749559053e-10
1.070711075357167e-09
135.58224487304688
124.33406066894531
177.61334228515625
177.0160369873047
229.4593505859375
2143.73291015625
6909.84619140625
21002.11328125
32747.609375
35927.58203125
31068.875
16533.857421875
6358.712890625
1848.796142578125
1932.559326171875
796.118896484375
235.5863037109375
100.41410827636719
9.216310501098633
2.9403605461120605
0.07137930393218994
0.06482850015163422
4.436915834737931e-10
1.0378792270060444e-09
1.2312887376353387e-09
8.268902229602304e-10
1.1238320274387092e-09
9.28131849153857e-10
109.43962097167969
137.67237854003906
138.2039031982422
191.14120483398438
588.4769897460938
4076.099609375
15929.1259765625
28675.8515625
35780.48046875
33179.1484375
22055.068359375
8937.2646484375
4407.53125
2669.539306640625
2434.78466796875
2249.964599609375
886.3411865234375
865.7112426757812
372.734375
141.44358825683594
160.23565673828125
65.8560562133789
25.442766189575195
5.887499932022422e-10
6.681807190878075e-11
1.0556273633000046e-09
1.1799379251442588e-09
3.8319111772544545e-10
126.03541564941406
172.75193786621094
149.3433380126953
534.9342041015625
2043.1739501953125
9355.390625
24206.0703125
34112.375
36321.4296875
26908.12109375
14568.52734375
5472.544921875
5376.86767578125
6155.4970703125
6151.6748046875
5873.61767578125
3001.671875
1569.7093505859375
1347.8648681640625
693.7784423828125
126.1010513305664
93.39710235595703
132.4800567626953
5.143701020671188e-10
1.0001569017425993e-10
1.6733059382545434e-10
4.1503925296559885e-11
5.520900403510609e-10
139.2907257080078
182.83316040039062
237.25863647460938
1464.806884765625
4885.28857421875
17085.1640625
31349.783203125
36502.22265625
31828.435546875
20593.98046875
11746.9873046875
9279.060546875
11375.6181640625
13723.30078125
14505.2890625
12323.15625
9983.4677734375
4427.1552734375
2202.67578125
993.263671875
585.490966796875
114.04481506347656
108.46551513671875
1.0948579820535542e-09
2.489033146257924e-10
4.864980085450554e-10
1.0157461538540247e-09
8.774007076439716e-10
2.8206028938293457
8.62369155883789
617.5852661132812
1452.3468017578125
8787.2421875
23817.951171875
35974.05859375
35376.22265625
26900.939453125
16955.873046875
14632.71484375
18986.0390625
23486.501953125
26198.328125
26970.875
24091.513671875
17576.67578125
9537.8779296875
2968.295654296875
1583.0950927734375
725.6574096679688
139.2725067138672
139.2725067138672
6.483424352943246e-10
2.5341279075163925e-10
1.1245790965119795e-09
9.647297405379618e-10
6.390843965142778e-10
1.5676558017730713
288.34552001953125
927.7395629882812
3303.5185546875
13311.04296875
28908.123046875
35488.0234375
32703.83984375
22371.236328125
19365.97265625
24625.640625
28668.974609375
31071.453125
31017.435546875
30139.236328125
29680.765625
25383.41796875
14816.1826171875
5333.29052734375
1969.029541015625
669.3564453125
10.875658988952637
8.217591052073203e-10
4.156819055634031e-10
5.4853865893989e-10
2.270677534887966e-10
4.4371703533663265e-10
3.5493369354711035e-10
27.385438919067383
375.5827331542969
1286.4871826171875
6059.35693359375
18721.0703125
32819.28515625
33899.296875
27569.197265625
23115.052734375
25327.3125
29220.734375
31046.9453125
29798.154296875
30187.232421875
31485.04296875
30967.1171875
27021.0078125
16383.373046875
7185.74072265625
2326.1923828125
269.6949768066406
0.000653426512144506
1.0799182659226858e-09
3.6875880127240634e-10
1.2321195175246658e-09
1.124787818440609e-09
5.692208926433295e-10
3.7377290151852094e-10
27.137659072875977
354.0509033203125
1749.582763671875
8779.1982421875
21899.802734375
33859.13671875
33149.8125
27352.666015625
25463.599609375
29057.0703125
29959.482421875
25331.77734375
21310.857421875
21156.59375
27240.5
31074.447265625
27038.26953125
16144.822265625
7010.5927734375
1674.7381591796875
84.78205871582031
1.0081212531432016e-09
7.256369394248452e-10
9.44492706267397e-10
2.2337369801062046e-11
1.100334934278635e-09
3.676700610633077e-11
2.0417592525482178
0.0
692.64453125
2478.642822265625
11935.2236328125
24107.880859375
32519.326171875
31577.61328125
29140.759765625
27875.525390625
27442.25
23063.25
18588.53515625
17894.92578125
24482.048828125
30250.00390625
33244.16796875
24965.21484375
13587.3662109375
4616.7451171875
911.0892944335938
63.0732536315918
0.046779949218034744
6.619495507287354e-10
1.0576853837207523e-09
4.002219944343466e-10
8.232809434183253e-10
8.772454429539778e-10
4.776993751525879
9.860360306035432e-10
815.0995483398438
3855.336669921875
11608.2724609375
25505.310546875
31412.46875
35069.33984375
31961.7578125
28651.09375
26751.888671875
23569.623046875
22868.82421875
26026.265625
29620.888671875
34747.6875
30921.171875
20561.9375
9525.2255859375
2939.3544921875
450.3236083984375
125.62178802490234
0.0
3.464724618318371e-10
1.2529669524141696e-09
1.0794711478856467e-11
4.453321045261305e-10
2.194233267305279e-10
7.088926112785998e-10
8.7413330078125
920.07568359375
3031.849853515625
9471.654296875
21690.294921875
31300.544921875
36131.75
35922.9921875
34347.89453125
31180.314453125
29524.1015625
30928.72265625
32563.09765625
34239.3984375
32440.09375
21276.529296875
12793.8369140625
4478.81298828125
1272.3182373046875
486.06683349609375
75.9980697631836
1.8314957883625027e-10
3.3237834706767444e-10
1.1478898942485216e-09
2.2278912048534494e-10
1.2333402077402411e-09
2.2759935602856274e-10
1.1811807087980242e-09
11.675727844238281
750.736572265625
1803.198974609375
5894.2763671875
14786.345703125
26749.16015625
34209.9375
36170.421875
36125.640625
35721.1875
36374.44140625
34611.92578125
32603.86328125
30184.0546875
21872.876953125
11655.388671875
5077.4931640625
1817.333251953125
654.9168090820312
299.7337341308594
7.86995690837955e-10
1.141383210168101e-09
5.230947341949843e-10
4.116792740038733e-10
8.807228280005575e-10
1.2029505169763866e-10
4.0544775870010596e-10
2.927645625927511e-10
14.26760482788086
163.66064453125
921.94482421875
1772.5177001953125
6864.5009765625
17712.86328125
28254.625
32977.3359375
34207.0546875
33215.34375
32409.646484375
28465.23046875
21605.2578125
15675.1455078125
9751.6953125
4755.62353515625
1736.6143798828125
742.984375
389.48187255859375
249.80043029785156
5.427012728098646e-10
1.051860265555149e-09
1.0399069383382198e-09
5.344416575958633e-10
1.0386216331426112e-09
7.723871542353322e-10
1.0134083572310715e-09
4.632784711411375e-10
5.197218766461731e-10
0.0008352210279554129
0.015198464505374432
54.557247161865234
884.8973388671875
3184.706298828125
8422.67578125
11814.6865234375
15963.3896484375
16590.08203125
14697.984375
11998.6806640625
8715.0947265625
4888.1650390625
2326.208984375
904.28369140625
493.700927734375
351.56536865234375
100.5600357055664
2.1743833122922496e-10
3.257500658104817e-10
3.9236106030848816e-10
2.453044434247431e-10
7.498218712598259e-10
7.539936452971574e-10
5.530949032106491e-10
4.2363698660174975e-10
1.0705393238552574e-09
1.192428933372014e-09
1.1560465917881402e-09
1.355475953701557e-09
0.018999533727765083
1.6688573360443115
301.3682556152344
496.1671142578125
775.0111694335938
953.5940551757812
828.2575073242188
1202.7174072265625
972.929443359375
1003.0757446289062
645.7742309570312
372.7652282714844
20.05626106262207
12.395967483520508
1.2421992601208132e-10
3.6823388782636357e-10
1.4663398273384587e-10
1.056116638586957e-09
1.2252105996424234e-09
4.6268164299867465e-10
6.182168665880283e-10
5.511618939024743e-10
6.350245884689798e-10
4.576868328776129e-10
5.018392923439308e-10
6.640515914924094e-10
1.1754244244599477e-09
1.0994500865280088e-09
5.484896425933528e-10
1.8655756939267576e-09
1.7622515668946903e-09
0.030484722927212715
0.03866506367921829
0.022583618760108948
1.5620946669514524e-07
1.1949911282727044e-08
0.21405410766601562
0.5807995200157166
4.138709375212102e-09
1.8907342358431833e-09
1.98491600933437e-09
3.7334701996627473e-10
1.225571755192334e-09
1.2477638922092638e-09
4.45373155022466e-10
9.687118884826873e-10
1.198935728474737e-09
7.235638754821139e-10
2.3150160954887866e-10
8.036210030759605e-10
8.155441322266199e-10
8.733937462146457e-10
2.671610987992068e-10
4.170875311793054e-10
1.4135198567188922e-10
2.385253661252307e-10
1.2362807444432633e-09
3.098658829525647e-11
5.126362667695616e-10
2.1973682595710642e-10
1.1286916956620985e-09
1.1900397334230206e-09
4.60943949676107e-09
5.3742912342613636e-09
1.0748032464036328e-09
2.4118596009259363e-11
5.111520096079403e-10
6.600970881009971e-10
1.0053651244845696e-09
1.555242601369855e-10
5.065134422999051e-10
7.954392144959854e-10
9.41268285536978e-10
1.137073768475716e-09
1.0115069892790984e-09
8.92690643627958e-10
7.102629595578946e-10
6.471984614897508e-10
6.940532593091575e-10
1.072268940305321e-09
1.6493169330278334e-10
5.70171077018955e-10
4.577541401484808e-10
5.592856733294127e-10
3.4174563179334427e-10
7.871486795707483e-10
9.201848727435902e-10
8.195457090742764e-10
9.605685136193642e-10
5.59422563828349e-10
1.1227727636509144e-09
1.1207680339353487e-09
3.307831508703174e-10
4.5325349029567974e-10
8.767008646826113e-11
1.0300799102580527e-09
2.7742633190719346e-10
2.51036219589551e-10
1.1829135448948591e-09
1.064805132955371e-09
3.125390224401059e-10
4.2125283816751846e-10
5.94212290483398e-10
7.813004687662328e-10
1.0013173623590887e-09
1.5649630202840825e-10
1.0964207319830166e-09
1.065505572661607e-09
3.402764459092822e-10
1.6794937662822917e-10
2.5791241364814255e-10
8.212721058775685e-10
8.710545618129117e-10
7.655332617817479e-11
1.096766011343675e-09
1.5592847846246372e-10
7.810359026194647e-10
1.2629891577020658e-09
3.703742867955384e-11
5.61428570300393e-10
4.821325561010781e-10
9.61194235316043e-10
4.412473997295052e-10
1.422963552544232e-10
9.240040399483007e-10
4.61953447716823e-10
6.514669914636784e-10
1.7485533854166846e-10
9.832151759425756e-10
6.126344431756081e-10
1.8256655909265618e-10
1.007167904631956e-09
8.358662650920223e-10
