5.131439717587227e-10
8.47716008500754e-10
3.702457673782078e-09
1.8564514370211782e-09
4.2144470135951906e-09
4.262153741052543e-09
2.045046576526488e-09
1.05877318024028e-09
1.9029451348018256e-09
5.626837329408829e-10
6.634004456884668e-10
3.4800204939955393e-09
1.5301970801573361e-09
8.055760225555986e-11
2.35524844072188e-09
1.5841682410311364e-09
1.0632236202567924e-09
5.724117846384047e-10
2.088093697949489e-09
3.315420382676848e-09
6.311038358575161e-10
4.484464355414275e-09
3.560975403438249e-10
4.144466991817808e-09
3.1686075985248863e-09
2.486093331199868e-09
1.1418018752706871e-09
3.991890817900412e-09
4.5841752616127e-09
2.0010722245888957e-10
3.8946348368540384e-09
8.044116484029473e-10
3.6705838368789045e-09
9.53047751828251e-10
4.143403398160217e-09
3.332036868641808e-09
1.946482530712501e-09
4.328890579330391e-10
2.9859070771465213e-10
4.272341147526504e-09
4.569637557239048e-09
1.2287778572428465e-09
2.6481774551001536e-09
2.7213766795597394e-09
3.8297618409899314e-09
2.9907043508359266e-09
1.208074751346544e-09
2.1670971683818152e-09
2.2663613208351308e-09
3.814978555283233e-09
3.020294236932841e-09
1.0695114793790594e-09
3.312914831354874e-09
2.608940563586515e-10
4.560744226722591e-09
1.602672106137959e-09
1.7711808686371455e-09
3.379858171115302e-09
1.9061436873357707e-09
3.619238908569855e-09
3.4698302009417148e-09
1.0893254076549397e-09
3.2924152293389852e-09
4.221507143853387e-09
1.2366451196399453e-09
1.239131131036686e-09
1.0807316153105262e-09
4.349437254802524e-09
4.530517072609541e-10
3.81217368783382e-09
8.414619001584356e-10
1.4236832823755208e-09
3.674396786834677e-09
4.343034376574906e-09
2.7293856064147803e-09
2.889952943618823e-09
2.147502620175601e-09
1.525973791771662e-09
4.525785080033984e-09
4.361506267258619e-09
1.2110804581411116e-09
3.155386840703045e-09
2.631003859221437e-09
1.1108567538054004e-10
3.2947811146044614e-09
4.858731750267964e-10
1.4586937213678652e-09
2.6092825122780994e-10
2.065376536464214e-09
3.6247886914253513e-09
2.3582846786496248e-09
3.071330079151835e-09
1.042937736173144e-09
1.047078646010391e-09
3.577439455781928e-10
1.3220053940443677e-09
5.640245492877227e-10
3.4469362919509194e-09
4.3757069079219946e-09
8.994342493018337e-10
3.4343361487998436e-09
4.214230298060784e-09
2.1218060641814418e-10
3.2625555590470867e-09
1.7110201033787575e-09
2.050976499745616e-09
1.9040138354853298e-09
2.0247246101945393e-09
2.8122930650908984e-09
1.779236341592494e-10
4.120519925265853e-09
4.3259453796906655e-09
8.482864966019577e-10
1.2294093520992533e-09
4.449962620611814e-09
2.5907271883340854e-09
9.528399180780411e-10
7.747550379022528e-10
5.653539303374089e-10
3.215659682975769e-11
3.4938574255960475e-10
9.075066031982715e-09
9.973713410715845e-09
8.711393384430721e-09
2.060524861846602e-09
1.4360008737668295e-09
6.609688352199328e-09
3.808794168946861e-09
3.83693299355059e-09
5.278845804923549e-09
3.664365033628769e-09
7.543968116863198e-09
119.44810485839844
151.5370330810547
105.64915466308594
45.60132598876953
3.23257243195485e-09
4.156995636606098e-09
1.751573774910753e-09
1.653556291891789e-09
1.8202213347695562e-10
1.8573199644933425e-09
1.496056611927088e-09
3.6123783964114864e-09
2.558352196757596e-09
255.7683563232422
388.7583312988281
543.6233520507812
657.7142944335938
558.8836669921875
314.4718322753906
344.0173645019531
176.2478790283203
172.06541442871094
135.1500701904297
41.14725112915039
0.0036590874660760164
0.005154831800609827
0.0
138.779052734375
203.8742218017578
196.06210327148438
194.83998107910156
101.92607879638672
2.964964274099202e-09
1.0886070933580072e-09
3.547802274184164e-09
3.033857387535477e-09
3.910292534214932e-09
2.8876943058975257e-09
446.2933044433594
47.398040771484375
21.732711791992188
420.6922912597656
1174.984375
1445.54296875
2468.459228515625
3019.284423828125
3547.724609375
2820.77294921875
2540.70703125
2456.24267578125
1777.05078125
1568.8721923828125
1558.826416015625
1297.441162109375
1358.9041748046875
1635.9088134765625
1493.366455078125
383.57879638671875
226.23414611816406
116.37350463867188
2.271629329086977e-09
5.624681831406519e-10
3.0480966639601093e-09
4.418865717781273e-09
2.625502926179024e-09
3.670962978041814e-10
618.7532958984375
1655.03271484375
2129.240966796875
3823.003173828125
7236.2177734375
10274.212890625
13082.4365234375
13932.5244140625
13651.3876953125
16134.349609375
17052.0078125
17385.79296875
17472.912109375
16750.583984375
18537.162109375
17722.02734375
18620.509765625
16672.5078125
13303.4794921875
8866.8095703125
2403.69287109375
1378.2757568359375
661.1458740234375
423.4466857910156
2.12339612559731e-09
1.4964522954130643e-09
8.92837956345538e-11
0.03719896823167801
1139.4105224609375
2551.83056640625
4812.6904296875
10142.634765625
15067.560546875
20838.21484375
25336.57421875
28595.83203125
30603.44921875
32075.142578125
32945.33203125
31938.005859375
33100.4140625
33650.31640625
33699.8203125
34408.0546875
32672.013671875
30964.1015625
24486.63671875
16734.15625
6613.24560546875
2345.83544921875
891.8141479492188
766.9241943359375
272.40374755859375
7.716297739657207e-11
5.420249804544142e-10
0.036556996405124664
1857.34130859375
3889.315185546875
6387.71533203125
13862.1103515625
19709.6875
26729.830078125
31727.20703125
35313.47265625
38185.9140625
37265.6484375
37574.75390625
37922.6640625
37631.734375
37856.06640625
37611.5703125
37066.3203125
38616.3671875
37234.92578125
32280.98828125
21044.62109375
9917.3466796875
2961.65478515625
765.0079956054688
174.23764038085938
136.50686645507812
1.1812366640384653e-09
1.4814390825179657e-09
0.028598688542842865
1240.047119140625
4017.493896484375
7846.9697265625
13291.677734375
22746.345703125
29832.00390625
35414.1640625
36953.53125
35192.109375
35105.97265625
33071.796875
33027.6328125
30328.595703125
32176.513671875
32348.041015625
31946.89453125
37694.83203125
39218.79296875
32189.345703125
20765.97265625
9653.1884765625
2127.000732421875
107.52460479736328
1.51620352268219
2.4123539277276507e-10
2.760830009052029e-09
6.47801479125576e-10
1.1482830242215414e-09
867.5967407226562
2752.34228515625
7170.96630859375
12519.716796875
19307.638671875
26051.494140625
30136.869140625
27916.505859375
26929.06640625
23568.689453125
22088.953125
19903.677734375
17681.9140625
16322.6904296875
18163.451171875
26183.43359375
35949.40625
39204.859375
31401.263671875
18323.552734375
9104.4658203125
1129.067138671875
2.9309165477752686
7.704145654763295e-10
3.4175429153293635e-09
2.1070902800346403e-09
3.6106657663736996e-09
2.067293447538532e-09
358.229736328125
1598.749755859375
4402.34619140625
7786.3515625
14506.798828125
20645.88671875
22960.826171875
18318.5078125
14789.9453125
11991.3095703125
7374.52880859375
6558.30712890625
6031.6748046875
6769.318359375
13309.6982421875
28163.748046875
35818.7265625
38360.90625
28618.66015625
14668.0849609375
5581.6591796875
529.2909545898438
1.796703577041626
3.938969428407546e-10
3.0194493572111014e-09
2.0833126335162433e-09
1.7384803596698362e-09
4.3012027273192643e-10
1.7988978129324096e-07
1137.6302490234375
3179.08349609375
5189.0859375
10155.7685546875
13415.59765625
12569.298828125
9760.767578125
6816.34228515625
3289.66162109375
2363.36474609375
1912.325439453125
1607.090576171875
5855.97900390625
17852.982421875
32028.484375
38414.90625
36484.82421875
23824.181640625
11120.61328125
2338.760009765625
241.9124298095703
0.09212186932563782
4.514872475880338e-09
2.8645421590312026e-09
3.951892701969939e-10
4.06606126546194e-09
4.574121081901694e-09
1.767030188837282e-09
238.7994384765625
1235.556640625
2763.68798828125
5539.7900390625
8300.982421875
7318.7333984375
5195.3642578125
3248.44287109375
1537.2265625
1240.24560546875
1084.120849609375
1665.3851318359375
9573.7919921875
25280.31640625
35624.69140625
39203.7109375
33266.00390625
16642.65234375
5734.73291015625
578.6417846679688
62.3908576965332
48.88063049316406
1.3805193654903292e-09
3.2282871931244017e-09
2.5599566910727845e-09
1.2270484628373879e-09
4.292673771999489e-09
4.865737812664861e-10
31.260814666748047
547.4916381835938
1366.3924560546875
3623.947509765625
4231.70361328125
3608.92431640625
2941.89013671875
1395.5867919921875
1353.5809326171875
1223.728515625
1354.5894775390625
5004.2666015625
19583.701171875
31573.41015625
38967.7578125
37993.07421875
25743.6640625
12172.3359375
2544.6044921875
212.36192321777344
16.417205810546875
0.00023717063595540822
4.162296729504078e-09
4.379076656846337e-09
1.2217143963155763e-09
9.381395833785167e-12
3.3090354900622287e-09
3.0926856631197097e-09
19.288450241088867
242.36451721191406
587.2294921875
1580.816162109375
1476.981201171875
1716.87158203125
1436.9493408203125
1065.5523681640625
1048.9129638671875
966.4231567382812
2628.70654296875
10941.5234375
27620.20703125
36439.734375
39177.95703125
33593.8359375
15931.35546875
5898.7802734375
1559.2119140625
155.578125
100.84691619873047
133.138427734375
1.7888682757316587e-09
1.14992360078503e-09
4.022228772271319e-09
1.3748756577669496e-09
2.950881539121042e-09
0.0001900460774777457
4.566360345403808e-10
287.60791015625
394.0569763183594
499.94921875
745.421142578125
1015.0449829101562
1134.990478515625
1025.5516357421875
1006.4921875
1262.1751708984375
4808.271484375
21469.765625
33692.51171875
39662.8671875
38075.89453125
24510.205078125
9780.068359375
1945.6785888671875
554.0357055664062
224.4274444580078
230.0707550048828
179.71774291992188
2.1370016867194863e-09
1.6298155047778096e-09
3.4359215472790083e-09
3.6613363452175918e-09
4.453405200166571e-09
1.7278188879643608e-09
2.3359505441078454e-09
107.5618667602539
92.05757904052734
178.33665466308594
497.24957275390625
613.6744995117188
738.922119140625
656.937744140625
1400.7183837890625
2656.403076171875
13265.388671875
29172.609375
38175.859375
40138.41015625
30888.216796875
16713.24609375
3175.981689453125
488.58367919921875
183.62335205078125
13.286651611328125
2.0060720443725586
1.89435711561714e-09
2.7160118598601457e-09
1.6097395638681178e-09
7.304717941636341e-10
3.287140781793596e-09
0.2566184401512146
1.85847492950586e-09
117.58588409423828
95.3752212524414
16.45835304260254
6.189248085021973
3.3907339572906494
401.88140869140625
623.4701538085938
816.9835205078125
1598.128173828125
8248.7724609375
22266.76171875
34780.1953125
40253.03515625
37671.484375
23278.91015625
7583.734375
1304.8138427734375
81.57383728027344
27.494020462036133
34.4074592590332
26.624881744384766
11.28945541381836
8.751174229715275e-10
4.846753554055283e-10
1.0238707659482316e-09
1.0834338981524638e-09
0.0
3.3352243189455066e-09
38.22792434692383
72.09504699707031
6.211643695831299
6.444897174835205
7.121746063232422
34.615692138671875
246.01748657226562
947.734130859375
4958.818359375
14597.107421875
29244.916015625
37893.5859375
39563.609375
29520.2421875
12274.51953125
3966.451171875
561.291748046875
51.74335479736328
33.632633209228516
24.918132781982422
25.484437942504883
13.23462963104248
1.4329117892231125e-09
3.1004201428430633e-09
1.4423026106769044e-09
1.022026699382117e-10
2.4669695175560946e-09
1.3791253694606098e-09
1.5183571067112211e-09
187.54991149902344
135.0568389892578
165.3927764892578
209.81890869140625
210.59133911132812
1104.69384765625
3865.02099609375
11230.185546875
23810.154296875
35698.24609375
40448.07421875
34402.69140625
19293.41796875
5479.78955078125
1452.1658935546875
407.38079833984375
277.2245788574219
280.3917541503906
348.356201171875
90.5903091430664
63.8379020690918
149.3581085205078
1.8178735183838057e-09
1.3809986487700598e-09
6.650981987377236e-10
3.0230331571345914e-09
1.2732024323725e-09
3.610072241144735e-09
167.27491760253906
178.24046325683594
169.4174346923828
259.33087158203125
557.3206176757812
2271.0078125
6823.89501953125
17349.87109375
30437.544921875
40075.3125
39109.37890625
25874.798828125
10232.8935546875
3646.97314453125
635.1814575195312
409.17755126953125
237.98907470703125
185.57093811035156
149.3602752685547
165.0663299560547
135.15109252929688
88.93960571289062
3.736430720380213e-09
5.85443638012606e-10
3.1039912307129214e-10
1.6757534249123296e-09
4.279783194505171e-09
4.187780788811324e-09
106.67877197265625
169.7455291748047
187.55027770996094
427.6679382324219
1584.2813720703125
4438.63427734375
12703.51171875
23192.306640625
34108.33984375
38167.046875
32516.0703125
15132.04296875
5075.912109375
1551.1837158203125
192.86891174316406
126.06947326660156
112.8934097290039
166.43898010253906
165.0663299560547
171.79417419433594
114.8322525024414
140.5802764892578
3.958400274228779e-09
6.856222256601541e-10
2.485550876230036e-09
4.287514343559451e-09
2.173409452410624e-09
1.732560206413325e-09
8.175502497209663e-10
3.086196020962717e-10
0.00010125525295734406
661.6671142578125
2326.624755859375
5394.12353515625
15559.2568359375
28363.3671875
35326.98046875
34914.16015625
23505.396484375
10548.0419921875
3373.64306640625
1145.3431396484375
323.3861999511719
2.728813409805298
2.8794655799865723
1.9544246196746826
2.2795927367980084e-09
90.5903091430664
171.8035888671875
48.06633377075195
1.2348930766847843e-09
2.4785036245589254e-09
2.463120374329719e-09
2.2725523685096505e-09
3.5045297774871642e-09
6.81518591560959e-11
1.8118504474529118e-09
1.7490372483663919e-09
550.9140625
523.8540649414062
2929.971923828125
7878.099609375
17712.67578125
28376.396484375
33436.87109375
27451.666015625
14983.4541015625
6483.83935546875
2827.5146484375
748.0147705078125
297.8239440917969
3.8489468097686768
2.6421701908111572
2.274434804916382
4.410509735208734e-09
1.1825150858513211e-09
0.008034837432205677
6.218306980443344e-10
1.9807742113187032e-09
4.235206074731934e-10
4.593570857025497e-09
2.8928743844858218e-09
2.863300263555857e-09
4.125721542180827e-09
2.4518316266153306e-09
2.401899790172024e-09
4.0804948806762695
566.3729858398438
1766.130615234375
5891.638671875
13037.697265625
19729.921875
21214.265625
15700.7080078125
9811.390625
4052.9072265625
1741.8890380859375
695.4386596679688
5.954382419586182
2.011171340942383
2.3944125175476074
1.9773976802825928
1.4648922681808472
2.685811795188897e-09
1.3262293485638565e-09
1.0374339165508673e-09
2.3166597806767442e-10
1.944223448901994e-09
1.9729067268769995e-09
2.63256394461564e-09
3.982238538924321e-09
3.4477689592193883e-09
2.369832108328751e-09
4.014655718975746e-09
0.00012976092693861574
8.463613510131836
253.04847717285156
705.832275390625
2477.396728515625
2140.079833984375
2453.771484375
2262.29296875
1882.524658203125
1004.1461791992188
755.3213500976562
62.497901916503906
84.43281555175781
2.1685919726621705e-09
3.2477078804049597e-09
3.578238372270448e-09
4.540583020684608e-09
2.73005329454179e-09
2.4189257263884656e-09
4.486138682757712e-10
1.086223444524137e-09
2.662508213902015e-09
