9.653425614430944e-09
8.010503371735922e-09
5.04605579543238e-10
5.361717736462879e-09
3.961591943379972e-09
1.2371133450983507e-08
1.1428654467238175e-08
1.3572233337200146e-09
9.742667117507153e-09
3.480263632837932e-09
2.021488310077757e-09
4.58769910949286e-09
4.7812145353987034e-09
1.2606598431830207e-08
9.978278647793104e-09
6.581948763795253e-09
1.1020515611193105e-09
2.842308832740059e-09
2.429261902747726e-09
7.1252372890739935e-09
9.856613303327322e-10
2.6531832286735835e-09
7.394498346968703e-09
3.3114733177797007e-09
4.839524780919646e-09
8.922726557614169e-09
1.0821823437368039e-08
3.4806739712678336e-09
1.28759669593137e-08
1.570801266836952e-09
2.6588282686645925e-09
1.079898392930545e-08
4.702800815437058e-09
3.5864715641764633e-09
5.159470184423753e-09
5.344115372452052e-09
0.7758609652519226
0.35149431228637695
5.713289841224878e-09
2.155022160721387e-09
1.2619318923157152e-08
3.808730220100642e-09
3.525592040531933e-09
7.499108889419404e-09
5.531624047705463e-10
1.1550789658087979e-08
1.187344711439664e-08
1.2465285692542238e-08
1.017172834849589e-08
4.0678456159071175e-09
1.3101834284157121e-08
9.31596666475798e-09
8.335463874686866e-09
9.375700216196492e-09
7.250586797624692e-09
1.2832719775701662e-08
1.2969302076726308e-08
1.209896360876428e-08
8.617366376029167e-09
1.1663782828463809e-08
2.6206588010779797e-09
9.735225070528486e-09
1.9773118697941072e-09
4.251213603367887e-09
0.7441135048866272
0.5737212300300598
1.5992336344083924e-08
2.3397703330374497e-08
1.4190001174085864e-08
2.7525228318836525e-08
3.490130495720223e-08
7.680076663518776e-08
1.0564547636704447e-07
8.690361141816538e-08
4.418226495772615e-08
1.6897436339036176e-08
1.6278036696348863e-08
6.392974150060127e-09
1.1974324642949341e-08
1.1210032013764248e-08
3.6135197611919523e-10
7.548714542338075e-09
8.69904770439689e-09
1.0700878405600633e-08
4.955215349156106e-09
9.489780516958035e-09
1.516759606801088e-09
8.674578388934151e-09
1.1216467754593396e-08
1.4178292317978958e-08
1.1225652407631515e-08
8.84174600201959e-09
42.132015228271484
31.639394760131836
231.73863220214844
408.4056091308594
70.8297119140625
71.67269897460938
16.874025344848633
39.59324264526367
29.638935089111328
84.90721130371094
589.349853515625
577.9786987304688
241.86407470703125
17.150373458862305
13.141843795776367
0.0036488284822553396
0.003087871242314577
2.4945925325425833e-09
5.220393561877756e-10
7.976165505851895e-09
7.723827799566152e-09
5.845444128738109e-09
4.69047423123925e-09
1.2814476590961021e-08
6.001233941788087e-06
6.711560217809165e-06
9.581413706882813e-08
102.2427978515625
698.7381591796875
1139.054443359375
951.3207397460938
1391.7218017578125
1331.504638671875
427.8756408691406
138.78428649902344
162.91143798828125
34.39605712890625
808.3233642578125
2261.141845703125
2097.94482421875
1483.4970703125
1331.95556640625
491.753662109375
248.1461944580078
8.818706512451172
5.263475877370638e-09
3.949659266311301e-09
1.1788566567361158e-08
6.9950263359430664e-09
1.154921847046353e-08
3.2194591437217923e-09
1.2812667371520092e-08
5.496480603994769e-09
0.031151050701737404
39.304744720458984
527.5964965820312
3151.6396484375
4838.76318359375
5410.68798828125
7077.60986328125
5891.291015625
3083.052734375
1914.4312744140625
1529.0855712890625
2253.33642578125
5011.224609375
8710.9541015625
9636.7177734375
9104.9716796875
5579.951171875
3468.535400390625
463.67608642578125
143.09097290039062
0.11627613753080368
9.194405237167302e-09
2.1722030840720663e-09
8.20614520780083e-10
4.5946517701622724e-09
7.3747448148253625e-09
5.321071583352932e-09
1.4011518955230713
0.7488863468170166
431.79290771484375
3512.879150390625
7514.20654296875
10127.173828125
15695.41015625
16271.98828125
11198.2431640625
7791.7626953125
7094.7041015625
6292.6572265625
7284.58984375
11711.099609375
14924.9423828125
16628.404296875
14662.142578125
11259.568359375
6656.2763671875
2112.948486328125
183.65011596679688
0.6864703893661499
1.2898718537712739e-08
6.254187390197785e-09
9.239188081267002e-09
7.514117328355496e-09
1.289296935880202e-08
0.0002851740282494575
1.6858179569244385
85.8089599609375
1207.0941162109375
5628.4326171875
11086.658203125
20387.712890625
23188.462890625
21862.59765625
15212.400390625
11850.9599609375
8673.1474609375
8180.59521484375
9377.751953125
14626.5791015625
20884.7578125
24557.3828125
21091.345703125
14510.7861328125
7130.1162109375
2655.92431640625
108.09918212890625
3.4194533824920654
4.4589700820552025e-09
1.0827588603490312e-08
3.6293343885773766e-09
8.418940211640802e-09
1.7664790519233975e-08
0.0025409776717424393
1.5707143545150757
1107.7091064453125
2958.068115234375
8604.96875
17732.8359375
26625.5078125
28901.51171875
24084.177734375
15427.24609375
10212.6181640625
8601.056640625
8360.4736328125
10349.8125
16888.1484375
26344.404296875
28212.84765625
24530.361328125
14233.8251953125
5774.439453125
3074.7861328125
429.1583557128906
362.1371154785156
5.70149483181126e-09
2.0603878603253634e-09
8.320440336717638e-09
7.866017170954365e-09
1.0511031156568151e-08
0.13063673675060272
647.3863525390625
1418.012939453125
5254.3486328125
13565.87890625
26471.275390625
32863.56640625
30071.69921875
20188.3203125
11342.748046875
7123.16064453125
6182.97705078125
4986.46484375
7711.771484375
17809.1640625
28276.015625
32935.2734375
25335.419921875
13276.84375
5720.42919921875
2726.509521484375
383.31219482421875
130.9842987060547
3.320085095737113e-09
2.897971418391876e-09
8.690200559158257e-09
5.187260398997751e-09
19.589677810668945
25.005447387695312
672.2002563476562
1449.30908203125
8396.044921875
21158.244140625
30606.419921875
33582.81640625
26149.251953125
14994.5810546875
7029.5869140625
3630.0615234375
2955.503173828125
2787.501953125
8725.396484375
19679.99609375
34437.375
34235.48046875
24283.0859375
10589.0869140625
4038.7587890625
1543.9832763671875
453.9151611328125
16.015363693237305
1.4662007093429565
1.3331257875393021e-08
2.2415322931124138e-09
4.0861083405729914e-09
23.29144287109375
43.258419036865234
215.31259155273438
3192.159423828125
12308.1796875
24976.365234375
33222.078125
31778.99609375
20462.45703125
9465.0107421875
3747.35302734375
1465.2412109375
1195.8851318359375
2244.599609375
10244.9912109375
23689.021484375
36417.9609375
33164.2578125
21426.494140625
8452.1123046875
2683.936279296875
437.3545227050781
52.513092041015625
8.333378791809082
5.182669162750244
1.1178321379645695e-08
7.317994543676321e-10
8.803237583343559e-10
20.707704544067383
33.72733688354492
1048.8309326171875
4011.441650390625
16330.896484375
27673.27734375
34624.375
29011.890625
18356.896484375
6848.42724609375
3015.396484375
1942.3314208984375
2659.339111328125
5740.07763671875
15247.708984375
31299.39453125
38396.6953125
32465.162109375
18555.212890625
7932.1005859375
1813.83251953125
67.94813537597656
34.143272399902344
5.239180564880371
9.210402218684521e-09
1.5013527088214573e-09
8.688093799946728e-09
4.818073051637839e-09
3.0338436207699715e-09
96.87628936767578
2796.640625
6465.84619140625
19209.765625
30596.8359375
35113.625
30133.99609375
19334.134765625
12617.0517578125
9213.67578125
8191.70166015625
8301.3837890625
13018.7763671875
25083.419921875
35831.0
38397.77734375
31489.888671875
16205.458984375
7673.61328125
2519.049560546875
811.8561401367188
133.09397888183594
0.1763366162776947
1.314306707911328e-08
9.764116626342911e-09
7.028875703696258e-09
8.814987850769285e-09
6.779604877493739e-09
240.61102294921875
3038.849853515625
8912.662109375
19793.6953125
32932.78125
35832.4453125
33403.43359375
25943.533203125
22876.09765625
20655.30078125
22488.642578125
21936.509765625
25591.96484375
33027.30859375
39540.02734375
39624.28515625
28574.537109375
17047.302734375
10814.0810546875
4830.67529296875
2316.325927734375
444.90643310546875
103.2660903930664
1.0721970866711672e-08
8.988551236654985e-09
9.89900073022909e-09
2.7455628881511984e-09
9.319659710627093e-09
438.4121398925781
3797.064697265625
9875.158203125
20449.93359375
30409.1796875
33591.09375
36541.1015625
33826.4375
32695.26953125
31737.1796875
32101.1328125
30639.673828125
33788.0078125
37193.484375
39645.921875
36406.3515625
27177.357421875
18095.271484375
9911.8876953125
6603.4287109375
3094.62451171875
804.358154296875
74.9036865234375
6.142290676081075e-09
3.780758817129026e-09
1.061866683471635e-08
5.154767279691441e-09
2.406313370784119e-09
366.19146728515625
3542.37646484375
8007.73828125
15398.5126953125
22750.7109375
29307.16015625
31777.361328125
33200.63671875
33521.62890625
33615.078125
32118.1953125
33457.0546875
34749.01953125
36877.39453125
39547.87109375
33914.1875
23605.806640625
9910.8544921875
7458.96826171875
4452.44287109375
2511.195068359375
218.5138702392578
12.920903205871582
1.7961410136990708e-08
1.187670672919694e-08
1.2297569185193424e-08
7.242955568642628e-09
5.1486739316430885e-09
5.766730785369873
1688.9857177734375
4202.10009765625
8459.2578125
12983.0419921875
16226.6728515625
19514.1328125
19153.60546875
20876.23828125
20544.1328125
20292.123046875
21176.228515625
28817.73828125
37596.78125
37647.05859375
29367.966796875
14899.6982421875
5159.025390625
3319.908447265625
1588.4732666015625
1275.0650634765625
192.6078643798828
30.410903930664062
1.2281891059728878e-08
1.1532701016392366e-08
6.575552990994993e-09
3.465056575002734e-10
1.1534225130560571e-08
0.00995076633989811
50.9798583984375
930.37646484375
1941.8040771484375
4418.6162109375
6799.8740234375
7176.33349609375
7275.3994140625
7917.96435546875
8607.6884765625
8617.73046875
12084.2138671875
25329.041015625
38120.89453125
36628.765625
23968.353515625
8220.560546875
2313.771240234375
618.1019897460938
519.137939453125
455.2859802246094
2.9706432819366455
2.2063732147216797
8.08055755641135e-09
1.3219603189895679e-08
8.807845425229388e-11
5.2825783747323385e-09
1.0394299643223803e-08
0.010171478614211082
5.64345645904541
69.32654571533203
363.96160888671875
592.8363037109375
1566.9207763671875
1851.212646484375
1865.14697265625
1888.59130859375
2383.880859375
4119.041015625
11966.2744140625
27434.025390625
37530.51171875
35018.08984375
19075.671875
5012.56005859375
690.2333984375
199.68875122070312
7.374948501586914
1.4841376543045044
4.5162346395954955e-07
2.029707246720136e-07
2.4560991018773848e-09
6.9383987444382456e-09
1.248761538619192e-08
6.775371375056238e-09
5.272880798656843e-09
1.1713780168065568e-08
0.13159699738025665
29.07807731628418
141.23477172851562
215.5331573486328
347.25787353515625
541.1842041015625
1064.4166259765625
1335.0843505859375
1686.84619140625
5179.5322265625
14242.6005859375
28986.865234375
38538.9453125
32772.99609375
15159.7861328125
5027.7421875
1448.5672607421875
53.90409851074219
12.60348129272461
1.7177996635437012
0.001649810466915369
3.204476115570287e-07
7.42119388164042e-09
2.2442776803632825e-10
9.377299825530372e-09
1.3055057479505194e-08
3.2028666385741644e-09
2.2977404867674522e-08
0.058005280792713165
0.08273090422153473
68.67621612548828
61.61920166015625
74.3237075805664
405.4194030761719
469.239501953125
1138.8135986328125
2588.885986328125
8166.1728515625
18110.583984375
30129.3671875
37217.93359375
27661.8515625
12878.7373046875
3735.13232421875
1045.574462890625
125.21703338623047
11.288957595825195
2.8437233368094894e-07
3.7131951557967113e-07
2.409315982276894e-07
6.4620340189947e-09
1.0015527074358488e-08
4.850258417121722e-09
7.159865145212052e-09
1.0144087347896402e-08
1.533798688058141e-08
2.0494050900765615e-08
0.0014646450290456414
13.34887981414795
8.473420143127441
16.75374984741211
149.0794219970703
368.1785583496094
929.643310546875
3580.009033203125
10657.478515625
21405.0625
32132.736328125
34096.03515625
25517.0625
12880.5361328125
4581.19873046875
866.4788818359375
60.65747833251953
47.78792190551758
5.926404611500402e-08
5.445087225552925e-08
1.6400256708237748e-09
4.204604664437284e-09
6.931399454401799e-09
6.883159375803416e-09
8.962672826129392e-10
9.014121005179732e-09
1.0926122229193425e-08
1.652508885285897e-08
1.9647087512453254e-08
7.619816780090332
8.452712059020996
11.700342178344727
20.736249923706055
393.585693359375
1151.0941162109375
4523.24609375
11301.505859375
21298.91015625
27745.775390625
30254.82421875
21979.2265625
12506.6806640625
3383.275146484375
1150.0794677734375
27.68694496154785
0.01147733349353075
0.0
1.001925120647229e-08
1.2776249391777128e-08
2.35084229860405e-10
7.92766563506575e-09
1.4938756898175143e-09
9.632198150200111e-09
9.460316974241323e-09
8.382150973318403e-09
8.685232977256874e-09
2.8954106667811175e-08
9.920516967773438
10.911499977111816
187.49557495117188
276.7530212402344
365.57781982421875
1138.1678466796875
3863.755126953125
10270.5009765625
17763.00390625
22010.236328125
20326.251953125
15768.8916015625
7407.46923828125
1966.2838134765625
645.4811401367188
35.88711929321289
0.0
132.85943603515625
8.677860208194943e-09
6.846117894809822e-09
4.534008724021987e-09
1.330972754232107e-08
7.853638628319004e-09
1.1113853837230181e-08
0.00013245665468275547
2.5603592579415135e-09
1.7154678788600108e-09
5.455052409786276e-09
1.5557152011069775e-08
0.0010013198480010033
158.8278045654297
193.37960815429688
166.93356323242188
298.1133117675781
2290.3701171875
4988.3154296875
8019.96923828125
8770.650390625
5808.62841796875
4136.4521484375
2139.777587890625
1042.9871826171875
250.1076202392578
8.057332992553711
242.69725036621094
208.6282958984375
2.1100071342927684e-11
1.2988804698466083e-08
1.7128100049390582e-09
6.980025002434331e-09
1.3262997811125388e-08
6.09618977520654e-09
6.095007609729919e-09
1.0937051264647835e-09
1.2934443738288337e-08
8.267353912572162e-09
2.223630612974148e-09
3.757091526779277e-09
5.349009679633809e-09
4.701174560750587e-09
5.496557520245915e-08
22.811838150024414
17.586843490600586
1065.2095947265625
1414.98779296875
1014.9031982421875
475.02728271484375
773.6077270507812
692.42333984375
194.17550659179688
3.4027984142303467
1.1039006153623632e-08
7.2866508382674056e-09
1.1799495602815568e-08
2.5322313135234253e-09
7.513856203900104e-09
9.506036846573807e-09
4.466604863750945e-09
8.285426789100825e-10
8.610831159217014e-09
6.354982762246664e-09
1.333200128073031e-08
1.1012626366380118e-08
2.808590859881832e-10
1.1969746971374207e-08
1.1568505264847317e-08
1.2333165599898166e-08
1.053407849838095e-08
4.935059028099431e-09
2.2983379643903845e-09
9.929918221018852e-09
3.951781124555964e-09
8.614080115876277e-09
8.47765146971824e-09
41.42068862915039
212.42832946777344
515.7962036132812
1.0300363229021059e-08
4.2100904984465615e-09
3.404080350932759e-09
4.425988908707268e-09
6.516049921856393e-09
3.4262043202559767e-10
2.376688845728836e-09
1.1122865295476458e-08
1.011373207404631e-09
