2.8599937973439182e-09
4.324341329464687e-09
3.1381348630787897e-09
3.5576204204801343e-09
4.756524951687879e-09
3.4881444399559314e-09
5.751203513426617e-09
8.476407908908357e-10
3.297863093720821e-09
2.797718501312829e-09
4.165466194194778e-09
3.8923984035932335e-09
1.0830949470630458e-09
1.5435676070651994e-09
1.9327508482547273e-09
3.6657940571949155e-11
2.6731425406545384e-10
1.8097001674988178e-09
8.876306911709264e-10
2.8468929436087365e-09
5.050977414100544e-09
4.784787233091947e-09
3.6638760914087243e-09
1.3279348731742857e-09
5.6913465051877665e-09
2.6638864447647848e-09
3.683860549941187e-09
2.9579578786353977e-09
5.570602645832423e-09
4.647757734232982e-09
2.483915517714763e-09
3.493770162066312e-09
2.031588453021982e-09
1.969143292868125e-09
2.0410912959789584e-09
4.349614002308044e-09
6.681445674505682e-11
3.6218914534202895e-09
2.1347361656154362e-09
1.2831120610456992e-09
8.452927802160559e-10
5.352857046503345e-10
1.6295191862525371e-09
2.651902475392376e-09
3.3876490501683065e-09
3.3787195263812464e-09
1.130594839970911e-09
2.9732087902800686e-09
2.1083728096726873e-09
9.102933407056923e-10
5.474105613245683e-09
1.7701949905912784e-09
6.366306370964026e-10
5.551246573531898e-09
5.389057200488878e-09
3.372708112792111e-09
2.888241201759456e-09
6.21646234488793e-10
1.1045623304895003e-09
3.108325818956814e-09
3.87890342068431e-09
2.8846793842518537e-09
4.218045468462606e-09
2.962991851873653e-09
5.664727797949354e-09
3.812354432142229e-09
4.614657544976808e-09
3.2593985288542626e-09
3.3355147532887486e-09
4.159440791795532e-09
4.842458434239916e-09
7.292889625531984e-10
3.1351282681058024e-10
5.70543390310263e-09
3.6515688250915446e-09
2.3795394543668635e-09
1.9780252991097313e-09
5.2168731556889725e-09
3.769278666965192e-09
1.5542322984174461e-09
2.2238983987676875e-09
3.1263378552637278e-09
3.5945215692834154e-09
2.69575495259744e-09
3.185206542966057e-09
3.648676916157001e-09
8.145363827871677e-10
5.008764070169036e-09
3.87614873531561e-09
5.074812126082406e-09
1.3461275427673058e-09
6.673137598056655e-09
7.40383843123027e-09
6.007577102451478e-09
3.243519008933049e-09
5.691085380732375e-09
6.938611907258974e-09
3.968902095863314e-09
7.441407046115955e-09
1.659484638594222e-08
2.1031148378369835e-08
1.3936991116736408e-08
1.796684934163295e-08
1.1087618823069079e-08
9.388520183506444e-09
4.445845469547294e-09
1.6860558504916412e-09
1.0987986076571588e-09
3.285506311456743e-09
3.4702745121961698e-09
5.403205882714701e-09
1.276475730671578e-10
3.14579029492279e-09
1.4307309781358413e-09
3.6366112343699797e-09
5.290811344593749e-09
1.1864152993368293e-09
2.136670840258148e-09
4.267237230237697e-09
7.3831563085491325e-09
8.00040833581761e-09
6.528086959889379e-09
0.31582221388816833
0.3541018068790436
5.49697208404541
7.91398286819458
4.276804447174072
0.6781574487686157
160.1105499267578
212.28416442871094
82.55241394042969
0.40531668066978455
1.2063025245367953e-08
2.192513726129164e-08
3.15949790774539e-08
6.266985508318612e-08
6.751904635393657e-08
5.109597189800752e-09
9.564604663836462e-10
4.793333729935512e-09
1.1439814651126312e-09
4.0521004329718835e-09
5.590914398112545e-09
2.6626250093642057e-09
3.751623456338393e-09
0.49343129992485046
3.504467010498047
36.96635055541992
182.53448486328125
240.66415405273438
881.6915283203125
1537.2479248046875
1703.0352783203125
1788.4903564453125
1298.9647216796875
1689.283203125
1263.9810791015625
1253.4327392578125
752.3858032226562
605.359375
575.2216796875
524.889404296875
416.2677917480469
262.75555419921875
32.302452087402344
7.828965919998154e-08
0.07505036145448685
1.188481396630081e-10
4.79911399509092e-09
1.2178452690747577e-09
223.27398681640625
516.3653564453125
2.2329800128936768
329.83013916015625
498.90411376953125
650.4263916015625
3070.2626953125
3754.107177734375
5485.79345703125
7554.880859375
10182.7392578125
12179.45703125
16935.3203125
17718.94921875
15778.5703125
16380.322265625
15994.4150390625
12682.6318359375
8523.697265625
5633.84375
2825.340087890625
1277.60888671875
374.0865783691406
0.08287838846445084
0.09476061165332794
1.014197503756975e-09
2.7893114484811576e-09
6.835929525550455e-05
504.9546203613281
531.8298950195312
1034.145263671875
2050.18017578125
2711.697509765625
5663.25048828125
10964.798828125
12622.0263671875
17649.84765625
20720.28125
26465.466796875
28638.623046875
31922.96875
33457.2890625
33742.05078125
32812.12890625
31799.283203125
29840.431640625
25482.73828125
19485.7578125
10279.8955078125
3885.19482421875
794.6755981445312
17.961912155151367
0.06828317791223526
1.2372995961129618e-09
3.790457725472152e-09
4.0414688555756584e-05
357.3072509765625
574.8408203125
662.4607543945312
2229.33935546875
4333.580078125
9211.2861328125
15049.8388671875
20055.38671875
29291.21484375
33098.4921875
35101.7734375
37470.86328125
38719.65625
37213.85546875
36616.0234375
34537.1328125
37287.9296875
36299.66796875
31292.962890625
25107.4140625
15966.4931640625
6491.19677734375
1280.0841064453125
29.55431365966797
0.0002659277815837413
3.0422293573195702e-09
4.196564429292948e-09
38.951053619384766
0.1160622239112854
355.2537536621094
1083.5303955078125
2266.729248046875
5316.59033203125
10561.4443359375
18538.994140625
25366.818359375
30023.15234375
34772.15234375
35094.921875
33492.578125
30603.6328125
30328.53125
29141.22265625
31809.87890625
35837.96875
36001.46875
32739.548828125
23921.87890625
15057.1494140625
6018.9208984375
1687.7813720703125
30.458873748779297
0.0003735175996553153
7.079262953624266e-09
2.498064644029796e-09
52.578407287597656
0.11278611421585083
19.044307708740234
462.3209533691406
1484.5040283203125
4595.6005859375
8539.0869140625
16334.1376953125
22953.4609375
26862.779296875
27791.482421875
24956.9375
21992.8671875
17628.068359375
16914.4765625
20311.076171875
26138.712890625
32638.580078125
37832.078125
32792.515625
21648.611328125
11066.9326171875
5327.35791015625
1356.41845703125
37.59453582763672
0.0001846972736530006
8.509585036620138e-09
1.3875609550240142e-09
0.006080840714275837
13.618667602539062
26.02178955078125
300.7440185546875
2127.65283203125
4100.1630859375
7139.28271484375
14346.8662109375
18910.474609375
20170.353515625
19165.78515625
15198.669921875
10119.6435546875
7482.77197265625
8769.2978515625
15075.8251953125
27333.548828125
36406.15234375
36442.5625
26915.115234375
16229.482421875
7357.29345703125
1981.368408203125
394.1772155761719
188.74217224121094
1.6518476586568909e-09
5.126889135453894e-09
9.32249943907948e-10
1.9162025299834795e-09
1.6186476603508027e-09
0.0010766607010737062
85.57608795166016
811.966552734375
3409.297119140625
7883.45849609375
13547.7578125
16254.9208984375
16490.537109375
14178.4775390625
9913.6708984375
8309.01171875
7179.15771484375
12266.2119140625
24334.310546875
35696.15625
40754.1796875
33583.49609375
22033.12109375
12193.6337890625
3045.76953125
319.3033142089844
39.78181076049805
0.0034440981689840555
4.362427308279848e-09
3.7079030956732595e-09
2.2072765837322095e-09
4.995879709923656e-09
2.066081972174061e-09
6.392250617714978e-10
0.4205258786678314
166.69297790527344
1565.2855224609375
4707.8466796875
10482.70703125
14153.7197265625
13138.6689453125
11345.3828125
9392.3037109375
9188.1572265625
12841.0009765625
23347.583984375
34170.4453125
41006.3828125
35972.30078125
27592.080078125
13870.017578125
4320.35546875
1318.35107421875
28.494443893432617
0.0
2.644944485652445e-09
2.3039392615942234e-09
1.802653137872312e-09
2.4186902480849426e-10
3.8389105228020526e-09
4.182023616294828e-09
3.7196119517801662e-09
0.2524162530899048
129.0989227294922
460.76751708984375
2997.833984375
6523.2158203125
7666.55419921875
9645.22265625
9917.8076171875
10635.7236328125
11497.3916015625
21224.6953125
30864.416015625
38951.68359375
39646.7578125
31594.9453125
16262.02734375
5921.3759765625
1562.9178466796875
907.177734375
109.2732925415039
6.412858009338379
3.438945770263672
5.345783260501946e-10
6.579756184343921e-10
4.824888488741408e-09
4.012586263257845e-09
5.3808193456461595e-09
1.210150868402593e-09
3.4532816410064697
150.07064819335938
341.40631103515625
1261.3919677734375
2608.122802734375
3836.498779296875
5539.111328125
6553.22021484375
9030.1357421875
15716.30078125
29000.9296875
38821.890625
41205.74609375
33328.078125
19680.638671875
7276.57177734375
2022.487548828125
1214.0167236328125
635.8681030273438
243.57740783691406
3.263256549835205
0.0029460927471518517
5.598306179046631
3.827941519318756e-09
4.259805841400066e-09
5.430875749112829e-09
0.07439009845256805
0.020359085872769356
2.932013988494873
120.9112319946289
177.2169952392578
501.2655944824219
1152.6234130859375
2306.9296875
3769.627197265625
6179.7529296875
11995.7490234375
24445.38671875
37863.015625
41393.22265625
38114.90234375
24022.314453125
10142.22265625
2944.701904296875
1591.0242919921875
1039.3438720703125
1035.7603759765625
419.99591064453125
216.0786590576172
0.2712174952030182
1.35897693098741e-09
8.035282439422531e-10
2.9332738460396968e-09
3.1435414271641093e-09
0.026800520718097687
0.02625269442796707
1.9145420789718628
5.293968677520752
138.92750549316406
435.9853210449219
930.0106811523438
1654.1011962890625
3772.779541015625
8186.455078125
18424.169921875
34346.46875
42609.5859375
39504.5390625
29726.330078125
11837.7119140625
3904.87646484375
1788.9810791015625
1109.029052734375
778.1328125
380.943115234375
150.78530883789062
316.1963195800781
39.501426696777344
1.535930382878803e-09
6.821084252983667e-10
3.864681019649652e-09
7.154854486657314e-10
0.026265641674399376
0.023734332993626595
5.056882381439209
77.77103424072266
77.39401245117188
159.31407165527344
329.6073913574219
2131.881103515625
6396.83251953125
15364.9189453125
32814.65625
41059.1171875
40098.5078125
32541.302734375
15924.2138671875
6616.25634765625
2606.958984375
1270.2789306640625
927.8646240234375
874.0313110351562
692.92138671875
456.0080261230469
341.9684753417969
47.50244903564453
4.847625856285731e-09
6.921575534946101e-10
3.842155482658427e-09
5.251362455993558e-09
0.019644930958747864
0.033709146082401276
58.08914566040039
78.25638580322266
78.64989471435547
232.62112426757812
1077.8729248046875
4908.1767578125
12974.00390625
26961.39453125
40187.6484375
40914.4375
36465.7890625
18954.498046875
7475.2529296875
2593.888916015625
1025.0887451171875
582.1184692382812
1024.90869140625
957.8418579101562
946.2442626953125
706.7752075195312
967.7335815429688
452.6056213378906
2.015357214446567e-09
1.8225576603470017e-09
4.530079866782444e-09
3.0270261852649583e-09
5.189030094499003e-09
0.007597506511956453
71.08592987060547
157.56263732910156
253.50503540039062
709.7717895507812
4044.47119140625
10824.1201171875
23285.603515625
37854.6015625
42300.08984375
36566.5
23229.7109375
7945.5869140625
3228.677490234375
1163.142822265625
775.785400390625
881.1968383789062
921.8355102539062
596.6502075195312
819.4408569335938
444.0113830566406
352.28570556640625
0.0
1.1120804277453544e-09
3.898315892314486e-09
2.5741217490882207e-10
3.067103238052482e-10
4.782305218498095e-09
5.851248264312744
100.2380142211914
561.2254638671875
902.888916015625
3217.22802734375
8681.7666015625
18548.62109375
35202.1796875
42242.96875
39387.01953125
28159.53125
10374.1630859375
4724.0654296875
2168.134765625
1392.05908203125
554.55078125
683.3880004882812
758.7822265625
223.3621063232422
216.9647674560547
264.2581787109375
65.80563354492188
0.002606564899906516
1.401526689529419
5.334892527741886e-09
2.683860245156211e-09
3.991093233679521e-09
3.5609366566546896e-09
37.26789855957031
65.23004913330078
1252.1611328125
1836.9677734375
5514.1533203125
16044.3447265625
30950.251953125
40475.0390625
38965.16796875
31100.10546875
15030.7861328125
7399.4365234375
2607.69189453125
1423.243896484375
839.7587280273438
724.7404174804688
524.2572631835938
554.4550170898438
193.96615600585938
190.40794372558594
241.51083374023438
192.70654296875
0.003434319281950593
2.9566160630878358e-09
1.0981601183956968e-09
3.717418373128112e-09
4.054188096347389e-09
3.612338483893751e-10
14.539548873901367
341.58209228515625
1368.734130859375
3999.66650390625
11561.66796875
23012.994140625
36859.1484375
39888.9375
33026.51171875
20764.130859375
8985.16796875
4861.6591796875
1815.48388671875
1115.4798583984375
763.1439208984375
289.3842468261719
118.66681671142578
15.97948932647705
67.80349731445312
209.33824157714844
208.88919067382812
115.81037902832031
0.0
5.7311360102119124e-09
3.2998168641995562e-09
4.923152552294141e-09
1.151660544707056e-09
2.690663247761904e-09
212.43963623046875
363.3892822265625
1352.482177734375
6295.482421875
16708.578125
27908.5390625
36149.76171875
33829.94140625
25451.642578125
12851.19140625
4856.6904296875
1604.1629638671875
756.5216674804688
264.9688415527344
302.5165710449219
209.8998565673828
117.63585662841797
13.609307289123535
8.40262508392334
4.361425876617432
286.76434326171875
4.2971391677856445
3.755164623697738e-09
1.3287213551649302e-09
5.23737542224012e-09
1.0805404349056857e-09
1.0825857571505892e-10
3.0300397746430008e-09
1.2248473167419434
267.9046630859375
1905.6973876953125
6682.9287109375
16614.24609375
23482.1328125
28594.13671875
23847.826171875
15082.6669921875
5492.20556640625
959.5433959960938
753.7217407226562
126.7680892944336
110.62376403808594
106.41902160644531
66.70069122314453
0.005989995785057545
0.004800706636160612
0.007627436425536871
0.4782198667526245
77.23766326904297
5.6704152484599035e-09
2.0515642518148525e-09
1.3246440611069943e-09
9.076666085405805e-10
4.452256341380689e-09
3.722971708697287e-09
2.8127540296907227e-09
2.1777053493821086e-09
492.6103820800781
1389.7152099609375
2396.261474609375
7714.033203125
11274.021484375
11280.044921875
6628.7587890625
3033.736083984375
526.9813842773438
143.98072814941406
115.49888610839844
45.36027145385742
33.24435806274414
1.027211982140841e-09
4.843388801134552e-09
2.8790607675688307e-09
3.3849394398544064e-09
2.8255772832608272e-08
0.5206805467605591
28.23406219482422
7.733392815012508e-10
0.03994711861014366
3.0024480679458065e-09
4.405165121568189e-09
3.660177938513698e-09
2.972422530334029e-09
3.582407148705613e-10
1.3129598519512342e-09
39.03220748901367
158.73809814453125
504.7168273925781
429.73626708984375
259.5128479003906
16.070444107055664
13.122414588928223
5.050413131713867
0.0034956650342792273
0.0018381610279902816
0.00030055976822040975
4.377582296655191e-09
5.227437593902096e-09
2.138915933258545e-09
2.4350523819549608e-09
3.603082276981695e-09
4.889366134186446e-10
2.4335513604256676e-09
4.832777733554394e-09
2.8614619562716825e-09
1.7768140292417911e-09
4.299864464485381e-09
1.0131376848576679e-09
2.426886247519633e-09
