2.5444963469567483e-08
1.4929954161857495e-08
2.4776110052471267e-08
2.0865929428737218e-08
2.4984831981100797e-08
2.442749291731161e-08
1.615157252388144e-08
1.269621563437795e-08
4.015855203931551e-09
7.424289627522285e-09
4.337479264648891e-09
8.27482082854658e-09
1.580335684536749e-08
1.393577075958774e-08
1.956733619579154e-08
1.8004310931019063e-08
1.64588378481767e-08
8.075470958601727e-09
9.094725667013748e-11
1.6735537400336398e-08
1.2938987659083523e-08
2.372447305276637e-08
1.4522019142759746e-08
2.429244005952569e-08
2.5627459265820107e-08
4.715007495548207e-09
1.9805046491683242e-08
2.038861879327669e-08
1.9048560062628894e-08
3.0748881219011537e-09
1.2848435204659836e-08
4.5074552978974225e-09
2.0192647554040377e-08
1.3736955573051546e-08
1.7927122897276604e-08
8.62204085905205e-09
1.6128716140428878e-08
1.949174821547217e-09
9.247259846745237e-09
260.82464599609375
219.00936889648438
65.37126922607422
1.726768061871553e-08
2.9303134141400733e-08
3.459708963760022e-08
2.0979147308253232e-08
1.124953907805093e-08
2.4350772065417914e-08
9.933747158186179e-09
3.7539447106382795e-09
2.5518678725688915e-08
2.4361076711443275e-08
2.5714745888194557e-08
5.457724938651154e-09
2.4018598665520585e-08
3.5218903349232278e-09
6.04610361776281e-09
1.938325944195185e-08
9.134010880984533e-09
1.6258624668807897e-08
1.0325584831605283e-08
1.4664494507599102e-08
1.5505694506146028e-08
2.2749930828069864e-09
3.256045211230685e-09
1.3687189159838908e-08
2.1048862652861544e-09
348.5558166503906
271.9526062011719
6.637111482632463e-08
1.3333227855127916e-07
1.57313522208824e-07
1.2377071811897622e-07
7.310283933747996e-08
1.6125551383083803e-07
1.3834517176292138e-07
9.263260380976135e-08
9.28431660440765e-08
2.3882652300244445e-08
1.9025254260895963e-08
6.8431851296679724e-09
9.440444870278952e-09
2.1391390880864947e-09
1.809548955122864e-08
1.1077756489896728e-08
1.4385419078166706e-08
1.4376543511218642e-08
2.5902647138309476e-08
2.4499065887084726e-08
2.5628171584912707e-08
2.4863194170166025e-08
3.781378321576767e-09
4.920348017911635e-10
1.837795515768903e-08
81.75218963623047
477.9285888671875
653.83984375
462.60150146484375
237.55300903320312
74.13162994384766
2.4833451561789843e-07
1.742876492016876e-07
1.5512172524267953e-07
1.3832847400863102e-07
0.25218456983566284
2.759009599685669
136.69332885742188
131.91859436035156
28.9224910736084
4.8339338302612305
2.309058366734007e-08
2.2305052027604688e-08
1.404899929724479e-08
5.577983852589341e-09
2.205850169190171e-09
8.520197880557134e-09
1.9422278896286116e-08
4.847454437850729e-09
7.213534214400852e-09
138.8289794921875
93.196044921875
0.00024050123465713114
422.2054138183594
1350.188720703125
1736.0238037109375
594.0518798828125
439.760009765625
267.23077392578125
292.5232849121094
66.79833984375
126.45362091064453
319.76727294921875
1542.3775634765625
4525.8349609375
5255.13427734375
3265.802001953125
1197.9287109375
56.58517837524414
2.5378616541615884e-08
1.3103753637722093e-09
2.423675660168101e-08
1.0651533877137354e-08
1.0122334082041107e-08
1.2204525390302479e-08
1.1192539339788254e-08
1.6638306288285776e-09
7.540682744888727e-09
276.6253662109375
486.5033264160156
1338.8997802734375
2291.518310546875
2907.94189453125
4387.89453125
3233.25341796875
2736.730712890625
1891.49072265625
1416.0916748046875
1105.8756103515625
1786.6722412109375
3053.2607421875
6526.021484375
11654.8818359375
13421.373046875
10051.8388671875
4532.37548828125
73.54872131347656
1.579467535018921
3.745913856878502e-10
1.668902704921038e-08
3.3071667626671797e-09
1.1083050033278141e-08
1.1825870060988564e-08
151.23709106445312
39.159446716308594
121.38318634033203
431.790771484375
2149.8720703125
4209.2841796875
5930.091796875
8352.0400390625
12108.5283203125
10265.796875
7320.36572265625
5783.9287109375
5062.63623046875
4771.24853515625
4894.46728515625
8044.95947265625
13554.8955078125
21358.037109375
22083.716796875
13654.9873046875
6983.97705078125
1304.602783203125
1.4146924018859863
5.926840529468791e-08
7.316798278367287e-10
2.2090297591148556e-08
2.3162428419709613e-08
0.0
2.4912569522857666
88.05170440673828
143.87960815429688
895.0703125
3145.74853515625
5816.41845703125
11383.4990234375
16316.73046875
20238.4921875
18311.865234375
12468.2802734375
7875.50439453125
6092.92431640625
5567.22705078125
5744.0126953125
13032.685546875
22750.44140625
27560.162109375
23562.9609375
15324.703125
6261.96044921875
826.4443359375
0.4255043864250183
2.267746879169863e-08
1.6413453707286862e-08
1.7176114752714966e-08
2.4302719836555298e-08
294.9827880859375
0.0
210.6229248046875
313.67706298828125
2251.45166015625
5746.6953125
13189.0107421875
19253.67578125
25122.115234375
25423.140625
21122.3125
11744.7578125
7661.64013671875
5098.81689453125
4749.0546875
6627.3818359375
18421.0625
28638.07421875
32084.951171875
23215.962890625
12666.6923828125
3844.170654296875
922.5587768554688
44.10670852661133
1.2988759401366679e-08
1.4192871766738335e-08
2.7827571358329806e-08
6.019790887989984e-09
1.4459644556045532
39.13465118408203
138.67721557617188
972.2737426757812
4242.34521484375
10487.4638671875
19515.26171875
27697.537109375
29567.501953125
25386.58984375
19039.92578125
9217.880859375
3634.458740234375
2758.40673828125
2200.2158203125
10539.2578125
25773.048828125
34564.921875
30747.580078125
20268.84375
8998.76953125
2623.524658203125
422.2590637207031
47.282325744628906
1.2017636663586018e-08
8.792602201879163e-09
2.5428864347532e-08
1.0688879115150485e-08
1.112168312072754
4.361897945404053
376.9481201171875
1774.5526123046875
7270.34619140625
18841.953125
27482.357421875
31717.9921875
29835.15625
20689.361328125
12087.7353515625
3692.61865234375
937.2381591796875
866.179931640625
4025.637939453125
18228.853515625
31795.7109375
36378.6875
28246.306640625
14749.4501953125
5835.6748046875
851.6319580078125
451.76483154296875
38.20090866088867
1.6159551918804027e-08
2.6142139120111096e-08
1.706218633046319e-08
1.417351924715149e-08
0.10405471175909042
4.799037933349609
960.5267333984375
4428.92431640625
14464.9658203125
27032.34375
32193.857421875
31595.541015625
22391.02734375
13672.513671875
4890.41162109375
1068.6253662109375
1223.9317626953125
2243.840087890625
11126.640625
27974.75
35883.6640625
33750.05859375
20105.443359375
10158.03125
3606.8837890625
212.66677856445312
92.6534423828125
7.7568583488464355
1.472912902755752e-08
1.7721724532293592e-08
2.2444332614668383e-08
1.0482048118376497e-08
0.03671255335211754
425.0601501464844
2574.381591796875
11420.01171875
22874.05078125
31745.283203125
33774.09375
28355.900390625
17719.34765625
8457.0205078125
3495.54296875
1860.666748046875
2688.157470703125
7174.67822265625
22872.396484375
33173.703125
36702.4140625
27248.408203125
15920.3525390625
4829.29345703125
1731.2918701171875
215.9997100830078
93.66160583496094
2.3731832499152006e-08
2.3291759632115827e-08
6.045672407140046e-09
1.441291974657588e-08
3.1092095564844158e-09
0.0
1246.4808349609375
5465.35791015625
19768.53125
28954.591796875
34912.1875
31732.650390625
23063.705078125
12633.80078125
7011.80859375
6026.275390625
6919.6943359375
9269.69921875
17720.158203125
30153.109375
36439.95703125
34381.28515625
22288.056640625
11165.6103515625
3187.231201171875
1334.178466796875
198.05897521972656
99.63220977783203
2.2340369554285644e-08
2.28034302551805e-08
2.199497473043266e-08
1.1049916537331228e-08
1.1948021239049922e-08
0.03497723489999771
2537.4716796875
10769.560546875
23098.849609375
32352.56640625
35515.92578125
32057.658203125
23288.0078125
17018.98046875
15606.58984375
14925.24609375
15721.1650390625
19171.736328125
28453.75390625
35630.68359375
36168.875
29730.87890625
20146.400390625
10347.3720703125
3386.971923828125
1425.86083984375
139.39927673339844
0.0
5.554597493073743e-08
1.7077153913191978e-08
5.149326298692358e-09
1.3876796600698071e-08
1.5441145251315902e-08
792.652099609375
4493.69873046875
13039.25
25016.349609375
34236.46484375
34973.74609375
33220.5859375
29013.484375
25531.09765625
25366.5625
26158.048828125
27798.263671875
29895.78515625
34636.234375
37413.21484375
34940.53515625
25620.923828125
14842.517578125
9444.1572265625
4251.275390625
2042.976318359375
321.8829345703125
16.9505672454834
8.680720497977745e-08
8.260095718526372e-09
3.0332210076977617e-09
1.9018223440525617e-08
1.541866900822697e-08
697.8731079101562
4555.349609375
11635.3095703125
22266.849609375
29719.904296875
32353.060546875
32166.7890625
32411.599609375
31173.681640625
30770.263671875
32102.751953125
32069.771484375
35664.703125
36398.796875
35943.03515625
31801.919921875
21541.388671875
14066.6884765625
8398.0126953125
3448.2744140625
1942.2562255859375
538.321533203125
15.271368980407715
7.75630013549744e-08
2.0584778326337982e-08
7.619918029888595e-09
2.130812326583964e-08
1.3255976760717658e-08
625.5101928710938
2506.408203125
7589.1484375
14210.2333984375
19645.810546875
22889.064453125
24100.732421875
24183.701171875
24289.26171875
24664.775390625
25192.96484375
29186.126953125
35131.96875
38188.515625
33452.40234375
24780.400390625
15482.7333984375
9859.1357421875
5547.27197265625
2048.486083984375
1394.404052734375
489.48895263671875
0.16887414455413818
2.4390374164795503e-08
1.9059690714584576e-08
4.318915447498739e-09
2.5599184994007373e-09
8.096894266174104e-10
0.0022702107671648264
1742.630615234375
3558.497314453125
7073.0712890625
9413.0791015625
11196.5078125
11289.10546875
11876.0078125
11140.6513671875
12433.9033203125
17016.505859375
28578.861328125
36065.65625
35048.82421875
27236.47265625
14858.103515625
8521.14453125
4624.845703125
1757.3311767578125
1423.257080078125
326.3181457519531
0.02937937155365944
0.04597838968038559
1.9138123974471455e-08
2.4536836562560893e-08
1.4213967780563053e-08
1.552441197816279e-08
1.1753364503874764e-08
559.3610229492188
596.659912109375
2098.441650390625
2935.856689453125
3194.965576171875
3844.48486328125
5169.0107421875
4822.1181640625
6553.03466796875
10629.2646484375
19010.240234375
32947.50390625
34102.21875
27941.5
16276.2021484375
6969.84521484375
3019.333740234375
756.4513549804688
506.03515625
16.218679428100586
26.24723243713379
2.357961470522696e-08
0.24116776883602142
1.0990430787671812e-08
2.2762806750620257e-08
9.119572652593888e-09
1.4713866569593392e-08
1.232506630088892e-08
3.2079070511059626e-09
167.6707763671875
309.0754699707031
449.2138977050781
1102.0321044921875
852.276611328125
2539.7236328125
3630.1923828125
5339.1328125
12297.037109375
24214.419921875
33806.79296875
31198.013671875
21938.984375
9639.494140625
4242.67822265625
344.85260009765625
143.6367950439453
143.00772094726562
20.499286651611328
19.621469497680664
5.492332458496094
2.0889863172612877e-09
4.504385309189729e-09
5.906903854935308e-09
1.280600780972918e-08
1.2581243602483028e-08
5.869058017360373e-10
2.0272155509815093e-08
136.77325439453125
261.3658447265625
228.62330627441406
521.7387084960938
728.3519287109375
1458.996337890625
3375.335693359375
7975.88037109375
17954.580078125
28352.287109375
30474.724609375
27478.1796875
14569.373046875
5742.931640625
2101.009033203125
333.0743408203125
320.3139953613281
182.24749755859375
87.58272552490234
41.38627243041992
8.548722267150879
5.442946982014973e-09
2.4994994518579006e-08
1.9293322495173015e-08
2.0556012447769945e-09
1.6014601200708967e-08
6.298999988274545e-09
1.8279456170944286e-08
2.857394099109456e-09
237.52520751953125
217.23008728027344
365.9414367675781
954.9705200195312
2570.6171875
4521.27685546875
11197.2041015625
21412.720703125
28989.1015625
28298.470703125
20394.8515625
9628.330078125
4233.4755859375
1646.2103271484375
282.64593505859375
219.45986938476562
162.58599853515625
100.12915802001953
88.5960693359375
6.339451313018799
8.030354499816895
0.0
6.4972431879084525e-09
6.5308380925444e-09
1.6086225684830424e-08
2.0481101259406387e-08
1.3096959072811387e-08
2.2226423368465476e-08
4.165438554082357e-07
88.05450439453125
196.2862548828125
597.2094116210938
2216.321044921875
5354.4765625
11863.01953125
22346.935546875
25112.5234375
23019.826171875
15230.041015625
6512.10205078125
2405.8935546875
747.2411499023438
266.4880676269531
210.84658813476562
74.68622589111328
52.300167083740234
1.4800599856812369e-08
1.8877136298556252e-08
8.851065635681152
6.30246639251709
1.3359179540373134e-08
7.19896853240698e-09
2.2388398690509348e-08
2.5311774010106092e-08
6.1829403819047e-09
2.192089709751599e-08
3.042243003845215
1.724799394607544
18.24810028076172
950.5430297851562
2178.917724609375
4752.24462890625
10532.912109375
15185.0126953125
18020.390625
15550.626953125
10301.4970703125
3194.35205078125
1262.19091796875
213.29502868652344
196.12359619140625
78.5361557006836
49.947174072265625
23.737335205078125
1.4142872650779736e-08
1.2554147055254816e-08
6.805499719320096e-09
1.3994356784508e-08
2.2430027613040693e-08
2.257371534142294e-08
1.5820690535406357e-08
2.2242073072220592e-08
5.216865606172405e-09
4.369295147910179e-09
1.8229279419301747e-08
8.62359619140625
11.193735122680664
73.12689208984375
740.4037475585938
2486.513916015625
3963.57861328125
5412.49951171875
6281.57958984375
6529.74462890625
2816.984130859375
774.317138671875
3.728623151779175
3.061034917831421
1.1030746698379517
0.0
9.089992758504195e-09
19.34287452697754
15.320450782775879
1.9488716418436525e-08
2.4474815063513233e-08
4.608805337369404e-09
2.1392137838915914e-08
3.93277765908806e-09
2.612083349617933e-08
6.476335911997921e-09
1.813117478377535e-08
1.6352514009554397e-08
9.423011704257078e-09
2.4033205647810973e-08
8.535882756177671e-08
1.718273381356994e-07
113.84278106689453
424.28521728515625
819.3527221679688
706.175048828125
312.8150634765625
56.96249008178711
57.778038024902344
4.2454619688214734e-05
3.9774924516677856e-05
3.9176913446681283e-07
2.780404031454964e-07
8.37096436612228e-08
1.5386167007136464e-08
0.014106410555541515
0.022321978583931923
8.840810750143646e-09
2.187022296595842e-08
2.5148825244514228e-08
1.616706768459153e-08
5.593883689591905e-10
1.2034044871711558e-08
2.4054787051142057e-09
1.4483301669088178e-08
1.0857577059653067e-08
4.6022812227874965e-09
7.40395611487088e-09
1.0197528155231339e-08
1.0264024297157448e-08
1.0499328517710182e-08
1.6101299848969575e-08
3.7109346067154547e-06
3.947807272197679e-06
2.48919707068751e-09
2.3424062689514358e-08
2.282266109432385e-08
9.365568764962973e-09
7.907360322079171e-10
1.3122426700817869e-08
1.1480840722555286e-09
8.941611895352253e-09
1.8644175980853106e-08
1.0969468666743865e-09
2.2817851774714626e-10
5.917226708618273e-09
6.366195570706168e-09
2.939664289769439e-09
2.3537204185686278e-08
