4.535594566590362e-09
1.1400269173122979e-08
1.1618658923850944e-08
2.6851715517750563e-08
1.067440891233673e-08
3.919435886956535e-09
8.755947966676558e-09
1.24808021695344e-08
1.2624312262232706e-08
1.886434297659889e-08
9.05303554343817e-10
1.3418176791901715e-08
6.155796761220245e-09
2.6880773162929472e-08
1.276611527600835e-08
4.2208716521940914e-09
7.765731169229184e-09
1.2903965007637908e-08
2.2302069524471335e-08
6.026605436915133e-09
2.1114731296734135e-08
5.377711609355629e-09
1.6440582228938183e-08
2.3423861961191506e-08
3.773223122838232e-10
1.4065576259270074e-08
1.3435970558361987e-08
6.621589943023309e-09
8.050290212224809e-09
1.7945874120073313e-08
1.768029278537142e-08
1.1052149417878354e-08
1.2950700956082528e-08
1.9547593765878446e-08
1.1208913797133846e-09
1.0242183101638602e-08
1.8490968756168513e-08
2.6321275825580415e-08
2.7019058990163103e-08
4.0691339187048925e-09
1.5769989758496195e-08
2.683670885517131e-08
1.7273890762226074e-08
1.3990522074180944e-09
6.7692904615057614e-09
1.758024126274904e-08
7.660771572659542e-09
2.220481398751417e-08
8.474637880340197e-09
4.8901891425146005e-09
4.8033572674910374e-09
3.4990044195382097e-09
2.4615410154638084e-08
1.3713701285666957e-08
1.2846954611234196e-09
1.0791953997113524e-08
2.0933262234734684e-08
1.565360463473553e-08
1.0264574079599242e-08
1.269269134240858e-08
1.275835348479859e-08
1.8966332504533057e-08
2.614222083252571e-08
1.5194803637541554e-08
1.5740811321052206e-08
1.4459232922092724e-08
1.864457566114197e-08
4.779492801532115e-09
2.5543467785382745e-08
1.3713926882985561e-08
9.737324724312657e-09
1.4832025385658199e-08
4.060545677475602e-09
6.779212191609929e-10
0.00029867602279409766
0.0003923812764696777
0.00026350730331614614
2.0442637804762853e-08
4.288659649631654e-09
4.131146091879145e-09
1.3740219628743944e-08
2.0007247414355334e-08
6.712666422714619e-09
1.987213593679371e-08
1.1140535161047183e-09
1.8101987464547165e-08
1.874269850432597e-09
2.447440827779701e-08
2.0988373705677077e-08
1.3703378876073202e-08
1.0552184903644957e-08
1.2238155377986004e-08
1.6017725812389472e-08
4.9838099869248254e-08
8.289460182189941
17.805679321289062
2.6526882648468018
2.117809295654297
1.4400620460510254
34.062835693359375
159.71505737304688
315.8194885253906
258.6208801269531
414.7295227050781
439.14410400390625
281.7723388671875
90.41404724121094
2.077718734741211
0.006337059661746025
2.7225281584719596e-08
1.4273046744506246e-08
1.470934396508028e-08
5.211319376030588e-09
3.2587155196495132e-09
1.7621013981283795e-08
1.0102203518158603e-08
1.92333047266402e-08
5.591923013525957e-07
5.323790333022771e-07
1.2786873639925034e-06
1.0550224781036377
16.526241302490234
809.5509033203125
986.1824951171875
1767.3665771484375
3227.15771484375
5422.76171875
7104.26708984375
8908.8837890625
9611.2001953125
10099.5986328125
9248.9970703125
8620.8818359375
8437.787109375
4648.58740234375
3469.93798828125
756.4779663085938
76.92522430419922
0.34139665961265564
2.4899383888055127e-08
1.597300247624389e-08
2.311685243228112e-08
2.7447887518405878e-08
2.6806207031881968e-08
0.0
5.33161141902383e-07
4.102141380310059
0.0
16.453012466430664
617.8593139648438
2532.914794921875
5930.44140625
10133.513671875
15872.9853515625
18361.71484375
22604.8203125
25630.541015625
26865.724609375
27858.330078125
26534.03515625
23261.958984375
19320.2890625
14840.3779296875
9984.2724609375
3570.17919921875
695.4251708984375
20.64483642578125
2.026484580142096e-08
2.342257587883978e-08
2.5900636302367275e-08
286.7063293457031
4.16765288946408e-09
4.479513648902866e-09
2.8220483727636747e-07
320.60498046875
574.7095336914062
676.703125
1681.659423828125
5283.29931640625
13184.423828125
22301.744140625
27508.44921875
32082.267578125
33079.44921875
32326.1796875
35489.65625
34145.296875
32499.90625
28219.9921875
22406.2421875
17573.75
11816.3125
5008.45703125
2037.381591796875
157.5055694580078
6.015090203703721e-09
1.1917634878955141e-08
8.889911029541508e-09
481.9969482421875
2.0871958383850142e-08
1.05997424171278e-08
1.7108808755874634
335.25750732421875
809.0118408203125
1982.0736083984375
5423.2138671875
12269.625
24411.365234375
28976.4296875
33052.94921875
33677.015625
31222.669921875
30915.19140625
29720.689453125
27995.892578125
25133.6796875
21169.166015625
17761.267578125
12120.2529296875
7884.63330078125
2333.168701171875
1851.38134765625
85.12152862548828
2.470383542174659e-08
1.6882241382631946e-08
2.5612626686211115e-08
1.0443690356964908e-09
0.00026190897915512323
6.48928288882189e-09
1.9524015188217163
306.5315246582031
2004.2374267578125
4924.59765625
10189.9365234375
19795.59765625
28045.70703125
32695.962890625
32102.583984375
25191.013671875
21845.8125
18310.98046875
16223.55078125
13940.5888671875
12993.4951171875
12396.6748046875
8413.0908203125
6964.810546875
3494.329345703125
2398.826171875
876.5037231445312
0.0
1.863534215829077e-08
2.8121288409010958e-08
8.052244204748149e-09
1.5919439988465456e-08
0.00026233456446789205
0.5819684863090515
8.120476722717285
461.2316589355469
2302.85009765625
6961.65771484375
14485.75390625
24243.05078125
31602.298828125
31863.146484375
23920.615234375
15611.349609375
10077.4453125
7396.576171875
7383.4150390625
8133.345703125
8289.5556640625
6339.3818359375
5707.7939453125
3240.523193359375
1252.2088623046875
991.805908203125
526.0571899414062
2.4132249976105413e-08
2.0052290494732006e-08
2.2370544527916536e-08
2.3384531644410345e-08
2.6684890741535128e-08
13.11866569519043
18.946311950683594
18.987674713134766
787.525390625
3685.69482421875
8674.169921875
17905.298828125
27271.44140625
30724.818359375
25376.6171875
18987.435546875
9437.3427734375
5366.86376953125
4381.3310546875
5063.7548828125
4995.76171875
4233.56005859375
3496.221435546875
2870.86767578125
1922.43310546875
650.764892578125
296.6302795410156
55.282325744628906
1.2816411931737548e-08
8.006182522501959e-11
2.2889605766351906e-09
3.8076426456257195e-09
1.0106532277731617e-09
17.989360809326172
17.247657775878906
15.964627265930176
917.3727416992188
4872.6083984375
12600.4267578125
21532.18359375
31095.083984375
32010.2109375
26289.767578125
21050.365234375
16951.162109375
14081.015625
12013.5693359375
9636.01953125
6805.572265625
3884.824951171875
2875.28369140625
1502.5277099609375
1132.349365234375
83.16938781738281
58.514381408691406
17.83332633972168
1.527063453465871e-08
1.8894596998109137e-09
2.31183978627314e-08
1.9840221909817046e-08
9.431111891444743e-09
7.990253925323486
17.613422393798828
87.67273712158203
1690.08203125
5611.45263671875
14482.94921875
24787.73828125
31105.28515625
33013.00390625
32358.50390625
28941.0703125
26056.18359375
24312.51171875
21096.828125
17180.517578125
10649.3369140625
6758.9931640625
3287.43017578125
1466.45751953125
454.9805603027344
34.263980865478516
4.8602519035339355
11.209668159484863
2.222590556044679e-09
9.68083391228447e-09
1.9001518580807897e-08
1.6989650575283122e-08
5.3475370798139465e-09
1.3567681200754578e-08
1.8766095308819786e-05
202.02719116210938
1812.44189453125
5306.86962890625
13427.5078125
22627.623046875
31770.828125
33018.8984375
31742.361328125
31474.998046875
30777.3671875
29735.689453125
28101.87109375
24693.654296875
20138.896484375
10423.720703125
4247.44482421875
1447.638916015625
322.1574401855469
0.8865289092063904
0.0008199780131690204
9.343069429235129e-09
2.717165870080862e-08
5.619448906202251e-09
0.00022092887957114726
2.537815646519448e-08
5.844266404153586e-09
2.657538189509978e-08
2.7808711777765893e-08
152.73049926757812
1177.1971435546875
3571.762451171875
11081.7255859375
17316.037109375
22503.095703125
24580.6875
22467.52734375
22324.607421875
24671.384765625
25966.55078125
29239.943359375
31295.375
25491.884765625
16371.421875
7700.56396484375
2194.6474609375
418.5139465332031
1.3713444471359253
1.8098376131092664e-08
2.769998808105356e-08
6.1970171216785275e-09
2.6505679429078555e-08
2.6593243092065677e-05
2.170998936179558e-09
1.4712099094538189e-08
96.88899230957031
119.84132385253906
77.29878997802734
1023.1868896484375
4316.37255859375
7494.6298828125
11402.162109375
13080.16796875
13739.404296875
12894.5615234375
12135.38671875
13539.6513671875
17123.064453125
22648.751953125
29169.55078125
31512.970703125
23550.751953125
10060.359375
2440.7626953125
1418.2996826171875
136.35269165039062
3.608301213375853e-08
3.4501712598000722e-09
7.512251265495706e-09
2.6252209295307694e-09
9.264379485784957e-09
1.4854006913367357e-10
2.68800981473305e-08
466.5687255859375
141.46995544433594
227.74327087402344
491.150146484375
2734.521484375
4432.6982421875
7762.447265625
8840.6103515625
7752.1865234375
6713.6982421875
5860.8359375
5783.47265625
8227.5693359375
15690.2490234375
27038.0703125
31866.1015625
26229.24609375
13315.98046875
3036.5888671875
1663.737548828125
171.07827758789062
0.0
7.548717206873334e-09
2.3312729524604947e-08
1.1244748243655067e-08
2.317644742788616e-08
6.845973121727411e-09
5.813520687070195e-08
129.2889862060547
834.1622924804688
1880.8211669921875
2421.868408203125
3803.4150390625
5009.69482421875
6556.109375
5736.619140625
4365.92333984375
2317.831298828125
2201.594970703125
1333.357421875
2735.175537109375
11106.8857421875
25760.232421875
31728.435546875
26484.4453125
15791.56640625
3440.388916015625
1609.6995849609375
195.570068359375
0.0
7.531211210221045e-09
3.5540486109653102e-09
8.847234944653337e-09
2.2891327944307704e-08
1.1954043088735489e-08
0.2873358726501465
786.9923706054688
3253.943359375
3927.644775390625
5236.8837890625
6296.10546875
7429.02587890625
7798.8486328125
4590.47021484375
2392.29833984375
1114.4810791015625
1058.2283935546875
1064.5308837890625
4861.5380859375
15424.3203125
28717.158203125
34348.34375
26544.779296875
14073.2958984375
3739.53173828125
1202.5103759765625
219.5013427734375
0.0
2.6298236477373393e-08
2.7257662793545023e-08
1.4267690140457034e-08
1.5016105692211568e-08
1.3803208354090657e-08
3.6567578315734863
966.1609497070312
4299.388671875
6948.34765625
11174.40234375
13003.6298828125
11951.8681640625
9753.5625
6951.1298828125
3990.031494140625
2289.494140625
2574.202392578125
4358.86865234375
12299.18359375
24541.560546875
32595.1640625
32536.798828125
21724.60546875
9850.42578125
2231.54248046875
603.18994140625
183.972900390625
2.30068533113581e-08
3.5347131444041224e-08
2.0185781934856095e-08
4.465926795038655e-10
8.745818291799878e-09
1.3190106784577438e-09
344.8303527832031
992.23193359375
4841.11328125
10048.9033203125
14553.177734375
16751.154296875
18135.86328125
16971.634765625
14041.8115234375
12044.4560546875
10826.6025390625
11168.5810546875
18477.123046875
26175.9296875
32405.615234375
33778.984375
28933.857421875
16086.4541015625
7064.18603515625
840.135498046875
578.413818359375
188.52340698242188
2.164183321440305e-08
1.8900060183568712e-08
1.8284584513139635e-08
4.642783490993452e-09
1.901418222871598e-08
2.609245974838359e-08
410.0826416015625
701.4657592773438
4400.94921875
9932.189453125
15006.8369140625
20185.220703125
24359.720703125
25616.09765625
26087.8203125
25887.4296875
25235.505859375
28105.802734375
28876.283203125
33556.703125
34440.63671875
29941.24609375
19255.466796875
9087.220703125
2351.77978515625
330.95263671875
13.62536334991455
0.04835033416748047
7.826333359162163e-09
1.0633607328003336e-09
1.3142880561645143e-08
2.3177086916348344e-08
1.3778596041902347e-08
2.3172395557935488e-08
0.08997153490781784
898.8845825195312
2534.444580078125
6958.05810546875
13039.888671875
18010.759765625
24842.32421875
30602.142578125
32126.73828125
34463.9765625
35367.6171875
34390.1328125
35499.8671875
33709.62109375
28184.5
18486.884765625
9662.7666015625
2997.783447265625
666.328857421875
2.4229629039764404
5.947099879222151e-08
3.1924795251825344e-08
2.189142911390718e-08
0.00019846102804876864
1.917121927874632e-08
2.318998326700239e-08
2.389362130372774e-08
2.1910402381308813e-08
0.284849613904953
252.0110321044922
883.7778930664062
2085.853271484375
6296.37646484375
12407.953125
17914.69140625
22605.591796875
28146.453125
31749.982421875
31243.580078125
29931.263671875
27900.77734375
20664.9765625
13186.654296875
7993.2001953125
2853.575439453125
554.090576171875
352.8441467285156
152.1597442626953
9.696051073149192e-09
2.6032326786662452e-05
3.720400931772616e-10
4.1186762334000093e-10
4.499314698591661e-09
1.5496548044779956e-08
2.1740538258541164e-08
1.6460148799524177e-08
0.22466908395290375
0.3311958611011505
75.5553970336914
365.0558776855469
1015.7456665039062
3472.92724609375
6399.54638671875
8148.20849609375
9989.5078125
12601.57421875
12299.599609375
9499.6796875
7884.8603515625
6656.78125
2714.235595703125
1307.3912353515625
77.10102844238281
0.08420778065919876
2.792615916291652e-08
1.7077820047006753e-08
2.2745598737827777e-09
2.8076835079104967e-08
2.7000531588328158e-08
2.797710507707052e-08
2.7511729783213923e-08
1.590106357696186e-08
2.378136576552947e-09
1.0999776201003897e-08
2.6977980738251972e-08
1.748893119213335e-08
1.3017941391524346e-08
1.5087309179762087e-08
21.470882415771484
425.1308898925781
653.1005249023438
1105.4361572265625
934.2188110351562
840.79736328125
596.3917846679688
422.8721008300781
34.32331848144531
30.247243881225586
2.1291103621479124e-05
2.544263111303735e-08
1.965678642079638e-08
6.122472751002306e-09
1.508339408928805e-08
1.1519918352576042e-08
6.8850032342027134e-09
2.8326489598384796e-08
2.766918472119073e-09
5.804605685000297e-09
4.344165027703184e-09
4.06351396975424e-09
1.4053429531202255e-08
1.8627561715334195e-08
1.710631991613809e-08
7.574917582076068e-09
1.2928921044874642e-08
1.8459271444726255e-08
2.825077283219457e-09
6.758406279061546e-09
2.857708292225425e-09
8.693646691426693e-09
6.473936080932617
6.1804890632629395
2.6934399599554126e-08
1.8905137011415718e-08
6.747181036104166e-09
2.279851507580588e-08
2.3605483789879145e-08
8.112026605999745e-09
9.851066629096294e-09
1.640105473654785e-08
1.432688012670269e-08
1.3590440772759393e-08
2.616099115115844e-09
2.11789306092669e-08
1.1789157206010259e-08
6.109833750045368e-10
2.0656242938343894e-08
1.776043845325148e-08
2.641716534412808e-08
3.4689280337119044e-09
1.0761747937237942e-08
1.3438723911463057e-08
1.5078526871548092e-08
1.1681693834475482e-08
9.528836386607509e-09
1.228200297020976e-08
1.5886390869468414e-08
2.761516171290168e-08
1.4348851884449232e-08
2.33492372103683e-08
2.0398493560946918e-08
2.6837584599093134e-08
3.6289644622655715e-09
1.224918833031552e-09
6.450876277597217e-09
1.8949579683180673e-08
2.6152120469191686e-08
2.261296216943265e-08
1.2500002810611477e-08
2.5870978248576648e-08
4.350222848614749e-09
2.034579971166295e-08
1.64558127124792e-08
5.070397879336497e-09
2.0931516075961554e-08
6.5352998568357634e-09
