1.534978011363819e-08
3.281410698718901e-08
2.873979809692173e-08
2.3481433686356468e-08
2.4994427860747237e-08
1.920949266320804e-08
1.8208913488138023e-08
2.3669377569035532e-08
2.3664828319169828e-08
3.6771020006654e-08
3.647562607511645e-08
8.749167612620568e-09
3.508827717269014e-08
1.2277229899382291e-08
8.852955701854626e-09
1.5296688360422195e-08
2.7103812527684568e-08
1.9295043784950394e-08
2.6536094210882766e-08
1.1858801940434205e-08
3.0034851050686484e-08
1.1938408484013507e-08
2.5079558430007864e-09
3.5555913768803293e-08
5.91525051163444e-09
5.1420570024163226e-09
3.31890959159864e-08
6.837587829267022e-09
1.8751785901827134e-08
2.4718058710959667e-08
2.599234605327183e-08
1.8041117044731436e-08
1.138821303925397e-08
2.4203485438079042e-08
3.032239348499388e-08
8.805574047698883e-09
0.053491897881031036
10.280707359313965
13.726076126098633
16.852802276611328
17.689634323120117
19.115991592407227
0.0
130.79159545898438
225.23915100097656
156.35528564453125
3.4441875129687105e-08
2.8962139353438943e-08
2.387449349328108e-08
1.3684580579820249e-08
3.949595850372134e-08
1.4137585546691867e-10
1.6074285014155976e-08
1.880733435655202e-08
2.4125585085243983e-08
3.0764525149606925e-08
2.8036735599812346e-08
3.601557096999386e-08
2.7720476580839204e-08
2.7892458120959418e-08
1.0060102084707978e-08
1.0664646055147387e-08
0.0030603576451539993
52.03109359741211
227.1190948486328
474.9039306640625
454.3618469238281
765.259765625
697.1771850585938
491.53173828125
471.18536376953125
178.37493896484375
319.2464904785156
196.8838653564453
143.3121337890625
2.6117868401343003e-06
6.712130016239826e-06
4.680105121224187e-06
1.5622624305322574e-09
3.517077118431189e-08
2.136173726796642e-08
3.03534442025466e-08
5.6400368819709e-09
2.734128123904611e-08
2.6344467940475624e-08
1.2360618306672677e-08
1.9048147947842153e-08
2.833673073965315e-09
3.3832058932148357e-08
65.98983001708984
928.0294799804688
1961.9124755859375
2633.355224609375
4033.3583984375
5231.443359375
5824.17578125
5391.84326171875
4401.0205078125
3413.06982421875
2755.850341796875
2481.3974609375
1214.2655029296875
343.4927062988281
5.887652150704525e-06
6.623530225624563e-06
0.0010980019578710198
0.0009800574043765664
0.0004525514377746731
8.3180671239802e-09
3.5427035527391126e-08
2.8899642678936743e-09
3.7019702858742676e-08
3.2084997769743495e-08
3.268540993417446e-08
8.773422877084158e-09
1.4003222581493446e-08
7.061498641967773
165.08834838867188
1180.4190673828125
3613.51806640625
6925.1279296875
8475.7978515625
10192.6083984375
11647.8818359375
13232.5478515625
11399.5546875
9180.4375
7789.71728515625
6545.87548828125
3348.4365234375
656.6831665039062
76.12813568115234
50.51263427734375
67.73481750488281
42.61054992675781
0.0004678264958783984
6.591686769752414e-07
7.984796823734541e-09
9.386204702366285e-09
2.495153417214624e-08
3.119922098449024e-08
2.6321300694576166e-08
1.2069763855038218e-08
3.471663845289186e-08
52.73189163208008
387.9488830566406
3469.29150390625
8156.111328125
12314.376953125
13952.056640625
17198.423828125
22097.517578125
22624.771484375
21635.01171875
17905.537109375
14426.18359375
10603.4619140625
8278.9365234375
3343.92138671875
523.1011352539062
143.0590057373047
89.58696746826172
45.14369201660156
0.00022474711295217276
5.409449954640877e-07
4.603345971077033e-08
2.2380085340500955e-08
1.5485703386275418e-08
3.037434481711898e-08
9.99463800610556e-09
3.907185686102821e-09
2.2023812107363483e-08
77.05585479736328
2284.329345703125
7126.85693359375
12116.833984375
16475.783203125
21202.521484375
24022.392578125
26245.50390625
28515.712890625
28329.375
27516.416015625
22284.107421875
16118.6337890625
11367.744140625
6167.068359375
2191.5
221.65704345703125
113.85948181152344
16.699098587036133
16.175256729125977
5.585654889728175e-07
2.962797118755134e-08
2.7499734045477453e-08
1.3552384103832082e-08
1.2638543545051562e-09
3.1235160236064985e-08
1.1957212109336979e-08
5.9291167531227984e-08
1191.048583984375
3559.551513671875
11175.3505859375
14966.1318359375
18147.001953125
23150.33203125
25876.427734375
26649.0625
26151.427734375
29978.0078125
30986.03125
28717.271484375
22930.533203125
15573.5439453125
7994.53466796875
2739.67529296875
416.1800537109375
69.08586883544922
27.643905639648438
19.545549392700195
9.729921401913089e-08
6.976632249688919e-08
1.5858004687174798e-08
3.7255052376394815e-09
1.689668671644995e-08
1.9488714642079685e-08
2.3259424608568224e-08
4.7423171167793043e-08
607.650146484375
4692.4580078125
11423.59765625
15045.5078125
17165.634765625
19156.0546875
20075.767578125
19976.517578125
20508.896484375
23029.33984375
27668.947265625
30980.662109375
28597.525390625
20604.166015625
9308.6220703125
4645.341796875
1114.736572265625
212.21336364746094
27.505788803100586
24.93404769897461
6.875566072039874e-08
0.14605557918548584
3.658895764147019e-08
1.9173524989923862e-08
2.59604515662204e-08
2.5735745978749947e-08
6.678361419432122e-09
0.007031725719571114
485.23577880859375
3634.545166015625
10682.6669921875
11883.2216796875
12612.2255859375
13305.5615234375
12044.9765625
12530.87890625
13958.3984375
16657.091796875
22012.05078125
29607.083984375
29447.052734375
23288.69921875
11771.1259765625
4969.36669921875
2299.07421875
546.1183471679688
181.35476684570312
0.09378122538328171
0.002359993290156126
0.0754936933517456
3.371049217548716e-08
2.8787287220666258e-08
2.3889610289984375e-08
2.5755424459816822e-08
1.760480294876743e-08
0.0
222.88961791992188
2260.219970703125
6268.70166015625
8117.83642578125
7372.08740234375
7239.62939453125
7230.37890625
6663.22900390625
7710.10791015625
9468.884765625
21569.310546875
28269.4375
29560.482421875
24877.55078125
12351.1025390625
4878.62646484375
2343.866943359375
637.1998901367188
161.9416046142578
0.11809367686510086
0.19164744019508362
0.09880857914686203
0.010360157117247581
2.1511050718459046e-08
3.0039146281524154e-08
3.1733900840436036e-08
4.559848498786323e-09
1.198842625171892e-08
71.69219970703125
1614.871337890625
3135.211669921875
2691.729248046875
2487.732177734375
3233.107177734375
3648.676513671875
4167.484375
6225.07568359375
8450.1318359375
22070.12890625
29464.51171875
29738.7421875
21374.4375
11648.9228515625
5243.03466796875
2015.7379150390625
1266.5062255859375
374.74395751953125
0.22044484317302704
107.65643310546875
29.388505935668945
0.054627977311611176
4.058789215832803e-08
3.4199032938886376e-08
3.685593696900469e-08
1.889219269912701e-08
3.64380454698221e-08
7.288269996643066
869.940673828125
1230.9033203125
1266.2635498046875
1465.167724609375
1545.103271484375
2146.56640625
4418.67626953125
5018.59423828125
13151.005859375
22494.43359375
29278.33984375
27800.447265625
20304.52734375
9815.251953125
4528.65771484375
1552.0826416015625
1664.4248046875
1412.9130859375
406.05859375
783.8206787109375
163.5435791015625
59.78472900390625
0.0
3.691813799111543e-10
3.6458764895996865e-08
1.8546852942336045e-08
3.7705934374798744e-08
7.470284461975098
317.97454833984375
706.7477416992188
1130.1900634765625
1359.274169921875
1883.6751708984375
3065.85595703125
5780.791015625
10119.4013671875
18185.923828125
25015.138671875
28856.90625
24339.765625
17119.47265625
10363.142578125
4858.74658203125
2255.71728515625
2334.782470703125
2744.504638671875
1513.8272705078125
1416.7783203125
1739.707275390625
753.4525756835938
0.021288754418492317
2.2674104371844805e-08
3.5982118617994274e-08
2.731456838489521e-08
1.4678327886485931e-08
0.0
49.57694625854492
1365.5279541015625
2476.9296875
4677.0458984375
6456.57373046875
10895.68359375
15242.1943359375
19298.09765625
25690.14453125
30071.03515625
26845.171875
22773.529296875
14404.2216796875
8683.2275390625
5025.8232421875
4434.75390625
3747.26513671875
3271.394287109375
3738.025634765625
3611.07958984375
2754.332275390625
1351.223876953125
80.72637939453125
1.64084283937882e-08
2.9912126109366e-08
2.536976850819883e-08
2.8548091890456817e-08
26.485605239868164
659.8435668945312
3070.46826171875
6484.5712890625
11029.1279296875
14839.9794921875
19122.49609375
24804.921875
28114.42578125
30771.392578125
28276.126953125
26381.501953125
20390.76953125
14246.7763671875
11669.787109375
10459.21484375
9591.0078125
9189.8583984375
7498.39208984375
8344.30859375
6675.79150390625
4288.77001953125
1214.2747802734375
75.44384002685547
1.2438650109913851e-08
3.4350740918398515e-08
5.738964858892359e-09
0.00017234573897439986
53.27301025390625
2067.686279296875
6677.7802734375
12057.4208984375
18035.296875
21229.279296875
25912.830078125
29904.875
32909.8046875
31603.98828125
29219.45703125
25948.208984375
21851.787109375
19168.482421875
18172.15234375
16159.0625
16477.55859375
15346.0673828125
15335.546875
15205.734375
12493.7880859375
8171.396484375
1020.0963745117188
2.907809175667353e-06
3.44077051295244e-08
1.911793390263483e-08
1.501301660766785e-08
0.2874845564365387
130.94180297851562
2873.849365234375
9600.5283203125
17102.498046875
22302.828125
27297.04296875
31239.197265625
31087.125
32892.74609375
31699.447265625
31106.474609375
30143.970703125
28916.775390625
27558.40625
26347.7421875
23586.5390625
23468.42578125
23345.0625
22867.642578125
20137.587890625
15839.8212890625
10159.9970703125
1279.730712890625
6.55652379989624
2.8975964738719995e-08
2.2126572574165948e-08
3.707341278413878e-08
0.0
100.82839965820312
2791.189453125
12402.0341796875
21296.857421875
26247.623046875
29167.5859375
30088.578125
31002.16796875
33714.51171875
32653.533203125
32038.65234375
30531.0703125
28855.71875
28672.052734375
28616.02734375
28637.361328125
28259.830078125
26966.3125
23868.576171875
22976.521484375
18034.029296875
8681.4169921875
117.70379638671875
2.7060482501983643
1.5827412269686647e-08
9.753700958015088e-09
3.149192906448661e-08
1.3639058771275359e-08
108.06573486328125
2686.436279296875
12018.81640625
22075.841796875
29652.501953125
31577.833984375
32201.724609375
33313.45703125
32460.458984375
31248.48828125
30771.13671875
26871.03125
26332.517578125
28299.9765625
26758.828125
26036.240234375
24115.6328125
24846.58203125
23498.099609375
20989.0859375
14810.03125
5696.93896484375
427.4060363769531
2.982101676707316e-08
2.5737239006673462e-09
1.8789958033949006e-08
1.7178466649170332e-08
7.112608280124277e-09
132.05154418945312
2097.204345703125
9376.6357421875
19628.88671875
27592.28125
31166.078125
31144.98046875
30059.529296875
27581.25
22685.14453125
20453.580078125
20357.814453125
18166.291015625
16583.044921875
17983.513671875
16179.3984375
14564.2353515625
13461.7353515625
12337.68359375
11248.494140625
8806.9130859375
2484.4697265625
455.3817443847656
1.8831814330155794e-08
1.223159173946442e-08
3.459003394823412e-08
3.1035270353640954e-08
8.036360910068652e-09
56.9777717590332
593.9469604492188
4568.3125
11113.2890625
18377.1484375
21743.8828125
21388.181640625
19643.115234375
14835.7353515625
12666.888671875
11353.037109375
9658.3740234375
8871.3623046875
7821.28662109375
6978.193359375
6174.5478515625
4615.39501953125
4385.57763671875
4906.69189453125
5160.552734375
4003.216064453125
2086.990478515625
168.10057067871094
3.9701735232711144e-08
2.3458431641643074e-08
2.988226910360936e-08
1.3766810802451346e-08
2.61779096177861e-08
0.9044411778450012
187.91439819335938
1954.00244140625
4701.794921875
7703.71923828125
9549.123046875
9997.728515625
8789.0498046875
7418.44384765625
4789.376953125
3756.322021484375
3393.1240234375
2691.7255859375
2712.735595703125
1893.958251953125
1812.7052001953125
1424.415771484375
1463.0107421875
1661.26513671875
2020.8280029296875
1505.607666015625
26.12083625793457
27.95580291748047
2.6161723454265484e-08
1.2285648942622629e-08
2.7578785477544443e-08
3.998871989097097e-08
3.494564193573524e-09
1.6469936525709272e-10
1.3880177736282349
631.7540893554688
702.0867309570312
1684.7301025390625
1514.6605224609375
1455.8973388671875
1344.0888671875
1071.6065673828125
549.6305541992188
297.9237060546875
458.7508544921875
892.20703125
1024.6591796875
782.5950927734375
542.3261108398438
406.3316345214844
386.1380310058594
373.5062255859375
188.33937072753906
6.646111488342285
1.5188868045806885
0.41541919112205505
2.969549717235509e-09
1.6308749906102094e-08
2.3631836043591647e-08
4.048015256330473e-08
1.7852485711955524e-08
1.956784245749077e-08
3.825462968620741e-08
478.60113525390625
416.1566162109375
358.27020263671875
84.1759262084961
59.26073455810547
51.24791717529297
66.25065612792969
230.44155883789062
120.75176239013672
259.884521484375
336.39263916015625
660.320068359375
613.1617431640625
478.0287780761719
178.24322509765625
174.15025329589844
171.17828369140625
3.633714199066162
2.88962459564209
0.8104267716407776
0.000795656000263989
1.3603834503328471e-08
3.2147429607221056e-08
2.331739601402205e-08
1.07948654459733e-08
2.0631903296930432e-08
2.4279062316168165e-08
8.332068368588352e-09
3.1779539000353907e-09
0.03379108011722565
30.126224517822266
43.754783630371094
31.958450317382812
44.11458969116211
36.33200454711914
17.19309425354004
17.13965606689453
65.99022674560547
61.39157485961914
49.263797760009766
14.205578804016113
13.892868995666504
10.280415534973145
0.20511828362941742
0.46073615550994873
0.0808781310915947
1.4009380322477227e-08
0.0008001541718840599
0.0010048224357888103
7.767165577377e-09
3.972487405690117e-08
1.7544115493706158e-08
2.959926348466979e-08
1.5446735446289495e-08
3.810416870919653e-08
5.715322881627571e-09
2.8595154688559887e-08
6.503942984181776e-08
7.287867020977501e-08
5.36087334523927e-08
2.3982961394608537e-08
0.018633002415299416
0.03370306268334389
0.03685624897480011
0.02032439410686493
9.547408103942871
6.113991446454747e-08
3.187392749737228e-08
5.008435621789431e-08
5.998268193252443e-08
7.388718614720347e-08
2.9765388376290502e-08
3.4435334583804433e-08
9.239221832046951e-09
3.0924314220470706e-09
2.312135727322584e-08
3.07481897721118e-08
2.5173330087113754e-08
7.709890503804218e-09
1.2918069280942746e-08
2.335880822101899e-08
2.5514465207265857e-08
2.2462314674953632e-08
6.717030931469026e-09
3.91762640106208e-08
1.703222096693935e-08
3.914925628123456e-08
3.7682028164454096e-08
4.0584534843901565e-08
7.958123049434107e-09
3.878582788274798e-08
2.8301753829396148e-08
3.871492282314648e-08
1.9450361321560194e-08
2.8288835163259307e-10
5.5587423553049575e-09
7.31474569803936e-09
1.4721422303409781e-08
4.153114741001218e-09
2.9700246706454436e-09
1.1072492256403166e-08
2.3572608753852364e-08
1.0378726322812781e-08
2.6478971903998172e-08
3.053271413477887e-08
1.3930851139321021e-08
