7.090170672796603e-09
4.303644551839625e-09
1.0987935894490874e-08
1.0526064464499996e-09
6.333188196094852e-09
6.914798067469974e-09
1.6100666355711724e-09
3.592748099023879e-09
1.3323624870054118e-08
1.1275671951693766e-08
9.114573096269396e-09
1.6842578443032608e-09
1.2294876228224894e-08
3.394773573361931e-09
7.179151051417421e-09
3.3132128152146834e-09
3.2739415622984325e-09
3.750545651826087e-09
3.976118045923016e-10
7.723365946787908e-09
4.0861527494939764e-09
3.0080014035149816e-09
1.130383076031194e-08
1.0714361842190101e-08
1.0691176832722249e-08
1.3223584449661985e-09
4.758165861318275e-09
2.885877536940029e-09
1.3511275431810077e-09
4.4571515367408665e-09
9.634697484273147e-09
1.3171274737544536e-08
5.987435436338728e-09
9.842605841470231e-09
9.857527238921193e-09
6.339531122279141e-09
8.016733055171699e-09
4.412608056725276e-09
1.7836242482971443e-09
2.650329733455692e-09
6.932406648729739e-09
3.3930669385284773e-09
1.3391159292552857e-09
1.1434092783701999e-08
2.5277966386738626e-09
6.4626042295401476e-09
1.268942995125144e-08
1.228514090456656e-08
1.1679115452523092e-09
2.7689353032656072e-09
1.297912977094029e-08
1.2449454800389503e-08
3.124734249126959e-09
5.934826519116143e-10
8.726060762853649e-09
4.529545627462994e-09
1.0255053695118477e-08
6.050522749490028e-09
3.884554455879652e-09
4.537612063870711e-09
9.248089405389237e-09
9.154713431769324e-09
9.589792071551528e-09
1.2165567220279172e-08
8.293440600937174e-09
3.38711991787477e-09
2.0863131222625952e-09
1.2242040270393773e-08
5.6259850111928245e-09
7.345838159977802e-09
3.0297353514896486e-09
1.1877320460484952e-08
1.2331634602347208e-09
6.7848722196117706e-09
8.623445069133595e-09
5.122561930193115e-09
7.85036213812873e-09
1.8234169729680616e-09
2.497155371372628e-09
6.407042452138967e-09
9.239022880080938e-09
8.37359959149353e-09
1.2480138700254884e-08
7.475124408351519e-10
7.845953220453339e-09
5.911966471927599e-09
8.132519546677486e-09
1.1230172347609368e-08
2.4041739710156662e-09
1.1014691381205921e-08
7.3305366221632084e-09
2.518953934327328e-09
1.1670201693902982e-08
2.671900034556529e-09
4.871208325596399e-09
0.0005222141044214368
0.05091138184070587
5.012322902679443
38.105064392089844
94.87406158447266
213.045166015625
232.48135375976562
758.0577392578125
894.5137329101562
401.0545349121094
110.77655792236328
69.55499267578125
65.86676025390625
1.2236505142482201e-08
9.792298527599996e-09
1.241774327809253e-08
7.125912748762175e-09
7.476586016963438e-10
1.2569701723919025e-08
5.526295865365682e-09
5.002145808674641e-09
1.0966199504025553e-08
9.421902369410873e-09
1.3324031655770341e-08
1.9863154676613703e-08
0.0014157805126160383
0.0016057745087891817
46.37638473510742
112.59304809570312
496.5915832519531
2488.84423828125
4702.6376953125
7021.97705078125
10429.2646484375
13110.484375
13076.1708984375
10742.6982421875
7311.4345703125
3874.36669921875
914.4804077148438
118.19117736816406
0.10097850114107132
7.296248938359895e-09
1.0729505284245988e-08
1.0429485719498643e-08
2.563888212847587e-09
6.246921202546218e-09
4.0519196886634745e-09
1.2626750756083993e-09
360.156005859375
313.2726745605469
103.25157928466797
0.0
37.028743743896484
398.2596435546875
560.4622192382812
814.3760986328125
3542.093505859375
7480.83447265625
13768.8349609375
18079.60546875
20922.1015625
23249.435546875
24531.107421875
23973.087890625
18765.03515625
12750.9130859375
4820.537109375
546.9969482421875
291.95489501953125
1.351871592447651e-08
7.298480930728601e-09
8.694115649632295e-09
1.0095837943424613e-08
1.2848738739634769e-09
1.4814051096934122e-09
1.1003681521515318e-08
278.03570556640625
250.59738159179688
275.0490417480469
289.6367492675781
341.37664794921875
688.9212036132812
810.5615844726562
3203.68408203125
9326.7158203125
16512.873046875
22127.423828125
25698.71484375
25189.146484375
27762.685546875
27553.873046875
27863.78125
25621.318359375
19603.2421875
12711.1796875
4097.5927734375
577.475341796875
1.5552418020092773e-08
8.174816379380445e-09
5.758732601890415e-09
3.0732707489988798e-09
9.800364964007713e-09
5.421758597634607e-09
1.3302396517644866e-08
267.9493713378906
158.26861572265625
235.0334930419922
183.61695861816406
559.0545654296875
1050.241943359375
2880.3046875
9902.05078125
17010.431640625
23098.1328125
26270.68359375
25644.447265625
26319.19921875
25297.6953125
24496.416015625
25540.25390625
26879.494140625
24855.681640625
18509.08984375
7502.6865234375
1780.3580322265625
5.7338343850688034e-08
2.387158914984866e-08
4.041987633485178e-09
1.2211785360705107e-08
1.2174295349609565e-08
4.7327985157608055e-06
4.748166304580081e-10
2.964265943816713e-09
15.513399124145508
24.2465877532959
625.5751342773438
785.3698120117188
2798.6474609375
9243.1298828125
18255.96875
23112.091796875
26179.822265625
27184.26953125
25236.80859375
23763.44921875
20233.22265625
20227.615234375
22398.486328125
24493.703125
25555.767578125
21972.89453125
11157.6728515625
3010.60400390625
6.5474104360419e-08
1.5351432125498832e-08
1.2443573282894249e-08
9.845256165874616e-09
8.064670709018174e-09
6.8253132035067665e-09
5.8906750588505474e-09
6.6595782222123034e-09
22.20393180847168
77.7784652709961
607.1346435546875
2879.935546875
7028.27587890625
16770.810546875
24279.931640625
27896.421875
26528.068359375
23132.0703125
19556.966796875
15868.6025390625
12693.083984375
13030.12890625
17234.611328125
21564.13671875
25236.83984375
22540.603515625
13317.408203125
2616.225341796875
2.7776803079859747e-08
3.323201047678026e-09
1.241306168964229e-08
1.3003274013101418e-08
6.173384914376356e-09
4.141250453670864e-09
1.0324097132752286e-10
4.934185060534446e-09
25.70907974243164
284.03216552734375
1310.4666748046875
6006.3095703125
16131.3662109375
23748.6875
27220.646484375
27060.150390625
23153.974609375
18882.400390625
12251.0322265625
8120.06396484375
6630.09912109375
7924.3828125
13400.01953125
19008.869140625
25549.08984375
23618.763671875
15443.65625
3766.838623046875
1.8728858464100995e-09
9.091561281593386e-09
2.719941383233504e-09
7.098704291053082e-09
2.3342210386800843e-09
1.689035994401067e-10
2.2719301440154993e-10
7.041696115095419e-09
40.84116744995117
823.5438842773438
5481.8642578125
13095.470703125
22103.615234375
26737.197265625
28638.841796875
22432.73828125
17942.525390625
11653.0224609375
6071.58154296875
4094.84033203125
3670.410888671875
5171.134765625
11679.6259765625
19273.880859375
25731.755859375
24288.73828125
15680.5166015625
3374.6552734375
1.502694191302112e-09
6.75217481926893e-09
1.940378746567717e-09
6.058458179580839e-10
4.735831282687286e-09
7.0277335062485236e-09
9.906990783292713e-10
1.15317106974544e-08
47.66923904418945
2221.047607421875
11495.75
19403.845703125
26942.1875
26924.8984375
24470.18359375
15701.0869140625
9626.4482421875
5105.06787109375
2806.070556640625
1768.71484375
1954.62255859375
5480.94140625
11717.4873046875
19575.228515625
25913.376953125
24808.4296875
14264.0244140625
2089.591064453125
7.752728237164774e-09
5.616467735336528e-09
3.552802052553261e-09
1.2821968375931192e-08
8.126072259528883e-09
7.022551429258783e-09
3.313243457370163e-09
0.0
888.2315673828125
7924.67822265625
17159.0078125
24654.638671875
28020.84375
24767.80859375
17332.76171875
9409.677734375
4592.55224609375
2733.606689453125
1844.072021484375
1358.389892578125
1669.6827392578125
5326.765625
13147.076171875
22629.494140625
27029.552734375
23190.892578125
11920.8193359375
1524.636474609375
1.0223825119837215e-09
1.172692609685555e-08
2.0289658841932123e-09
1.2918050629195932e-08
3.519789737449486e-10
5.989790885507773e-09
2.5959692173671556e-09
68.7854995727539
4577.19091796875
12785.234375
22298.634765625
27741.37890625
25724.125
20481.62109375
10038.138671875
4371.734375
1987.780517578125
1294.505615234375
1062.106689453125
933.743896484375
2511.774169921875
7493.04443359375
17072.857421875
25124.6484375
26268.521484375
21201.951171875
9576.9404296875
1037.4490966796875
1.0322827037612115e-08
1.3014711974790316e-08
3.989656605085656e-09
1.2113122949131139e-08
1.8585369909729366e-09
7.193321494014526e-09
1.0033369690631844e-09
2674.197509765625
7996.27099609375
18717.29296875
24973.373046875
26455.095703125
23243.529296875
12869.9169921875
5142.2978515625
2099.33154296875
1313.811767578125
665.2246704101562
406.2688293457031
769.086181640625
4033.844970703125
11069.2421875
21611.927734375
27380.123046875
25807.681640625
17156.91796875
5543.462890625
573.5108642578125
8.21069967571475e-09
4.139860010354823e-09
5.8987428275258935e-09
5.546359815866708e-09
1.110337155552088e-08
1.0918268955606436e-08
1.5400750637054443
3764.141357421875
12412.064453125
20689.0234375
26603.001953125
24420.95703125
16725.9921875
6777.11572265625
2973.201904296875
1809.351806640625
643.7210083007812
455.2416076660156
1641.486083984375
4357.46142578125
8903.498046875
18411.89453125
26388.30078125
27582.392578125
23336.21875
9945.1064453125
3110.34130859375
118.9867935180664
8.034567455794672e-10
2.505178509082384e-09
4.577304757447109e-09
1.0647884352010806e-08
1.967817020442908e-09
1.2507530122718435e-08
3.1178436279296875
6310.8291015625
16871.431640625
23384.0078125
26160.927734375
21647.2421875
11997.521484375
5173.2744140625
1847.3614501953125
476.714111328125
492.1568603515625
1761.56396484375
5066.7802734375
9638.2607421875
15826.6103515625
24486.935546875
28250.28515625
25733.5390625
15201.6904296875
5062.09716796875
1409.8165283203125
6.964874744415283
0.022045034915208817
6.3679324036058915e-09
1.0721226573195963e-08
3.746520871317216e-09
1.238800795277939e-08
1.291479634346615e-08
2.7640864849090576
8227.71484375
18389.16796875
25342.009765625
24896.599609375
19188.150390625
9747.4072265625
3365.567138671875
2392.6484375
2310.363525390625
3709.130859375
7140.1484375
11784.142578125
20054.970703125
25237.060546875
27094.4140625
26408.810546875
18506.626953125
8180.76611328125
1717.91455078125
228.2658233642578
2.4312002658843994
1.1853705572661966e-08
3.654793134799661e-10
7.080681818649737e-09
9.377769671914393e-09
1.1147599288108268e-08
7.512876543103175e-09
4.120152473449707
8944.802734375
19664.080078125
24697.009765625
25127.208984375
17973.427734375
11360.5009765625
6365.22021484375
7164.76025390625
9021.412109375
11543.115234375
16285.6611328125
22248.232421875
25656.703125
27835.341796875
26843.234375
18976.357421875
9286.6904296875
2605.2880859375
917.8584594726562
9.475996017456055
0.0
2.5403368297816087e-09
7.45730055484728e-09
9.555777502612273e-09
2.7175852679306445e-09
1.2604734145327257e-08
1.126410964502611e-08
191.70401000976562
8137.78662109375
19613.525390625
25736.33203125
26412.10546875
21508.6328125
17176.62109375
15544.361328125
16426.6796875
18522.275390625
22744.69921875
24817.6796875
27646.96875
28812.27734375
25169.650390625
17923.466796875
8819.306640625
2818.99462890625
1032.4364013671875
398.408935546875
93.9734878540039
0.0006421152502298355
1.0781102233181628e-08
8.88327189585425e-10
3.544968096846901e-09
1.599913312944068e-09
1.2826798290177521e-08
6.467702373669226e-09
380.9317321777344
5828.12255859375
16262.640625
24496.33203125
27619.09765625
26314.4375
25639.837890625
25466.361328125
25683.9765625
26300.935546875
27729.765625
28516.15625
27690.2421875
23203.728515625
14084.6162109375
6537.50146484375
3038.950439453125
1318.7720947265625
389.4112243652344
306.4500732421875
65.60186767578125
0.000502474547829479
6.723608891867627e-10
1.3351360905744514e-08
5.1254529509492386e-09
1.2893131007274405e-08
2.7110018674392222e-09
5.818910242538777e-09
464.743896484375
3422.35595703125
11600.580078125
19843.966796875
24065.498046875
27836.626953125
28068.66796875
28690.23828125
28193.337890625
27828.275390625
26421.671875
23006.009765625
17098.158203125
9864.68359375
4436.77978515625
1912.760009765625
889.019287109375
678.51806640625
93.7298583984375
0.0005208133952692151
1.2956527406515761e-08
3.0441535958658505e-09
1.2761481649192774e-08
8.217982738756291e-09
4.022874033893231e-09
1.602292631908142e-09
1.2283923211953152e-08
3.5131411113553668e-09
0.045250993221998215
917.0284423828125
4884.82958984375
11515.8828125
17623.56640625
21941.71484375
23223.91015625
25086.15625
24422.365234375
19938.001953125
15689.3515625
9898.427734375
5237.92724609375
1866.880859375
1016.7244262695312
317.3958740234375
236.760009765625
136.42124938964844
0.021965553984045982
9.7209067462245e-09
4.753081928043912e-09
1.7301619026355297e-09
6.471591706969093e-09
1.1154088319642597e-08
7.424159620406101e-10
1.1955028078602936e-08
8.767336190373953e-09
5.759098198332424e-10
6.153052733992581e-09
0.5332356691360474
504.9984436035156
2219.380859375
4324.08349609375
5333.16162109375
6659.7958984375
5742.16455078125
5193.2900390625
4179.1162109375
1892.491455078125
468.7429504394531
192.6866912841797
37.62039566040039
6.043281078338623
0.18967154622077942
1.3116880914765261e-08
5.543109082850606e-09
1.160961016211104e-08
1.483628775389434e-09
1.0878466127905995e-08
3.3214793138114374e-09
1.8412612545759544e-09
1.0533784511324029e-08
3.817207661072075e-11
2.9101629994698897e-09
8.528165729160264e-09
9.8309680396369e-09
3.1732654282023987e-09
4.28680690944816e-09
5.534080416147447e-10
3.989272912008346e-09
1.4068032072600545e-08
0.007809875532984734
0.007598301861435175
0.00835815817117691
0.006775290705263615
0.007147560361772776
0.0
7.841011395726127e-09
4.79724837632034e-09
1.0284625595602392e-08
1.2774894031508666e-08
9.976967696445627e-09
1.247070002818873e-08
7.421168124466249e-09
1.14137730378161e-08
1.3058215841965648e-08
2.9014022295825725e-09
1.0606028277848623e-09
2.4410919952089216e-09
2.1092074753426004e-09
2.877217575303348e-09
1.7774435256967536e-09
1.2404163918233735e-08
9.811915724355913e-09
1.202790578247459e-08
1.263891991065691e-09
1.0803301364603612e-08
4.024127697732638e-09
5.229323196687119e-09
7.006528246478183e-09
4.872121373011851e-09
8.442714083400915e-09
6.63441301895773e-09
5.4300270946328055e-09
5.503782318783124e-09
3.9523047057343774e-09
1.08889937067147e-08
9.915212650923877e-09
5.4760449508250986e-09
2.16912665607083e-09
8.874519785706525e-09
3.181794161477569e-09
2.3613924149401555e-09
7.371604660022513e-09
8.1098514570499e-09
1.0549114914937263e-09
5.172773320794022e-09
1.1927299148339898e-08
1.316536835105353e-08
9.303209758115827e-09
2.9568543169489203e-09
5.260818891628105e-09
1.9275343543512236e-09
2.4094803929841646e-10
2.704252821672526e-09
1.0098763603139105e-08
8.925169048268344e-09
5.333273822571982e-10
1.2788400560737045e-08
3.2047682285707424e-09
1.2328420950780128e-08
2.6346245185493444e-09
6.482033576560298e-09
7.625155618029567e-09
5.487983401053498e-09
4.339879844383887e-10
2.1378010472972164e-09
9.694037572671732e-09
2.3580397634503925e-09
1.0892442503518396e-08
3.336093623573788e-09
1.2549305594689031e-08
1.0584527920798337e-08
6.993478685046739e-09
8.425010911139452e-09
6.527191676042321e-09
9.699925307415924e-09
