1.5586355317509515e-08
1.3980645974243089e-08
4.274727682940238e-09
2.5998456720799368e-08
1.7223916515263227e-08
1.6135100366909683e-08
2.3849631602956833e-08
1.6358542964667322e-08
2.9146155711146093e-08
3.276991122902473e-08
7.58643547982274e-09
2.8538968521729657e-08
1.8510815102956713e-09
1.188887743808209e-08
2.7972534510922742e-08
3.2699190910534526e-08
2.592908820986395e-08
2.9690722769259992e-08
2.986532976478884e-08
1.311549091553843e-08
2.713043301127982e-08
3.202363529908325e-08
2.854674718832939e-08
2.4266267217853965e-08
3.210298871181294e-08
1.9020351516019218e-08
7.8847289808337e-10
4.9476991392793934e-09
1.0790496496326796e-08
1.142886341121141e-09
2.993084446956118e-09
8.512758831180633e-10
3.561673400653831e-09
2.1119321402807145e-08
3.175367746521829e-09
1.0620808232886247e-08
1.0638976810639633e-08
7.887468456146962e-09
9.801802924869207e-09
8.647076832346556e-09
1.513679315223726e-08
4.803037967349155e-09
6.436482458127557e-09
2.8217440828370854e-08
5.97709481908737e-09
1.0246059112262174e-08
1.3972790924299261e-08
1.6505140365552506e-08
2.805360388435929e-08
2.987178282509717e-09
1.1407685462927475e-08
1.8770968779335817e-08
6.598118496015104e-09
6.802925778259805e-09
9.97029214744316e-09
2.411501753840639e-08
1.8866076700874146e-08
2.7834055060793617e-08
3.156144856575338e-08
2.8025265663700338e-08
3.2783336045838496e-09
2.9472065676827697e-08
1.7604254720637869e-09
8.041276977621692e-09
3.8755367803844365e-09
2.6976110234500084e-08
1.584529174536442e-09
2.3966258311247657e-08
1.0423134355619368e-08
2.5147047111317988e-08
4.646062023994091e-08
4.376794748850443e-08
5.5999095138759e-08
2.3410770211285126e-08
3.200628384547599e-08
2.33288677264909e-08
1.4169796003216106e-08
2.2710892721988785e-08
3.0771398762396984e-09
1.3091172590407041e-08
4.753390570044758e-09
3.1543956335866596e-09
2.578001101483096e-08
2.563523970877668e-08
3.0860164201840234e-08
3.226461231520261e-08
2.5625306321330754e-08
2.1168281350014695e-08
1.5452430446316612e-08
2.5985675833339883e-08
1.53244563705357e-08
2.7948621195150736e-08
2.2864336202133018e-08
5.025775906553065e-10
4.7731640862025415e-09
3.209674748205771e-09
8.240429671957372e-09
4.533395525641026e-08
4.9076966490702034e-08
5.423557425388026e-08
4.963498412280387e-08
4.127939234876976e-08
1.97802929591262e-08
2.4839730272674387e-08
2.4038445900487204e-08
9.354126362381976e-09
1.5304895129020224e-08
1.4251751778715516e-08
7.421694370179921e-09
3.0273604068042914e-08
2.109025132313036e-08
2.4163233192098232e-08
1.0070645428683633e-09
2.8565567689042837e-08
2.860214110000925e-08
2.9179503258092154e-08
2.3797850356999106e-09
1.0518702353579101e-08
1.5099598016377058e-08
5.1335180550893256e-09
2.533911214186446e-08
3.0166205533532775e-08
3.4801301840303722e-09
1.757896939125203e-08
4.1519065518969e-08
3.727128744125366
4.481875419616699
4.154074192047119
6.7032060623168945
2.5336477756500244
2.5271947383880615
5.176730155653786e-08
5.274103287433718e-08
107.19695281982422
0.0
1.711316066632662e-08
3.923996061416801e-08
2.295321444023557e-08
2.6346478332328616e-09
1.0038646358623282e-08
1.984177799840836e-08
9.499624198383572e-09
2.2237566454919033e-08
1.766693813465281e-08
0.0013016167795285583
0.002585514448583126
1.0399938821792603
0.7491438984870911
2.579261541366577
31.445775985717773
879.0564575195312
1124.7919921875
1546.1494140625
1499.399169921875
1072.888671875
698.984619140625
336.2259521484375
174.98074340820312
201.04559326171875
175.24986267089844
205.321044921875
119.77086639404297
0.0
4.353376681365262e-08
3.563393491390343e-08
3.802042769507352e-08
1.1967461688300318e-08
3.0553142238431974e-08
6.966115240203408e-09
6.858345003024624e-10
19.620037078857422
0.0004252560902386904
0.10575518012046814
336.0051574707031
671.5932006835938
763.6331176757812
1472.3890380859375
2349.59765625
4081.20166015625
4906.12353515625
6345.02685546875
6247.42138671875
7471.408203125
7748.373046875
7176.99658203125
6351.83935546875
6046.4072265625
5108.63232421875
3420.042724609375
1811.0411376953125
1227.43505859375
998.8732299804688
122.38944244384766
2.6879051873152093e-08
4.72213557145551e-09
4.787900742542206e-09
1.4797730152338318e-08
2.9865109496540754e-08
27.908098220825195
276.1731872558594
596.1925659179688
2249.2109375
3119.377197265625
5109.25732421875
8131.90380859375
11586.341796875
14028.826171875
17547.05078125
20387.8828125
24633.037109375
26508.998046875
27642.064453125
28859.9296875
29781.06640625
30407.7265625
29137.248046875
26073.408203125
17974.2109375
7678.70166015625
3836.90380859375
1114.9017333984375
418.41357421875
1.3152863687082572e-08
6.126613882884158e-09
1.707815400209256e-08
5.129542827606201
0.0
576.241943359375
1121.474365234375
3146.225341796875
6823.4404296875
9718.6904296875
13325.546875
19011.263671875
26355.578125
33889.86328125
35268.828125
37715.41796875
37857.71484375
37940.88671875
37211.7265625
35380.69140625
36940.671875
37605.28125
35025.1953125
28347.763671875
16102.57421875
7111.5498046875
2903.873779296875
332.9653625488281
7.838046878205773e-11
2.0664201016984407e-08
1.8578687033254937e-08
21.073463439941406
0.011646594852209091
151.94686889648438
1499.9013671875
3466.466796875
7507.56591796875
13487.54296875
19412.958984375
26859.037109375
33316.984375
37076.09765625
38618.12890625
36899.609375
36604.66796875
33440.640625
32108.95703125
33733.25
35928.88671875
37980.92578125
39360.37890625
29220.166015625
16845.578125
7449.42578125
2822.11376953125
166.34622192382812
197.3730010986328
2.894953077259288e-08
6.320927781189312e-09
0.0
200.34738159179688
364.3443603515625
888.254150390625
4160.52978515625
8096.9619140625
14615.642578125
21518.267578125
30119.8359375
32760.322265625
33492.78125
31651.4609375
27064.552734375
24052.923828125
21346.26953125
20332.45703125
24247.39453125
33731.8671875
37660.92578125
36719.43359375
26144.041015625
15213.9892578125
6996.0068359375
2149.39111328125
266.5128173828125
225.7893829345703
2.9077533270083222e-08
1.1806614352849465e-08
3.184278726577759
250.5836181640625
273.75921630859375
808.0545043945312
3661.106201171875
7686.68408203125
14291.421875
21652.431640625
26752.677734375
26406.447265625
23752.21484375
17642.9375
12325.9296875
9346.8134765625
9094.1083984375
11134.15625
21757.564453125
33002.37890625
39077.25390625
34522.6875
19961.943359375
11604.8759765625
4129.47705078125
956.6326904296875
15.411795616149902
0.11281616240739822
3.0722464572363606e-08
1.2138035465625308e-08
1.0481498335934702e-08
178.41754150390625
65.4483871459961
935.8277587890625
2672.29248046875
6459.54443359375
12476.14453125
19233.36328125
22135.79296875
18580.998046875
12612.4013671875
8471.859375
4286.1181640625
2664.972900390625
5695.9921875
14236.4619140625
28858.314453125
37517.2734375
37756.71875
25957.466796875
16917.875
6613.81884765625
1766.0992431640625
289.7439880371094
0.13131006062030792
0.10864107310771942
1.7012885322742477e-08
1.8545817326298675e-08
3.13512771299429e-08
4.482381132930868e-09
30.63348960876465
901.5806884765625
2534.045166015625
4696.580078125
10136.1328125
13886.4716796875
14200.2001953125
13115.0576171875
7045.94091796875
4122.71923828125
3271.73779296875
4057.466064453125
10165.80859375
23902.294921875
36363.73828125
39974.22265625
33142.69921875
20090.94921875
9295.517578125
3054.954345703125
862.5831298828125
170.44557189941406
7.068119884934276e-06
1.4420962202166265e-08
2.066843229897586e-08
1.9654930127899206e-08
3.074603682762245e-08
7.476947949669466e-09
66.52745819091797
796.9486694335938
2665.05224609375
4752.30517578125
7229.01416015625
9875.005859375
10359.1845703125
7545.86767578125
4909.90673828125
4173.19970703125
3978.53857421875
6650.64404296875
18596.681640625
34668.6953125
40180.86328125
38015.0625
25202.708984375
12540.376953125
4209.08447265625
1215.0400390625
151.98541259765625
0.0
1.2203755431983154e-05
1.3484124039564449e-08
1.0918181914121305e-08
2.3815392324877394e-08
1.7640838123611502e-08
1.7016112963119667e-08
115.49455261230469
459.7760314941406
1798.7362060546875
3979.790771484375
5307.65478515625
5666.90771484375
5114.79150390625
5270.74853515625
3813.724609375
4056.55322265625
5085.447265625
15084.263671875
32604.365234375
39837.60546875
39311.75390625
29881.890625
15218.7392578125
4537.89013671875
1711.36767578125
793.9400634765625
88.18323516845703
0.5621018409729004
1.2392871212796308e-05
2.6415163389970076e-09
1.6413620684829766e-08
2.495221274045889e-08
5.281729276163105e-09
0.034365493804216385
309.8179931640625
135.3055877685547
818.5997924804688
1778.8714599609375
2141.66845703125
2497.38330078125
2914.597900390625
2453.736083984375
3114.27783203125
5530.31494140625
12303.4697265625
29825.1796875
41050.09765625
42097.73046875
33913.125
17565.015625
5267.47900390625
1820.010009765625
394.29913330078125
426.8808288574219
0.5048285722732544
0.05478275939822197
0.02051631174981594
2.4712550228400687e-08
3.0566759789962816e-08
9.857854976758063e-09
2.517624331233037e-08
0.0
84.87810516357422
101.81368255615234
130.78904724121094
352.9827575683594
831.8184204101562
1203.7230224609375
1754.6685791015625
3009.83642578125
4987.80224609375
9155.572265625
23561.7890625
38478.67578125
43499.5859375
37204.00390625
21162.1484375
7589.109375
2530.28759765625
409.1539306640625
250.19667053222656
270.2823791503906
25.727497100830078
16.688196182250977
18.86842155456543
7.717574135313043e-09
6.385211026582738e-09
3.047670915634626e-08
1.939383764693048e-08
0.22614386677742004
0.0
107.4323959350586
12.477867126464844
10.390687942504883
230.89251708984375
622.703369140625
1227.0172119140625
2800.926025390625
7461.22216796875
18740.341796875
37658.3671875
43808.91015625
39196.53125
25114.23046875
9695.6298828125
2603.017822265625
547.5468139648438
451.1731262207031
320.21136474609375
491.2391662597656
175.98880004882812
83.93788146972656
54.08434295654297
1.6315942374944825e-08
1.1712120162599149e-08
1.809782901318613e-08
1.0172510833683646e-08
1.1281325207335158e-08
0.2424016296863556
0.23761768639087677
8.24893856048584
6.878081321716309
249.59954833984375
383.76812744140625
2730.953369140625
6823.05908203125
15819.7578125
33136.1640625
43745.30078125
40780.65625
31109.451171875
12872.203125
3962.597900390625
572.8243408203125
414.96527099609375
517.3028564453125
426.0671081542969
432.3399353027344
336.3513488769531
487.2586364746094
415.1800537109375
8.521063854516342e-09
8.241721083379616e-09
6.621346138047102e-09
1.5843461653730628e-08
2.982116242833399e-08
0.2639588415622711
5.530086517333984
12.099076271057129
176.50953674316406
653.6309814453125
1796.444091796875
5234.779296875
13156.685546875
27189.61328125
39889.5
42338.57421875
34109.05078125
14199.5888671875
6169.607421875
703.6959838867188
281.0759582519531
399.73394775390625
388.3878479003906
403.1235046386719
305.3169250488281
296.38555908203125
2.800997300766994e-08
8.485106839373202e-09
2.3846460805998504e-08
1.1720742598697598e-08
3.084325683744282e-08
2.100208185140673e-08
2.7932594903745667e-08
4.919921398162842
13.384146690368652
23.2093563079834
497.3824462890625
2289.52294921875
5314.3662109375
10890.240234375
23046.787109375
37581.265625
40605.81640625
35882.96484375
19251.552734375
5959.0625
2320.631591796875
260.3666687011719
164.1415252685547
112.09849548339844
224.6066131591797
205.4713134765625
207.52127075195312
91.20372772216797
2.4238484996885745e-08
2.0598006855720996e-08
3.787269164945428e-09
7.785540212523756e-09
2.705686519277606e-08
1.0172016118303873e-08
2.5811720760771095e-08
11.6674165725708
8.461128234863281
489.8663635253906
1385.3408203125
3750.55029296875
8703.18359375
20626.884765625
32456.69140625
41814.64453125
35908.0703125
23629.865234375
9455.5234375
2709.903564453125
848.611572265625
70.22870635986328
37.93621826171875
63.929542541503906
1.8629405498504639
119.6399917602539
214.35093688964844
203.1389617919922
0.0
2.662851628087992e-08
2.2555659562328856e-09
2.8887976455393982e-08
2.187274006359985e-08
1.5137427311628926e-08
4.7559205462732734e-09
10.403128623962402
238.9544677734375
1031.5924072265625
3505.03955078125
6915.49169921875
14950.0166015625
26449.962890625
36863.58984375
37597.87109375
28233.732421875
12689.984375
4723.396484375
479.8678894042969
243.8586883544922
39.465576171875
39.28555679321289
3.3079044818878174
1.811454176902771
1.8245095014572144
255.3817138671875
211.0015869140625
168.9661102294922
1.7026094312200257e-08
2.805535004313242e-08
6.979921085559226e-09
1.2569454810318348e-08
2.3805549531630277e-08
1.996082055200077e-08
2.466390647271055e-08
552.62158203125
1944.88818359375
5563.7568359375
10835.0185546875
20543.26953125
30454.6328125
36826.859375
30617.5390625
17029.384765625
6860.029296875
1109.028076171875
203.88128662109375
228.67105102539062
21.553550720214844
0.03857658803462982
0.07653746753931046
2.00842547416687
1.9659548997879028
0.0
123.57855224609375
3.3033076274335826e-09
5.3986171089093205e-09
1.1280929967938391e-08
2.896484296854851e-08
2.700013901346665e-08
2.3998794063118112e-08
2.351551842139088e-08
2.1206851386068593e-08
1009.9487915039062
2504.06494140625
5441.1865234375
11462.310546875
18748.576171875
28186.953125
30740.75390625
20825.111328125
9647.830078125
3438.932373046875
699.474609375
182.52943420410156
54.12213897705078
6.503904614874045e-08
1.1084630990865207e-08
4.919511866319226e-06
7.601900961162755e-06
7.70281894801883e-06
1.0115342341521227e-08
124.0904769897461
3.2135316629933186e-09
2.086968642345255e-08
2.0789759247463735e-08
3.171872009488652e-08
4.00285538049161e-09
1.16283862539035e-08
8.612982549394133e-10
4.140453757628393e-09
232.458984375
2289.24609375
3392.869384765625
7212.892578125
12019.5947265625
15936.791015625
16809.091796875
11893.861328125
3483.230712890625
523.6220703125
53.57259750366211
0.028453364968299866
0.01838572882115841
8.383950422796715e-09
1.9623598745965865e-08
1.8487977815340173e-09
2.1599577237907397e-08
3.1152136870105096e-08
3.857989039346421e-09
3.2236613378699985e-09
1.262942728175176e-08
2.864762826959577e-08
1.6139443559382016e-08
1.2333071230941073e-09
1.5497684913157173e-08
1.9599633915845516e-08
2.9304572990440647e-08
2.5456774466192655e-08
0.0
134.81134033203125
372.30694580078125
451.8893737792969
378.2184753417969
124.57872772216797
141.07095336914062
78.55282592773438
95.26319885253906
0.052305251359939575
0.00212794728577137
6.154809106817538e-09
2.1949903228346557e-08
3.433370032723815e-09
2.4932091946539003e-08
2.377461960634264e-08
8.612274227104422e-10
2.9145498459115515e-08
6.113936024121358e-09
2.8185413114556468e-08
2.451525382696218e-08
3.4812583926679963e-09
1.2832763296444227e-08
2.887551175945191e-08
