1.77212029772722e-11
1.1011126038740215e-11
2.4124584274698435e-11
1.6210584957709884e-11
9.854237217887807e-12
5.5682857630356963e-11
3.55799521789546e-11
9.972649789302679e-11
6.883552755576616e-11
6.320973692380827e-12
8.414701574421812e-11
3.126410935694324e-11
6.747429898883509e-14
2.951200048229019e-11
1.949489528141335e-11
3.737298664985289e-11
6.762283007860637e-12
2.7711662825558037e-11
1.9181553914671134e-11
9.054573757438789e-11
1.0245749387793879e-10
6.097100255231247e-12
5.0216050068163653e-11
1.0308520009827404e-10
9.806485484764593e-11
5.536017130824966e-11
1.9446397617195466e-12
1.0107093634248443e-10
1.009112307603921e-10
7.050249967166522e-11
6.902918514573031e-11
9.134262790588821e-11
6.088557436001452e-11
5.719690693295476e-11
8.793857309008501e-11
9.004050283145659e-11
7.998179896162583e-11
6.542399261233456e-11
1.1798452839717477e-11
8.142960611356997e-11
7.915587629803156e-11
9.853045462859811e-11
9.672328042664713e-12
3.6762027449954715e-11
7.350522968074813e-11
2.9785802296844466e-11
9.375680787293561e-11
8.380742280711395e-12
8.705222653837552e-11
3.753690414054489e-11
1.6361001095588357e-11
9.120002669726901e-11
1.9558741778946676e-11
4.155214713974509e-11
8.681254326514676e-11
2.7050429604602577e-11
1.8287487843493544e-11
1.0243592085679154e-10
5.957526139077629e-11
1.2150430835078385e-11
9.725542593486125e-11
1.2782270901456894e-11
2.4695695141629947e-11
9.12783824219554e-12
1.6906238561875675e-11
7.133647839108193e-11
9.148019841642707e-11
8.460875750015973e-11
4.036513137628539e-11
3.0665186102202258e-12
3.9440863769391044e-11
3.057228775693588e-11
0.007691918406635523
0.0075566996820271015
0.010427572764456272
1.294354068370751e-10
6.94361998454518e-11
2.6857597827911377
3.647606134414673
2.2551794052124023
0.03286419063806534
6.142290842614528e-11
9.718612720144293e-11
8.859703942709629e-11
2.7011832440942962e-12
9.853056565090057e-11
3.4562381168862233e-12
7.172473032168725e-11
9.039484438755352e-11
1.899349601208744e-12
1.241635093351956e-11
9.815255552769742e-11
0.0
25.456016540527344
104.54975891113281
100.4269027709961
313.5986633300781
362.6484375
369.1673889160156
484.0156555175781
457.9922790527344
301.1221923828125
198.23667907714844
326.5649719238281
274.54815673828125
503.41058349609375
1059.4869384765625
1115.80908203125
523.8336791992188
6.772800445556641
11.70764446258545
9.160833550070357e-12
1.899749281497609e-11
1.6390411597400067e-11
3.234884235481239e-11
4.2841220154743453e-11
5.747895562291383e-11
4.8102254818216394e-11
0.0
113.38612365722656
131.44915771484375
156.40797424316406
358.8719482421875
271.09765625
451.3832702636719
584.3133544921875
1067.4700927734375
2714.34912109375
6147.01611328125
12401.73828125
20686.453125
23327.47265625
18379.212890625
11169.775390625
4909.50732421875
2588.63671875
1048.0968017578125
24.784231185913086
1.877770335056983e-11
7.022497860997845e-11
8.235698234493327e-11
8.023522124478433e-11
0.00045600885641761124
0.002715625800192356
0.0003769360773731023
1.1420399914641166e-06
29.170164108276367
109.37208557128906
123.2968978881836
169.64559936523438
306.8456115722656
547.1228637695312
1439.3575439453125
1711.490478515625
2529.547607421875
5875.32958984375
13371.9052734375
25837.423828125
38765.6015625
42773.5
33936.2265625
19465.39453125
9239.0263671875
4226.31689453125
1275.2598876953125
13.823891639709473
219.46075439453125
4.7001475628194456e-11
5.244586449154598e-12
4.5507438095615527e-11
8.592396932849411e-11
0.0004374367417767644
6.630603177626426e-09
86.88036346435547
6.319444179534912
49.8183708190918
280.0502624511719
326.50823974609375
432.3650817871094
2033.3701171875
2682.610595703125
3480.55810546875
5402.5625
10227.98046875
21056.755859375
37998.36328125
48124.17578125
48582.6171875
36133.7734375
19680.326171875
9418.9169921875
2874.97265625
1384.26513671875
0.003429318079724908
0.004354216158390045
0.0033011678606271744
3.879133819717495e-11
6.88483853261701e-11
2.0635918190237135e-05
0.005677693523466587
22.498292922973633
2.5511081218719482
6.36574649810791
172.52090454101562
295.6301574707031
347.945068359375
685.6362915039062
2432.03125
3527.636962890625
4447.76708984375
6443.64208984375
14864.2568359375
29854.59375
46058.94140625
51042.953125
47183.6875
31027.220703125
15344.853515625
7840.41943359375
2511.23388671875
1644.1134033203125
27.540491104125977
184.58131408691406
0.004621017724275589
7.149638520109747e-11
6.632382837379325e-11
3.8256720708007563e-11
4.6728215047364685e-11
14.575636863708496
0.0
1.3290876150131226
57.353851318359375
307.9991760253906
442.45025634765625
819.8087768554688
2539.474853515625
3416.345947265625
5033.490234375
10762.91015625
20861.896484375
42003.375
52299.01171875
52700.4921875
40638.9921875
21474.421875
11214.7666015625
5258.66650390625
2276.704833984375
981.9000854492188
332.6873779296875
0.0004568134609144181
9.500599612577432e-11
4.8800279789373846e-11
0.023704135790467262
9.945499285235471e-11
0.0
1.0091215363328132e-10
4.0298004932992626e-08
0.020541515201330185
1.7855979204177856
72.98446655273438
415.4893493652344
905.807373046875
1723.7281494140625
3617.49853515625
7644.71533203125
15115.34375
31512.572265625
47161.96875
51843.6640625
48562.87109375
31803.771484375
14908.68359375
6668.61376953125
2291.878173828125
1127.771728515625
674.5070190429688
246.66993713378906
2.173285196249708e-08
8.982710408833583e-11
9.949012447219019e-11
0.03495251387357712
7.65469632124649e-11
8.807485990525166e-11
5.3345348971500783e-11
4.142041206359863
2.8872830867767334
7.10646390914917
63.45281219482422
186.73411560058594
341.6251525878906
1784.2371826171875
4116.8359375
9144.119140625
24031.07421875
44190.1640625
51878.7421875
52663.41015625
41184.43359375
20616.978515625
7145.82568359375
2704.39697265625
831.1131591796875
688.1702270507812
636.899169921875
200.18209838867188
2.019539202535725e-08
2.9337789142491744e-11
5.748339998445928e-11
1.5864018987343798e-09
1.556480500042312e-09
0.1831217259168625
0.0
1.669655347313892e-08
6.739607334136963
13.488581657409668
43.88243865966797
136.1357421875
543.9867553710938
1637.15380859375
5382.751953125
16983.466796875
38745.84375
51692.9609375
51918.07421875
47983.71484375
28434.876953125
11042.767578125
4700.24951171875
884.30712890625
564.9884643554688
438.6886291503906
100.9067153930664
8.8247652053833
3.331082742974445e-09
8.483065638831278e-11
9.910948450819745e-11
5.2060637051321024e-11
1.0401146090244229e-11
0.3166515529155731
0.0
3.600040932028037e-09
6.410918235778809
11.593603134155273
40.20683288574219
231.81573486328125
451.9653015136719
1804.8795166015625
10086.9189453125
28232.001953125
49327.31640625
53353.828125
51796.41015625
37014.9765625
16811.787109375
5613.00048828125
1023.4717407226562
582.0250854492188
435.3689270019531
288.7047119140625
110.98294067382812
73.98685455322266
52.602535247802734
8.328520512135285e-11
3.4977132301605707e-11
3.915728158387921e-11
7.088159226231738e-11
0.18299414217472076
3.87274066981913e-11
1.5797362029612572e-10
6.400077801060888e-09
9.17662525177002
49.261810302734375
84.44705200195312
761.6607666015625
5523.97509765625
18778.3203125
44800.4453125
52854.0390625
53749.05859375
47937.921875
25474.623046875
7501.42626953125
2130.97119140625
519.25390625
659.8349609375
401.0617370605469
123.957275390625
118.56389617919922
99.66374969482422
95.14933013916016
1.4472378156993315e-11
5.27216811874176e-11
2.723604328180862e-11
8.737732065666748e-11
2.6564698219299316
6.39397668838501
77.13121795654297
1.355573296546936
8.567691802978516
54.89969253540039
458.3714904785156
3644.56787109375
12385.931640625
33924.34375
51228.03515625
54854.6796875
51771.69140625
35889.10546875
12683.7958984375
4081.818359375
999.701904296875
719.7434692382812
836.1965942382812
659.3230590820312
662.1347045898438
557.1364135742188
84.73699951171875
0.0
4.558778268076713e-12
9.7826122202882e-11
8.830695202854955e-11
0.0
1.4842463731765747
4.242434024810791
0.06393372267484665
166.8748779296875
191.55612182617188
565.6599731445312
2962.19677734375
8315.74609375
24246.4921875
48308.0078125
53914.2890625
53423.0
45518.62890625
22390.17578125
5395.171875
3025.509033203125
803.2569580078125
351.930908203125
549.9913330078125
617.683349609375
364.0347900390625
135.234375
0.0013498121406883001
3.0146614371506786e-11
1.0101101205473029e-10
5.346606490874706e-11
1.8479462751685993e-11
0.06763523072004318
2.6025465116319424e-10
0.0
6.830171585083008
278.322509765625
557.3934936523438
2660.047119140625
6589.1083984375
16952.30859375
42300.7734375
52093.37109375
54147.05078125
50311.4921875
31829.8515625
9289.048828125
3487.3486328125
1939.1256103515625
930.6428833007812
253.61424255371094
218.15328979492188
173.94944763183594
164.7106475830078
160.66079711914062
150.41616821289062
5.5048611502517275e-11
7.696745324414778e-11
7.820862013563357e-11
8.197206802229573e-11
5.243168399449161e-11
2.3028035034400318e-10
4.951880931854248
184.06741333007812
699.2521362304688
1856.3726806640625
6332.56982421875
12851.8837890625
30618.322265625
50290.17578125
53442.2890625
50857.90234375
38381.13671875
15429.6240234375
5542.064453125
2021.994140625
1934.741455078125
1350.091796875
688.8128662109375
558.5753784179688
679.8759765625
215.46441650390625
141.78909301757812
187.708251953125
8.560217118480651e-11
8.233034393123617e-11
1.2082234518429047e-11
2.943978741343223e-11
4.350244123263458e-11
1.1486191858756101e-10
1.9446290731430054
683.2880859375
1280.9954833984375
4557.14990234375
9358.7998046875
21308.99609375
43436.15234375
52976.3359375
52309.4765625
45147.734375
26420.30859375
9116.412109375
3981.3310546875
1901.0457763671875
1683.6708984375
1083.483642578125
557.5391235351562
555.2994384765625
459.93646240234375
33.78105926513672
108.36925506591797
301.63287353515625
7.849510624824418e-11
1.011094263869694e-10
8.08654965905875e-12
0.042276907712221146
6.868516172486849e-11
219.12338256835938
8.921692848205566
634.5648803710938
2960.72607421875
8001.84375
15898.015625
33595.375
50353.71875
53266.08984375
49508.65625
34238.62109375
17585.490234375
6696.416015625
2752.96728515625
1885.0546875
1266.3037109375
1093.357666015625
686.9076538085938
644.5699462890625
98.47640228271484
33.978904724121094
6.332866191864014
0.035794977098703384
2.4660180147906274e-11
3.4571723955822975e-11
5.771221694983453e-11
6.689428178052736e-11
0.553070068359375
0.9697349071502686
21.58626365661621
1178.153076171875
5635.30859375
11667.45703125
24572.779296875
46927.8125
52843.83203125
52094.6953125
41271.38671875
23496.40234375
11291.2294921875
4913.666015625
3128.878173828125
1578.9814453125
703.6209716796875
540.237548828125
412.84881591796875
133.60491943359375
10.916665077209473
1.9126629829406738
4.992837905883789
2.3496975898742676
7.828435122370081e-11
6.157342691270884e-11
1.6048395251599956e-11
1.494510591670828e-11
0.920767068862915
0.8725630640983582
55.91948699951172
2318.781494140625
7940.13134765625
16810.490234375
34683.8046875
49504.01171875
53145.79296875
46556.80078125
31350.041015625
17765.146484375
8068.60498046875
4513.47705078125
2803.648193359375
1035.716552734375
815.8338012695312
596.364013671875
498.9032287597656
195.5751953125
6.845526218414307
0.040537234395742416
0.30006691813468933
0.0
5.5989827357771915e-11
2.0331805683504456e-11
7.273139035479659e-11
9.08421601830689e-11
0.9640291929244995
0.713359534740448
61.673946380615234
2335.68701171875
8389.9453125
18962.427734375
38438.7734375
50251.96484375
49098.37890625
38273.57421875
23223.716796875
11890.865234375
4765.7705078125
2438.574951171875
1249.478759765625
970.405517578125
717.9672241210938
563.9069213867188
227.71710205078125
87.79151153564453
0.01638607494533062
0.0003283159458078444
0.000329698872519657
8.05102608865127e-05
0.0
2.7982241523893947e-11
5.111019593662114e-11
2.334955145899542e-11
1.4351835692094639e-11
2.9327970607617715e-11
194.36549377441406
3303.80810546875
6476.60205078125
18270.263671875
37144.2421875
44569.2421875
40712.6875
25683.828125
13064.8447265625
4726.43212890625
3210.50244140625
947.5354614257812
307.86102294921875
264.536865234375
233.70887756347656
113.2156753540039
96.17229461669922
0.3427492380142212
0.23354217410087585
0.08206425607204437
0.0007368717342615128
1.3334202186854327e-08
8.487324265615825e-08
5.424837662415527e-12
3.462857778302464e-11
3.162714187765481e-11
9.853724086683613e-11
8.029097525730222e-11
0.0
1256.3946533203125
2772.12890625
7130.4755859375
10585.498046875
15345.134765625
12832.19140625
8089.708984375
3347.5966796875
1013.8134765625
460.60577392578125
26.00824737548828
12.10449504852295
6.58121395111084
0.03568293899297714
0.03248973563313484
0.019972242414951324
2.192420879509882e-06
1.4741060567757813e-06
5.563607692718506
8.995645200959856e-11
4.6854490773351465e-12
6.298578325569792e-11
5.053972171320531e-11
8.520867345040983e-11
2.3678304109098214e-11
5.8111526007875725e-11
5.926785451304539e-11
0.0022665064316242933
40.63410186767578
641.5728149414062
1198.381591796875
1174.7672119140625
916.528076171875
416.3475646972656
294.3516540527344
24.851442337036133
23.038850784301758
0.14431358873844147
0.15200304985046387
0.10994116216897964
0.12200965732336044
0.10290180891752243
0.0423235259950161
1.0036328712548226e-10
7.703934712388616e-11
7.710919402992289e-11
7.784655732534507e-12
2.9088592645720723e-11
6.389866413769596e-11
3.508477189329007e-11
5.695546811956831e-11
3.744966836638497e-11
7.182293648710925e-11
8.379921062617868e-11
6.131738172765466e-11
3.876098053634536e-11
6.718264833338594e-11
1.6836051996982349e-10
6.378394479256144e-10
1.1881443606753805e-09
0.6642338037490845
0.9014352560043335
0.5553346872329712
0.3146243095397949
0.010686504654586315
0.0026605690363794565
2.3697160553282082e-11
8.365474979399323e-11
9.403716694222908e-11
8.655846872596129e-11
1.5246916576505676e-11
1.1851190168110648e-11
4.9288829961913194e-11
1.1201673269511936e-11
7.947335844971093e-11
9.495462055530979e-11
6.544610773456805e-12
4.618990953608737e-11
3.0108696785768885e-11
4.7094089045129905e-11
9.930026939608538e-11
2.1196324209715733e-11
2.1941223143917554e-11
9.149735136215753e-11
1.026553061306279e-11
5.654303067426092e-11
9.716180637830973e-11
8.981979049416111e-11
7.865189749489687e-11
9.448169330239509e-11
2.9349599139916194e-11
3.121852776288847e-11
3.024882427871134e-11
4.700194053408602e-11
9.731727923512068e-11
9.869914781301947e-12
8.634227881276768e-12
4.5573034929136114e-11
9.520848692767814e-11
6.566445304168056e-11
2.6503823007811844e-12
6.42372335879493e-11
9.672661283044448e-11
1.3018169875422814e-11
2.7069497685050514e-11
1.043618177987149e-10
1.7060282006542415e-11
