2.0348089435628935e-07
2.4499092887708684e-07
1.1795927434832265e-07
5.007199632700576e-08
1.3757190231444838e-07
7.723064499032262e-08
1.548672514672944e-07
2.457529433286254e-07
2.2946063893414248e-07
1.3917451191503005e-08
1.202829480462242e-07
4.62685356694692e-08
8.431303655243028e-08
2.433051804473507e-07
4.470395609246225e-08
7.747016184111999e-08
5.702626992842852e-08
1.0448557929976232e-07
1.682083592413619e-07
3.6381514689765027e-08
1.1027713497924196e-07
1.8776698595956987e-07
8.21065953005018e-08
1.4581380014533352e-07
8.0323928841608e-08
1.4311292773072637e-07
9.410764789663517e-08
6.2093015174014e-08
5.468378816431141e-08
1.3811329324653343e-07
6.042363054348243e-08
2.2447983383244718e-07
1.1791639309421953e-07
1.1095837137986564e-08
9.434036485345132e-08
1.508333866695466e-07
9.900239916760256e-08
1.3440532597996935e-07
1.795531119341831e-07
2.484687229298288e-07
2.3426791528891044e-07
2.1194352939346572e-07
9.410967294343209e-08
2.4269451159852906e-07
1.394549826727598e-07
2.4677493115632387e-07
1.825502664587475e-07
4.579559842454728e-08
1.438107801732258e-07
2.0784302279253097e-08
4.2239040709546316e-08
2.5656401447804456e-08
1.4476704279786645e-07
9.971993364388254e-08
2.4523163233425294e-07
2.188047574236407e-07
1.8477859953236475e-07
9.256860522555144e-08
4.079564419612325e-08
2.2137727739846014e-07
1.2713398689356836e-07
2.3072951194080815e-07
1.3115641195327044e-07
1.857029872098792e-07
1.3024052236687567e-07
3.4704584095379687e-07
2.1393897498001024e-07
0.0540262907743454
0.06542734801769257
2.2287082401817315e-07
2.3700236795320961e-07
0.01641627587378025
0.0159571785479784
0.02200889028608799
3.4730389870674117e-06
1.3729587635680218e-06
2.076958026009379e-06
3.4224242426716955e-06
3.2560624276811723e-06
1.5928254981645296e-07
1.9391598016227363e-07
9.564096359326868e-08
1.2490700385114906e-07
8.067671330991288e-08
1.4960063765556697e-07
1.92412983324175e-07
1.8324465145269642e-07
5.7820766841132354e-08
0.0
1.0568984798453585e-08
3.024147687824552e-08
0.016330229118466377
23.89927101135254
134.37037658691406
781.9974975585938
1801.60302734375
3156.985107421875
3493.136962890625
3085.695068359375
2502.610595703125
1457.6708984375
747.9073486328125
552.3221435546875
461.32525634765625
106.53260803222656
56.02180480957031
17.550600051879883
0.1662815362215042
0.12403306365013123
2.4159135136869736e-07
2.166759287547393e-07
1.1064778959735122e-07
3.0739702339133146e-08
2.1168810349081468e-07
9.19704756796591e-09
1.0734989075444901e-07
1.0587839227582663e-07
493.13275146484375
541.863525390625
1286.3497314453125
4018.381591796875
7782.4326171875
11438.3564453125
15611.310546875
18836.548828125
22545.345703125
23062.552734375
23367.142578125
19580.580078125
16254.3896484375
11605.6298828125
6509.837890625
4045.6806640625
1218.656982421875
1000.9213256835938
679.0072021484375
82.88585662841797
8.503580772867281e-08
5.9307215138915126e-08
1.437934997738921e-07
9.903632047780775e-08
1.927059543049836e-07
9.654154808913518e-08
6.260334828311898e-08
247.82077026367188
978.490234375
1406.0787353515625
4597.17431640625
9580.5029296875
14017.39453125
20066.314453125
24575.583984375
28526.5625
29703.046875
30961.048828125
31648.28125
30355.310546875
25890.392578125
20772.6484375
13640.013671875
7369.68310546875
2970.99755859375
1920.4241943359375
1003.1561279296875
147.41726684570312
1.01345463576763e-07
1.3771557227926223e-08
1.4310698759345541e-07
1.0234211345050426e-07
8.781777438571226e-08
1.0058464283702051e-07
252.91355895996094
863.7254638671875
1386.89794921875
2527.95654296875
7142.7294921875
11703.013671875
17498.986328125
20571.84765625
26237.087890625
26934.392578125
27595.955078125
28507.541015625
29558.359375
29070.310546875
27738.990234375
23859.822265625
16073.8017578125
9045.5439453125
3630.542236328125
1774.3304443359375
1273.051513671875
352.3720397949219
165.5843505859375
1.3784202224087494e-07
2.3367711321498064e-07
1.7788605077839748e-07
1.5186136960983276
2.7097017765045166
56.19841003417969
294.9701232910156
486.1043701171875
1964.1312255859375
5580.50244140625
11556.8515625
16080.7333984375
17497.83203125
19750.4453125
20136.48046875
20719.90234375
21802.89453125
23393.28515625
23890.93359375
24534.962890625
21385.33984375
16169.2158203125
9139.5791015625
4638.66748046875
1639.116943359375
1124.3128662109375
434.0959777832031
383.72393798828125
9.203800033219522e-08
2.1512423131753167e-07
8.988254762698489e-08
1.8983982386089338e-07
4.522437848208938e-06
62.98575973510742
68.95084381103516
589.3861694335938
1688.148193359375
4723.38134765625
8150.43603515625
10965.857421875
13829.3896484375
14075.740234375
13889.83984375
14042.541015625
14447.5869140625
17128.30078125
20817.533203125
21592.28515625
19625.107421875
13655.1328125
7647.59814453125
3325.174560546875
1505.229248046875
453.2669677734375
379.0704345703125
383.5350036621094
1.5440622291862383e-07
3.5473565418442377e-08
1.0629398694561587e-08
3.689710936782831e-08
2.0193762395592785e-07
1.6220945119857788
63.40757369995117
227.90869140625
1531.1480712890625
3217.33154296875
4277.2099609375
7894.0673828125
9626.5478515625
12410.5888671875
11790.888671875
12834.466796875
15764.1904296875
19277.765625
21903.904296875
20564.896484375
17120.8828125
11495.8701171875
6870.5341796875
2736.525146484375
1628.7666015625
442.99200439453125
235.67425537109375
1.4271679447119823e-06
2.3563393369840924e-07
1.2217269862446756e-08
2.099997828963751e-07
1.2704261109774961e-07
1.2120482040245406e-07
11.680861473083496
68.5716323852539
147.7557373046875
628.9671020507812
2203.368896484375
4232.29248046875
8027.0458984375
11243.03125
14201.8544921875
18734.11328125
22537.1171875
25884.91015625
25795.40625
23946.890625
20265.240234375
15056.7626953125
8239.64453125
3898.4873046875
2123.86083984375
1062.05810546875
0.04791061580181122
1.7561765162099618e-06
1.606187765901268e-06
3.0549795582146544e-08
7.832596082835153e-08
1.076031281854739e-07
1.0300519903694294e-07
2.196361776896083e-07
17.45262908935547
16.100677490234375
333.2947082519531
804.194091796875
2094.022216796875
5236.38720703125
11760.416015625
17223.703125
24548.126953125
29874.3203125
30614.6015625
31130.048828125
32013.919921875
30476.865234375
25813.33984375
17504.126953125
8275.3857421875
4063.203857421875
2000.2825927734375
565.4606323242188
0.04622631147503853
1.7956782585315523e-06
2.737326667556772e-07
6.519268680449386e-08
1.7973913912783246e-08
2.400410039626877e-07
1.0580884435285043e-07
1.537165843501498e-07
10.167198181152344
63.693023681640625
150.2968292236328
391.58270263671875
2344.7197265625
7282.90771484375
14660.7041015625
23022.818359375
27995.025390625
30075.658203125
31202.7109375
31551.322265625
32359.810546875
32944.00390625
30174.43359375
24879.685546875
16631.7890625
7271.36181640625
3119.513427734375
535.5020751953125
0.0
9.712614001955444e-08
1.4183585506089003e-07
1.464898247149904e-07
1.2234299617830402e-07
1.79912632347623e-07
2.1455134913139773e-07
1.9008976437362435e-07
8.365176995539514e-07
158.30355834960938
290.69879150390625
534.8814086914062
2400.103759765625
6127.72705078125
13577.6181640625
19538.447265625
25316.20703125
26124.1875
24447.5703125
25394.7734375
25872.681640625
28281.41796875
29893.76953125
29957.314453125
23691.4921875
12571.869140625
5618.74267578125
1361.1728515625
178.79708862304688
7.489197173526918e-07
6.99629651990108e-08
1.174793027303167e-07
1.456385092524215e-07
2.054958088137937e-07
2.384909123520629e-07
1.2099265589426977e-08
1.2506058055805624e-06
3.4532835483551025
118.45598602294922
428.633544921875
1520.20166015625
5332.39111328125
9850.7421875
13578.1875
15794.638671875
16397.849609375
14765.7919921875
13891.576171875
15769.65625
19990.931640625
25257.5234375
30241.7890625
27589.3671875
19845.08984375
7964.39892578125
2857.091064453125
874.7404174804688
0.0
6.527465075123473e-07
1.778465303914345e-07
1.401932792077787e-07
1.5649962392672023e-07
2.430160463973152e-07
123.24784851074219
304.6526794433594
334.85052490234375
556.3140869140625
260.9698791503906
1240.93896484375
3226.013916015625
5285.5078125
5763.59130859375
7074.1357421875
7422.2001953125
6911.00732421875
5076.5673828125
5708.7685546875
9372.138671875
19004.68359375
27541.4296875
28883.267578125
22732.33203125
13202.6123046875
5225.7333984375
1472.8480224609375
320.86053466796875
1.0698364576455788e-06
3.938744086440238e-08
2.073159492965715e-07
1.260861921537071e-07
1.0364878733071237e-07
88.63980865478516
496.1285400390625
750.783203125
1295.71240234375
778.1483154296875
1946.841796875
1499.3934326171875
2015.9639892578125
2022.547119140625
1735.3699951171875
1067.28466796875
874.8367309570312
1199.9129638671875
2014.2974853515625
3686.893798828125
15059.8515625
24859.96484375
29606.91796875
25461.169921875
15159.6962890625
5919.19091796875
861.2237548828125
320.86065673828125
7.823718561894566e-08
1.1732236515626937e-07
5.113445311621945e-08
1.7382610906224727e-09
2.7237748057018507e-08
42.12747573852539
178.90199279785156
1184.7464599609375
2938.016845703125
4655.955078125
4922.7509765625
4237.69091796875
2032.4593505859375
1890.4598388671875
1120.6859130859375
227.0536346435547
219.07797241210938
219.14315795898438
1515.9490966796875
5887.3837890625
15585.23828125
25383.146484375
28954.8203125
24933.80859375
14889.0390625
6374.34375
1232.60107421875
17.855939865112305
3.654138680531105e-08
1.1868548455140626e-07
4.478314608036271e-08
2.1897712088048138e-07
1.2349929079391586e-07
40.72938537597656
586.6408081054688
3893.8359375
6902.9208984375
9714.7626953125
10821.6015625
9072.41796875
5973.9189453125
3613.43408203125
1849.7379150390625
1520.2060546875
1610.7431640625
3046.024658203125
5511.09521484375
12794.361328125
21132.978515625
29037.5546875
30341.1171875
22876.880859375
13492.02734375
4107.7041015625
772.4270629882812
17.604036331176758
2.1545361050812062e-07
7.987478056747932e-08
1.8758335329494003e-08
1.1000609845268627e-07
3.362489309211014e-08
129.47872924804688
917.94091796875
4979.82568359375
9952.59765625
15442.6298828125
17686.193359375
15994.171875
13466.7958984375
10145.9677734375
7204.732421875
5813.10693359375
5577.37451171875
8935.6015625
14516.0966796875
22032.7578125
28305.919921875
32602.314453125
28637.51953125
18940.56640625
9289.818359375
2900.9970703125
212.38417053222656
0.011562478728592396
8.047286570445067e-08
2.1876076061744243e-07
1.9647929150323762e-07
1.4619305943597283e-07
1.0620922807902389e-07
435.9629821777344
1654.8033447265625
5785.89697265625
11691.197265625
17451.814453125
24091.478515625
24440.646484375
22070.576171875
19261.126953125
17336.166015625
15220.7880859375
17010.498046875
21156.591796875
26187.43359375
31205.69140625
32881.78515625
29645.529296875
22003.94921875
11552.146484375
4699.7734375
1029.4132080078125
32.82211685180664
2.178397551233502e-07
1.9972507914189919e-07
1.202032695601929e-08
8.759020886373037e-08
4.82801070234018e-08
0.020561639219522476
401.8756103515625
1965.5872802734375
5698.767578125
10358.38671875
17962.853515625
25090.31640625
29913.046875
32798.02734375
30254.505859375
30275.802734375
30910.638671875
31117.82421875
32792.59375
33768.69140625
32982.70703125
30670.556640625
22460.576171875
12594.1962890625
5228.92724609375
1778.1513671875
470.67950439453125
31.43667221069336
3.877407834806945e-06
5.302984718014159e-08
2.3115160274755908e-07
7.765590481767504e-08
8.571672793777907e-08
1.5747498594009812e-07
117.17840576171875
768.2310791015625
3353.10546875
8154.05078125
12923.2236328125
20634.990234375
29308.619140625
32710.9765625
34886.84765625
35675.02734375
35329.6171875
34994.5
34181.54296875
30115.177734375
27363.712890625
19510.73046875
9590.595703125
3582.114990234375
1379.63623046875
396.9596862792969
30.683639526367188
19.22910499572754
3.906057827407494e-06
1.5484281778335571
3.642300328010606e-08
2.4442755375275738e-08
6.0686007330446046e-09
1.929597459593424e-07
0.1721717268228531
73.0755386352539
723.4071655273438
2124.18701171875
5783.14306640625
10698.2021484375
16315.9345703125
21189.48828125
25320.318359375
27825.595703125
27756.11328125
26669.275390625
23653.162109375
16462.4609375
9675.6904296875
3645.22412109375
1449.42822265625
506.1487731933594
19.118999481201172
32.2391471862793
4.736495782253769e-07
4.0775844354357105e-06
5.271885311231017e-05
9.840979231512392e-08
1.8329095041735854e-07
1.2994233600238658e-07
1.121166235407145e-07
2.0251148669103713e-07
0.09164898842573166
65.12232208251953
37.477272033691406
57.48453140258789
189.3063201904297
637.3006591796875
1317.2957763671875
2008.348388671875
1960.8890380859375
2433.150390625
2599.472900390625
1917.8212890625
1374.9234619140625
1276.3436279296875
702.6158447265625
354.3809814453125
0.5997300744056702
1.2430862739165605e-07
1.8176912419676228e-07
3.9607110124961764e-07
3.5076681115242536e-07
2.4495980710526055e-07
1.8154692327243538e-07
1.405895488915121e-07
2.8318948963601542e-08
1.385436405598739e-07
2.0414971046989194e-08
1.7929265538896288e-07
1.085804512968025e-08
2.387353958965832e-07
1.245384950721018e-08
1.0747181278247808e-07
1.7302271260177804e-07
1.8137404918670654
17.77454376220703
13.937445640563965
18.786569595336914
14.740219116210938
8.800179481506348
1.9791957583947806e-07
2.5274854209555997e-08
1.2585553577082464e-07
1.6882432873899234e-07
2.8228831183696457e-07
2.1174837172566185e-07
2.214095928820825e-08
1.0435579156364838e-07
1.5259720953508804e-07
2.0462434235923865e-07
5.0765056158752486e-08
1.6265185864838827e-09
7.80975639713688e-08
2.359312674116154e-07
2.1371013758653135e-07
3.899115341710058e-08
1.365329751479294e-07
7.247651723218951e-08
1.610715116839856e-07
1.0462854760362461e-07
1.0138347761312616e-07
1.3691972355900361e-07
1.1736260319139546e-07
1.1181207781874036e-07
1.79217053641878e-07
3.567563666706519e-08
8.433779186134416e-08
8.886146218856084e-08
1.4230568012862932e-07
1.7572638455476408e-07
3.62373455686793e-08
6.012879083527878e-08
1.2340180433056958e-07
2.3345967292698333e-07
2.4201301584980683e-07
5.0728566236557526e-08
1.6329090612998698e-07
1.0662729721389042e-07
7.791974354631748e-08
2.2060889648400916e-07
6.792924978071824e-08
1.1856484150030155e-07
2.1145828554836044e-07
2.2250345921293047e-07
4.723133883999253e-08
1.4897899802690517e-07
5.7974926193082865e-08
1.4415765292596916e-07
1.5279333354101254e-07
8.22529955257778e-08
1.9708004117546807e-07
1.6069587616129866e-07
2.0115495047434706e-08
1.4843858764379547e-07
2.002336145778827e-07
1.0590231624973967e-07
1.768180446504175e-08
2.064766988496558e-07
6.52446985327515e-08
1.2672286686665757e-07
7.443434668630289e-08
5.793111057528222e-08
7.649873623449821e-08
1.5764867100642732e-07
1.8600205464736064e-07
6.504770055926201e-08
1.6192318241792236e-07
1.449527502472847e-07
1.1757536100276411e-07
1.5973712663708284e-07
1.1659049192758175e-07
