3.1104157471872895e-08
1.751062512767021e-07
9.328525152341172e-08
2.2746323935507462e-08
5.74112490880907e-08
7.654178091343056e-08
4.7350102505561154e-08
1.2359559775632079e-07
5.4058581611116097e-08
1.6068855757112033e-07
3.11631964677872e-08
5.679711634343221e-08
1.1874490724039788e-07
2.1817015749547863e-08
1.5940295838845486e-07
1.2616413869181997e-07
8.935165851653437e-08
6.995669110665403e-08
1.0757675283912249e-07
3.790083358268248e-09
6.605316826835406e-08
3.6089097932290315e-08
8.954122421300781e-08
5.535994063166072e-08
1.7644219951762352e-07
4.041960544043377e-09
5.454725560127827e-10
6.556658149747818e-08
2.3878147459299726e-08
2.894144301990309e-08
1.3429884404558834e-07
1.1140719635704954e-07
7.831693515925053e-09
5.148044124325679e-08
6.97276760774912e-08
2.2292205414942146e-08
1.1199680471918327e-07
1.1552145195992125e-07
1.6248701228960272e-07
5.986929618728709e-09
6.426616039334476e-08
1.7066419388811482e-07
1.3965400391668936e-08
1.2518451342202752e-07
1.3454057068429393e-07
1.001850549187111e-07
6.546221698044974e-08
2.2027737855978557e-08
3.5556737998376775e-08
1.2238515978424402e-07
3.941139681273853e-08
4.801335862225642e-08
2.4389837705030004e-08
1.0494754576484411e-07
6.202507307762062e-08
1.615369455976179e-07
1.798654238882591e-07
1.1476366523766046e-07
1.272585450351471e-07
8.502180293135098e-08
7.046465810844893e-08
7.292403125802593e-08
1.3711870394672587e-07
5.046438644740192e-08
1.4462719377661415e-07
6.9620455178665e-08
1.1673340338802518e-07
4.679538179175324e-08
1.7384853379098786e-07
1.711759693989734e-07
1.6040974060160806e-07
8.708023102599327e-08
3.698465533830131e-08
1.3340520865767758e-07
6.91770765115507e-08
1.776651856744138e-07
1.4140715620669653e-07
1.2287220840789814e-07
5.144105230669993e-08
1.218972727201617e-07
1.5234030570354662e-07
1.644197027417249e-07
1.7182168221552274e-07
1.5499966821153066e-07
1.772375100017598e-07
8.056517231125326e-08
7.455152051250025e-09
1.255181274473216e-07
1.7018908948784883e-08
1.6024792159896606e-07
6.47513616058859e-08
4.5052136243839414e-08
1.4147906313155545e-07
1.545288341731066e-07
1.015635575640772e-07
1.434595375826575e-08
6.588250300865184e-08
8.080161961743215e-08
1.1057449000873021e-07
6.865977297820791e-08
1.3913707164192601e-07
1.782757976798166e-07
3.34612195729278e-08
1.2105105895443558e-07
5.6373433920953175e-08
1.3449077584937186e-07
1.2201792287669377e-07
1.0073976852709166e-07
4.0479125829051554e-08
3.276072391145135e-08
3.3057844461836794e-08
8.078289681634487e-08
3.667312142852097e-08
1.825513251674238e-08
3.793249447880953e-08
1.0314778364772792e-07
1.4897309164041417e-08
1.9578548915433203e-07
0.0
7.965673446655273
383.5094909667969
361.616943359375
461.3050537109375
1151.5863037109375
1974.7608642578125
2353.493896484375
2340.132080078125
2853.82177734375
2822.260498046875
2513.13720703125
1343.05810546875
1008.5805053710938
263.55194091796875
184.34774780273438
4.338111523338739e-07
2.625623380936304e-07
1.1596699067695226e-07
1.5833290945010958e-07
1.0696395236209355e-07
1.794387856079993e-07
1.3594520176241076e-08
9.181993476659045e-08
1.3914839769313403e-07
166.55613708496094
262.5024719238281
602.1121826171875
1434.9736328125
3169.464599609375
6067.18408203125
9187.2255859375
14208.625
21444.943359375
24797.67578125
26937.24609375
29959.396484375
28968.30078125
27330.107421875
22488.693359375
15790.8125
9590.90625
4917.2041015625
2507.227294921875
226.02122497558594
25.27496337890625
10.198898315429688
2.8530103008961305e-06
7.411472324747592e-08
2.302406088006137e-08
1.6789471146694268e-07
3.6079885745721185e-08
77.28512573242188
125.3604965209961
458.0645751953125
956.569580078125
3867.05908203125
7839.61181640625
13859.24609375
22760.5546875
27643.4609375
31526.330078125
33663.38671875
35793.5
35687.44140625
34930.67578125
34747.91796875
33928.484375
27238.591796875
17718.46875
10333.32421875
4851.27099609375
1044.1199951171875
267.507568359375
2.842416763305664
7.645841833436862e-06
1.6209357056595763e-07
7.278510594233012e-08
1.222000349798691e-07
0.0008615704718977213
1.508739444489038e-08
16.33251953125
443.22998046875
1420.638427734375
5213.44580078125
11156.4462890625
19417.681640625
26756.357421875
30862.16015625
33451.90234375
31769.39453125
28909.716796875
28687.857421875
27672.6484375
31045.45703125
32332.037109375
30324.017578125
23687.421875
14408.8515625
6522.99755859375
1941.634765625
467.82489013671875
374.63018798828125
291.2522888183594
2.824434375270357e-08
4.183586455042132e-08
1.0069201294982122e-07
0.0008673089323565364
7.509618171752663e-08
0.07723020762205124
274.3233337402344
1613.7188720703125
4580.88330078125
10807.4482421875
17278.763671875
24124.0859375
24921.3984375
21802.369140625
17141.64453125
15618.4189453125
14336.103515625
17042.455078125
23978.375
29043.0
30296.228515625
25304.556640625
13637.58203125
5775.9921875
2016.9227294921875
736.332763671875
455.3448181152344
382.0909118652344
9.580389814800583e-08
1.2397416071507905e-07
1.0061287980533962e-07
0.0007895881426520646
8.947240104362209e-08
0.08597301691770554
624.31103515625
1254.3768310546875
4462.2236328125
9505.0498046875
12592.5048828125
14089.9189453125
15075.99609375
12615.6943359375
8071.46142578125
6107.791015625
6457.98828125
12069.6103515625
21225.408203125
27789.177734375
31002.41015625
22321.720703125
12052.09375
5457.1181640625
1826.5789794921875
542.3477172851562
489.7926940917969
112.10237884521484
3.7259436425074455e-08
5.4100645741073095e-08
1.0858197896368438e-07
0.0008691212278790772
7.795514278541305e-08
0.10594768077135086
213.7672576904297
1034.0477294921875
3031.107421875
5069.77685546875
6193.72509765625
6909.802734375
6562.791015625
5240.93701171875
4143.2939453125
6469.109375
11620.1318359375
18425.904296875
26703.58203125
29978.208984375
29587.720703125
18294.822265625
9088.271484375
2871.949951171875
1313.990966796875
78.14813995361328
20.071353912353516
2.83223329233806e-07
1.0834567376605264e-07
4.413575638295697e-08
1.0792554405725241e-08
0.0009287178399972618
1.6402593416842137e-07
0.06542537361383438
152.853759765625
420.89837646484375
2300.84521484375
2525.08984375
2574.369140625
3128.399658203125
4638.7919921875
7960.94775390625
10932.9873046875
15436.3173828125
23432.40234375
29060.48828125
32202.955078125
30989.271484375
23685.318359375
12826.853515625
5025.67041015625
2118.079345703125
989.9091186523438
2.3402099609375
0.043178997933864594
9.21875908943548e-08
1.529296724811502e-07
1.6505291000612488e-07
8.858523692367726e-09
1.2118000825012132e-07
1.652420422715295e-07
0.10192696005105972
0.1072823777794838
123.26434326171875
1228.413330078125
1508.2718505859375
3409.0751953125
5404.25341796875
10137.5009765625
16577.505859375
22842.751953125
28531.513671875
31942.923828125
33704.37890625
33731.70703125
26950.244140625
16314.3154296875
8102.6865234375
3222.804931640625
1237.86962890625
256.13006591796875
0.32756349444389343
0.33657726645469666
1.5391024987820856e-07
1.700143030802792e-07
1.469283574806468e-07
1.162817753197487e-07
3.527194181174309e-08
6.485635850594917e-08
0.0829189121723175
0.07719749957323074
117.76668548583984
847.8421630859375
1386.0064697265625
5131.6826171875
10110.7626953125
17440.8046875
22680.982421875
31177.42578125
34063.578125
35282.27734375
35333.24609375
31454.365234375
25449.61328125
15913.857421875
9334.6826171875
3373.475830078125
2038.719482421875
175.391845703125
0.21589747071266174
2.4031476186792133e-07
7.279385272340733e-08
1.1035996294594952e-07
7.815619085249637e-08
1.799567570515137e-07
4.255052754587041e-09
9.337453121815997e-08
6.649095496413793e-08
0.06380686163902283
125.86421966552734
714.8701782226562
2410.215087890625
4767.82421875
11957.248046875
20937.94921875
27130.013671875
30701.453125
32004.599609375
33233.55078125
32345.94140625
30888.37109375
28370.66015625
22780.3125
15431.0224609375
6334.4111328125
2810.1533203125
298.06402587890625
4.892923355102539
0.0
5.916657386251245e-09
1.670134821551983e-07
2.789674979908341e-08
8.964013886725297e-08
7.081574909806321e-11
1.198452821427054e-07
1.5711567868947895e-07
7.173859119415283
102.62661743164062
743.1334228515625
1968.7210693359375
4092.98974609375
8547.1552734375
16062.029296875
21980.41015625
24078.728515625
23537.337890625
22695.958984375
23404.22265625
27447.58984375
30169.869140625
27968.857421875
21152.705078125
10376.41796875
3579.77294921875
467.1039123535156
68.86295318603516
1.606293551503768e-07
4.8763894255898776e-08
0.03445029631257057
8.641040949441958e-08
4.429895028579267e-08
1.2385226000333205e-07
8.02598592031245e-08
0.0
0.0
70.7662124633789
448.5551452636719
1451.2100830078125
3236.898193359375
5963.77001953125
8025.22998046875
11571.947265625
10623.681640625
8273.0263671875
9218.25390625
11775.138671875
19039.181640625
27852.42578125
29229.962890625
23551.8125
15384.228515625
5496.82666015625
608.2073974609375
233.76992797851562
1.6645827827233006e-07
1.521099619594679e-07
8.136481000065032e-08
5.189927421156426e-08
1.2486522393828636e-07
2.3303282858933017e-08
1.0213989298790693e-07
2.3902220726013184
49.93762969970703
99.91768646240234
771.4188842773438
1173.478271484375
2688.412841796875
3590.134033203125
4416.30712890625
3245.468994140625
2155.60791015625
1333.038818359375
2493.9208984375
6106.2421875
13335.49609375
25586.69140625
31336.705078125
26400.875
15539.642578125
6479.763671875
767.6678466796875
126.75286865234375
144.38108825683594
88.1624755859375
1.503148467918436e-07
9.723522254034833e-08
1.715770991950194e-07
1.619120979512445e-07
7.031774997711182
314.2506408691406
715.0303344726562
1620.9130859375
2236.304931640625
3244.3017578125
3453.770751953125
3481.59423828125
2883.93359375
2232.031005859375
1202.4739990234375
432.3421325683594
795.9329833984375
4772.41650390625
13604.3447265625
24376.30859375
31712.2109375
26252.96484375
15550.9765625
5675.3125
661.3779296875
97.95614624023438
91.755859375
49.48265838623047
2.0667371813942736e-08
9.097610842445647e-08
1.430195624152475e-07
2.588660841240653e-08
167.2596435546875
784.8840942382812
1538.7103271484375
2028.2537841796875
3509.880859375
5248.0712890625
5782.26513671875
6260.08447265625
4544.67333984375
2377.235107421875
1209.549560546875
821.6144409179688
3146.25244140625
7554.837890625
18190.2109375
28791.8046875
32152.013671875
23963.728515625
12497.9638671875
4739.53662109375
349.0979309082031
2.795720100402832
4.00514153398035e-07
2.439744832827273e-07
1.7707473887185188e-07
5.516341872180419e-08
2.9705667259349866e-08
1.7602779678327352e-07
244.53790283203125
1119.7376708984375
2721.726318359375
5037.11083984375
8094.25
8085.38330078125
10330.1435546875
8475.1669921875
6262.234375
4981.96337890625
4746.5556640625
5149.09375
9304.7939453125
16924.876953125
26372.703125
32083.939453125
30442.146484375
19348.640625
8851.908203125
2114.69287109375
105.40950775146484
0.37681981921195984
1.4685471683151263e-07
9.724161742497017e-08
5.025430738214709e-08
5.4059064780176413e-08
1.6294555038598446e-08
1.73795484670336e-07
226.70758056640625
1677.275390625
3521.079345703125
6211.30029296875
10657.44140625
15104.0341796875
18036.87109375
17350.69140625
15703.48828125
14684.2255859375
13745.4873046875
16629.98046875
22098.212890625
28454.087890625
32279.61328125
32543.3203125
23470.654296875
12703.8603515625
4771.345703125
462.17242431640625
117.36258697509766
3.8870570051585673e-07
2.2356502427101077e-07
1.865972052428333e-07
1.1084138407113642e-07
1.2159745210738038e-07
1.4223438427052315e-07
1.524282211562422e-08
270.07891845703125
690.2843017578125
2920.509521484375
7063.875
14091.5498046875
20447.712890625
26096.830078125
27534.22265625
27698.0859375
28536.36328125
30103.125
31877.3203125
33900.38671875
34126.69140625
31876.591796875
23714.998046875
14293.58984375
6065.84619140625
1117.5670166015625
152.213134765625
3.6947484016418457
3.2122232913970947
1.5743566450510116e-07
5.3573614877677755e-08
1.783294756307896e-08
8.375299564988836e-09
1.548004036067141e-07
1.0577719677939967e-07
24.018619537353516
438.677001953125
1726.8729248046875
4017.494140625
10875.7890625
20082.49609375
26306.888671875
30275.9375
34961.046875
35753.76171875
36254.21484375
34770.3046875
33650.953125
28478.783203125
19777.96484375
12083.8701171875
6046.56640625
2145.50244140625
68.11051177978516
31.0091495513916
4.296813011169434
3.923417091369629
3.42750787751811e-08
1.2921353231831745e-07
0.15993238985538483
5.458339913388954e-08
1.7536916629978805e-07
3.973121209810415e-08
10.296627044677734
18.224851608276367
280.0923767089844
1864.539794921875
4415.5966796875
9944.5888671875
16014.4228515625
20969.125
26920.748046875
28948.654296875
27728.021484375
23522.78515625
19981.73828125
12632.5546875
6791.341796875
3187.010498046875
1085.684814453125
591.9003295898438
4.521041393280029
3.5127758979797363
4.0812506675720215
1.3889730610117113e-07
6.726155277192447e-08
3.741671505963495e-08
1.3975174795177736e-07
1.6139958347594074e-07
2.8257549189447673e-08
4.459762337205575e-08
5.745487285935269e-08
10.154195785522461
9.263659477233887
67.36238861083984
452.7476806640625
992.3926391601562
1669.27490234375
1893.1907958984375
2055.322509765625
2729.17626953125
1624.526611328125
1512.9921875
792.596923828125
721.1771240234375
596.6423950195312
56.04484176635742
1.948465751411277e-06
178.24681091308594
1.6891269183361146e-07
1.073411439733718e-07
1.1437029101557528e-08
8.99380836472119e-08
6.79301948025568e-08
1.4258723979310162e-08
5.21733021230375e-08
1.5446495638116176e-07
1.5839339084777748e-07
7.724710826551018e-08
1.679892420725082e-07
1.2627602075099276e-07
1.0183877918734652e-07
4.294156951800687e-06
9.751293873705436e-06
1.022813103190856e-05
9.809557013795711e-06
1.2015544598398264e-05
4.327939677750692e-06
4.123718255755193e-08
2.90293428406585e-07
2.2199334637207357e-07
2.192916070953288e-07
1.7870456758828368e-07
2.193055337329497e-07
2.0067749062491202e-07
1.977238639483403e-07
1.640193119101241e-07
6.906633132075513e-08
4.2450579940123134e-08
1.474174382565252e-07
2.8192683743100133e-08
4.1514258697361583e-08
1.2845539743011614e-07
1.5717093049261166e-07
1.3127572628945927e-07
1.6707301142560027e-07
1.2238564295330434e-07
7.31815816834569e-08
1.0615725187790304e-07
3.1726585802971385e-08
1.7905946947394114e-08
4.583949930747622e-08
4.611315418401318e-08
1.719795683641223e-08
1.255127983768034e-07
3.5243729712419736e-08
6.571993083070993e-08
4.111359785952118e-08
5.436971761696441e-08
5.08619173444913e-08
7.741141416772734e-08
1.3798570819290035e-07
1.748637714626966e-07
5.844572825708383e-08
1.3724002201342955e-07
4.7957595228353966e-08
1.2790627579306602e-07
1.5719167834049586e-07
2.706101120963922e-08
1.3813767019144052e-08
6.752497228035281e-08
4.251678475952758e-08
1.3455108671678317e-07
