5.049049178751375e-09
4.757907401398143e-09
2.5324891073097433e-09
2.1186579157728147e-09
4.045923152062869e-09
2.5006579029707154e-09
4.8903370242214805e-09
3.887141719616238e-09
2.097142015600184e-09
4.331605740759414e-09
1.4506669476777034e-10
2.8499045345853347e-09
2.908153939884528e-09
3.5145035770511868e-09
2.9587501337857702e-09
1.6097582156149315e-09
1.166706731225986e-09
4.385449337007685e-09
2.5301907236041643e-09
1.1521678056070073e-10
4.892390936817037e-09
1.0452024801210769e-09
1.1448140213587976e-09
2.2702002500096796e-09
1.1089694718080523e-09
2.219694206218037e-09
5.561258564767968e-09
2.531932663529801e-09
3.937689729838212e-09
4.582769275174314e-09
2.5823234661714878e-09
3.4402485304951824e-09
2.1536172845060264e-09
1.485567335812732e-09
3.259030600943902e-09
4.794728170054441e-09
2.721236125324822e-09
1.407130634234477e-09
5.58752288881692e-09
4.486678584214587e-09
1.4719142571451016e-09
4.4189500947311444e-09
7.009112734657208e-10
3.6497467270635298e-09
3.959203631609398e-09
1.1226236606987072e-09
2.640653473662269e-09
3.928671610253787e-09
3.207938359395257e-09
7.242683119912385e-10
6.940965580071179e-10
4.869974201682226e-09
1.6617568432408802e-09
1.2891289147276552e-09
4.464908887058527e-09
2.596411752264771e-09
1.0228621283303596e-09
4.836845146627411e-09
4.9919988143187766e-09
1.641658475826091e-10
4.367484152112411e-09
2.2555006751190376e-09
4.222964644640115e-09
2.2349881945160632e-09
3.634469392110873e-09
5.430389027338833e-09
1.1820183720701039e-09
4.877709347539394e-10
4.5500554435307095e-09
7.294883808128816e-09
6.632420390673133e-09
5.122140489532967e-09
8.864498468597048e-09
5.837329730695728e-09
6.859714574147802e-09
1.0559055851899757e-09
150.69488525390625
171.9977264404297
0.0
4.171035961064717e-09
1.4663408265391809e-09
4.572058565077697e-10
1.4050469676618604e-09
1.2682005445796563e-09
8.090840220020823e-10
1.820720241241247e-10
3.01243452405231e-09
4.577571210973019e-09
9.72410374444621e-10
2.49510995198321e-10
2.483334093916767e-10
2.49147746878009e-09
0.036274611949920654
0.03284585475921631
0.0
45.59330368041992
240.00904846191406
475.16131591796875
711.618408203125
613.7027587890625
429.6200256347656
134.12234497070312
37.52144241333008
97.45038604736328
218.61988830566406
517.0387573242188
493.8511657714844
364.8059997558594
0.0
2.8299262523651123
6.078306198120117
5.337925212955952e-09
2.284279654318766e-09
1.6697759841477477e-09
4.413623688748203e-09
1.6746772857345604e-09
14.350390434265137
1.7990156412124634
2.956955347244161e-09
3.45115580557831e-09
0.03795960545539856
4.237701892852783
120.15115356445312
224.26553344726562
792.515625
1394.0025634765625
1749.540771484375
3149.61083984375
4636.341796875
5682.21923828125
6933.50146484375
7502.74658203125
7499.07177734375
7494.95068359375
4833.3935546875
1756.3072509765625
299.97589111328125
462.83392333984375
570.3717651367188
93.5592269897461
3.173516116561359e-09
2.3527386705524123e-09
1.038768959737979e-09
16.778087615966797
0.60054612159729
4.671012909795991e-09
5.9625043869018555
34.801597595214844
34.35204315185547
188.8680419921875
259.77227783203125
713.9652709960938
2096.8994140625
3918.806396484375
7537.51025390625
12329.17578125
16312.6357421875
19607.060546875
21100.28125
20918.2109375
21326.20703125
18216.1875
13757.4326171875
7685.00439453125
4687.5029296875
957.859619140625
259.6224670410156
230.3968048095703
2.0160393354728967e-09
5.512555301123712e-09
3.5753706661978413e-09
37.631187438964844
36.52285385131836
0.003405333962291479
106.93717956542969
31.165149688720703
54.44928741455078
322.45770263671875
377.9257507324219
2701.590087890625
7107.83642578125
11426.1708984375
16720.962890625
22498.326171875
27040.578125
28143.08984375
30234.32421875
30915.703125
28971.123046875
23279.958984375
19228.58984375
11288.296875
5988.0498046875
704.9285888671875
55.072853088378906
4.69713778983305e-09
5.188916851750491e-09
1.5013877918690355e-09
1.7382864037074341e-09
0.006483706645667553
0.07378381490707397
9.83420467376709
7.712099552154541
39.22563552856445
250.80667114257812
395.631103515625
3294.64208984375
7378.79638671875
11190.318359375
18115.798828125
24597.2734375
27845.41015625
28508.50390625
29125.359375
31846.294921875
32267.490234375
31829.0625
27845.541015625
22519.2734375
11849.1455078125
6063.01318359375
983.279541015625
121.5490493774414
7.279560287898335e-10
1.8029086001902783e-09
1.0334658129274032e-10
3.31696958788541e-09
0.004333753138780594
3.1528351306915283
0.0
9.495471954345703
115.988037109375
377.4517517089844
1951.260009765625
5170.39306640625
11028.5146484375
17585.1328125
23682.30859375
26308.478515625
24633.234375
22328.6171875
25105.962890625
25835.626953125
29714.396484375
31701.888671875
28499.69921875
21065.34375
12345.8916015625
5637.08935546875
1450.917724609375
676.8622436523438
5.601699548662964e-09
4.3330117271978e-09
3.346448673724467e-09
5.326672880556771e-09
3.1666174127309432e-09
0.06289742887020111
67.28766632080078
72.60787963867188
54.84423828125
550.102783203125
3038.299560546875
8710.7529296875
15278.2431640625
22609.109375
24010.92578125
22816.16796875
16806.51171875
17719.45703125
19703.2578125
25221.57421875
30570.166015625
30168.49609375
25235.7734375
17472.37109375
8621.2900390625
4454.33447265625
1571.051513671875
615.3187866210938
6.3882737159729
1.319863329740656e-09
6.829192211732504e-10
1.2702332519154425e-09
5.539698921808167e-09
0.08189993351697922
0.060753609985113144
4.015378962662908e-08
70.70942687988281
771.3992919921875
3169.130859375
10182.8857421875
15669.009765625
20751.056640625
22594.748046875
17832.70703125
16329.1103515625
18169.37890625
23279.193359375
28818.755859375
29953.138671875
28505.916015625
19796.34375
10388.263671875
5482.43603515625
2356.1884765625
1035.436279296875
13.002569198608398
8.131760597229004
3.1278682421920223e-10
2.3823913952725206e-09
1.0581920895091912e-09
145.64337158203125
0.07325949519872665
0.14313219487667084
0.1574709117412567
387.971435546875
1168.0042724609375
4099.81103515625
9342.1142578125
15704.796875
20680.23828125
21755.587890625
20582.421875
20493.970703125
25814.65625
30083.064453125
32951.109375
29839.158203125
22171.205078125
13139.6787109375
7341.76708984375
1492.118408203125
1321.7098388671875
413.6257019042969
0.01742916740477085
2.188375924916386e-09
9.379378385077075e-10
3.7945491193625003e-10
0.005251787602901459
3.278838311970844e-09
0.08157701045274734
0.11463318020105362
0.45655229687690735
242.9215087890625
1787.8333740234375
4384.685546875
8888.1513671875
16359.18359375
23748.70703125
27101.224609375
28338.404296875
27469.5546875
30742.890625
33556.296875
30308.27734375
22079.40625
12389.8876953125
6173.83349609375
3219.8251953125
698.2711791992188
683.458984375
116.02497863769531
37.19540786743164
5.393489654892392e-09
3.6785030577135558e-09
3.756777999797123e-09
2.202139359752664e-09
7.177360927812515e-10
6.0986011796160255e-09
67.99011993408203
8.341109275817871
40.72100067138672
2444.175537109375
4429.0400390625
7973.06689453125
17618.697265625
27117.919921875
32625.275390625
32298.099609375
33476.25390625
34595.53515625
31014.173828125
22708.015625
12351.5849609375
5964.16552734375
2185.40283203125
1151.5977783203125
347.74151611328125
273.5724792480469
28.340810775756836
40.068389892578125
1.2856816722361941e-09
1.071593258572534e-09
2.9554356739680543e-09
2.8497892934353786e-09
0.6228858828544617
0.9185422658920288
484.80615234375
43.7676887512207
627.8419799804688
2324.3466796875
4971.4892578125
10499.66796875
21558.01953125
32243.287109375
34642.86328125
33694.83203125
34555.3828125
31359.548828125
22277.623046875
12506.474609375
5338.1962890625
2448.171142578125
1291.94482421875
268.151123046875
62.20137405395508
15.201616287231445
33.26683044433594
3.8330520979457106e-09
3.0029900788264285e-09
4.248850604682275e-09
3.930430203524793e-09
3.0158986419337452e-09
0.3360740542411804
0.0
44.50400161743164
193.97787475585938
867.5709838867188
3155.71337890625
7493.4990234375
17854.39453125
27465.623046875
34280.671875
34456.1171875
34552.65625
30342.05859375
21562.92578125
13066.9326171875
6233.2021484375
2942.419189453125
846.1849975585938
213.443359375
123.99491882324219
108.99203491210938
43.89735794067383
5.251318047072573e-09
1.1745281830455312e-11
3.145796734216333e-09
5.891062082596932e-10
2.3038122520802062e-09
4.822219068500999e-09
8.516788163603906e-09
3.001215696334839
107.64727783203125
572.834228515625
2350.508056640625
6668.02001953125
14391.5576171875
25383.05078125
31692.73828125
34368.5390625
34440.0859375
31331.095703125
24611.58203125
16451.162109375
7554.9091796875
3973.590087890625
1779.43896484375
502.78192138671875
390.75714111328125
296.19671630859375
97.52389526367188
36.63356018066406
277.8221740722656
2.528151465952533e-09
4.107765794181262e-10
1.0106332437587184e-09
3.846929441664315e-09
9.510010556823545e-09
0.0
166.86204528808594
1662.97900390625
3593.2900390625
6002.92529296875
14212.2763671875
24770.896484375
30756.033203125
32098.3515625
32389.841796875
29513.826171875
27085.16015625
21680.154296875
13787.138671875
7388.421875
3894.798828125
1204.8857421875
830.883056640625
826.515869140625
580.5673828125
7.012052059173584
283.22528076171875
121.22075653076172
5.2810738004893665e-09
3.455087993486927e-09
2.282603883685397e-09
2.6450526213750436e-09
8.451928934505304e-09
201.85391235351562
624.8948974609375
2113.65771484375
5178.97314453125
12843.2724609375
22156.515625
28545.81640625
30754.25390625
28657.373046875
26111.46875
27157.126953125
25904.796875
21021.5078125
14527.830078125
6261.92236328125
3164.031005859375
1365.9765625
919.5914916992188
901.2092895507812
502.369873046875
62.186302185058594
146.9635009765625
0.0
9.9813712850505e-10
3.0888123170313975e-09
4.33537961086472e-09
3.857426378317541e-09
1.7794394846504247e-09
664.7997436523438
1864.1151123046875
4347.17822265625
10607.3154296875
19305.34375
28032.953125
28952.638671875
28366.76171875
23788.529296875
22811.0234375
25448.056640625
25771.587890625
19664.451171875
12775.609375
6066.84423828125
2632.666259765625
1692.7969970703125
1015.5032348632812
551.5258178710938
64.46377563476562
53.11388397216797
12.824949264526367
6.121712914364252e-09
3.055721675693235e-09
5.184087825682582e-09
3.6885381415885377e-09
1.1713944259028608e-09
415.291015625
1453.6888427734375
2583.197265625
6477.9453125
16486.013671875
25686.703125
30289.341796875
27986.5
24353.767578125
21253.3046875
23305.814453125
24895.548828125
24433.310546875
16943.197265625
9791.87890625
4210.78369140625
1576.95849609375
989.2102661132812
234.49301147460938
139.94512939453125
154.17469787597656
39.21066665649414
17.093463897705078
0.0
4.879020298886871e-09
3.1290865454280947e-09
9.258065425399309e-10
3.2658562520992973e-09
515.2135009765625
1493.337890625
2249.955078125
8694.521484375
18425.71484375
28296.388671875
31226.18359375
29813.84765625
26490.693359375
24511.701171875
25351.13671875
26290.42578125
21593.384765625
13355.7197265625
7232.3037109375
3102.69384765625
1674.200439453125
563.7815551757812
144.39564514160156
132.225341796875
20.83544921875
20.135997772216797
9.111739158630371
0.0
2.992797565326555e-09
2.5972430872656105e-09
2.386098874040954e-09
2.0176815773709222e-09
0.003051887033507228
179.4029541015625
973.1372680664062
7991.48828125
17295.951171875
28436.05078125
33151.7265625
33846.9765625
29624.140625
27547.78515625
26293.041015625
20935.90234375
13939.451171875
8896.2177734375
4582.412109375
2197.351318359375
1631.701904296875
394.9411315917969
173.9924774169922
151.7167510986328
1.3630629777908325
5.597122669219971
3.9442265033721924
0.0
5.166343353124603e-09
4.8419139808686396e-09
3.57121332505983e-09
4.68443106527161e-09
3.4534557435961233e-09
528.4478759765625
1068.2685546875
6035.013671875
13447.8623046875
23642.85546875
30049.05859375
30656.51953125
28292.75
24138.3125
19846.40625
14418.337890625
8184.2451171875
5113.0126953125
2615.88818359375
1146.3878173828125
282.6800231933594
80.3501205444336
81.25045776367188
64.306640625
26.34564781188965
26.09986686706543
36.754180908203125
32.209259033203125
3.903289913509411e-10
5.935544833413076e-10
5.075282416555638e-09
4.856453017509921e-10
4.97987517888987e-09
493.2336730957031
938.0357666015625
1530.742431640625
4862.8505859375
10181.3232421875
14283.2177734375
14751.052734375
13818.8671875
12258.294921875
9667.0986328125
6301.0673828125
3824.409423828125
1922.00146484375
1280.06640625
357.0460510253906
0.21825453639030457
28.076292037963867
23.259674072265625
26.372804641723633
30.638397216796875
16.476091384887695
3.5688838958740234
2.444420499347899e-10
2.439198842907331e-09
2.594925163634798e-09
2.5840478645733356e-09
1.85044846112703e-09
3.82283582567311e-09
1.5695351362228394
5.085434913635254
128.0312957763672
770.420654296875
1536.4989013671875
1704.5516357421875
1597.468505859375
1052.6298828125
1291.7567138671875
649.994140625
741.6322631835938
210.8143768310547
293.99566650390625
298.1850280761719
2.0398409628086256e-09
2.5444075735236993e-09
3.059021258522421e-09
2.6351737458796265e-10
4.851416601781011e-09
2.502045237662287e-10
4.814973753042295e-09
9.895159136519283e-10
3.1294455915542585e-09
4.623895044630899e-09
1.5748760073819312e-09
3.3220564077396375e-09
3.586934527177732e-09
1.92279081545621e-09
3.793862819671631
4.7087626457214355
5.418877601623535
3.2920191287994385
2.2962491512298584
2.9107234477996826
3.2170565128326416
0.004082297440618277
0.003368174657225609
4.49845805050586e-09
5.369418243361679e-09
1.5125585228759064e-09
4.688238131045352e-10
4.447677781627135e-09
8.538953433223639e-10
4.264550934607314e-09
3.519348590330651e-09
8.33023872104377e-10
1.2179978137183411e-09
3.721413399659923e-09
4.140026099719307e-09
3.227309086639707e-09
8.857984346022363e-10
3.2806020122677637e-09
3.4112617175452442e-09
3.6851302009921483e-09
2.901785700615278e-09
5.107142708737911e-09
1.8175337901382704e-09
1.5153560628533569e-09
4.4653734043720306e-09
4.498952765885633e-09
4.1660541683086194e-10
1.9017842856072775e-09
3.398846315505466e-09
4.8561608068098394e-09
6.468933166914326e-10
5.562575733364383e-09
4.929251229413012e-09
4.99654939645211e-09
1.5677069642450192e-09
1.928246895488428e-09
5.399628744129359e-09
4.4370493945677936e-09
5.235822442273275e-09
3.651176472274642e-09
2.1349340073584244e-09
4.558423860601124e-09
1.0753132828611456e-09
3.652410318633059e-11
7.340712482317713e-10
5.088231169736446e-09
1.5382269902275425e-09
