8.48940986952762e-11
1.0853268284094497e-09
1.8446334459909508e-09
9.077926188538754e-10
9.925856803150168e-10
8.532098361158091e-10
1.6670956837216977e-09
1.646866865101515e-09
2.0640499032165138e-10
1.885068767748521e-09
4.834713740464736e-10
1.0883436374342637e-09
3.721029318004554e-10
2.0358366104034076e-09
5.11052089535724e-10
1.020436846133066e-09
7.076395580618566e-10
2.4893212491328143e-10
1.8435408755124172e-09
1.97872584983827e-09
9.143352741602939e-10
1.2221954004409952e-10
3.003269855028634e-10
1.7573532629100441e-09
8.383208571771661e-10
1.010166283954561e-09
9.64296753558358e-10
1.3396529441322969e-09
1.6497381238878006e-09
1.9688231045478233e-09
9.408130940968817e-10
8.962431352621536e-10
3.111771118557982e-10
7.314721051088213e-10
9.00965302363943e-10
1.1575823632981042e-09
8.828406894423324e-10
9.196151062873525e-10
1.0796209481966912e-09
1.799311033501283e-09
7.863812379049762e-10
1.2913059510566427e-09
4.683110010894609e-10
1.7455529244259083e-09
1.9585030819335714e-10
1.3173404589394977e-09
5.753469367597575e-10
9.599746553234922e-10
2.1824801688108408e-10
1.3671034304607588e-09
1.2067584709285484e-09
1.8938346446617516e-09
6.277227626583226e-10
2.211932026430219e-10
1.3799194009678217e-09
2.2700877289061339e-10
9.53158885153016e-10
1.7161984056102142e-09
1.530949811368032e-09
5.833530325460856e-10
2.053606174001743e-09
1.939801208550307e-09
1.6216155085402306e-09
0.0333835668861866
0.01290576346218586
3.4582312014030947e-10
1.119496384482943e-09
3.1675375655737525e-09
3.6652045842799907e-09
3.0600701972360866e-09
0.0020656457636505365
0.005185042507946491
0.005921563599258661
0.004066275432705879
1.3500807138910886e-09
3.7114364359602803e-10
3.74136333025632e-10
4.966762001679115e-10
4.99882302218424e-10
1.129839444224956e-09
8.396185968706504e-10
1.7375602068270268e-09
1.2887627631741339e-09
1.6353913778743845e-09
4.686901422523704e-10
1.527173498772072e-09
1.1344550854275326e-09
1.665899640457269e-09
2.84184099863527e-11
7.478126451410105e-11
1.2208676292146947e-09
0.04709089547395706
2.6969448896352333e-10
0.2629830837249756
1.6259039640426636
45.32617950439453
58.353118896484375
72.65180969238281
196.68515014648438
1444.4251708984375
1476.8143310546875
1060.9696044921875
174.5033416748047
8.056357383728027
8.165515899658203
0.6782609820365906
0.3969416320323944
1.8743627483441827e-10
9.002589784756765e-10
3.679572757597782e-10
5.905922972893052e-10
1.8528717449228793e-09
4.5294518136174133e-10
1.0196117561367402e-10
3.1261335187160455e-10
0.012033849023282528
0.0030543121974915266
0.0
36.619956970214844
0.03709489107131958
0.0
228.86537170410156
287.6463928222656
1205.2708740234375
2601.878662109375
5038.0849609375
8709.31640625
12775.5341796875
15897.6494140625
14604.9130859375
10338.2802734375
5788.10986328125
1909.9248046875
343.0689697265625
2.194394826889038
0.0475844107568264
0.0
1.5541656850359686e-08
1.3554756428391102e-08
2.9464465589601474e-11
1.3554314337582696e-09
1.0487440915696311e-09
8.53679571477528e-10
0.009769132360816002
7.371185883897624e-10
1.285862638589208e-09
0.0
75.04645538330078
174.78533935546875
461.69476318359375
1579.939453125
5355.73876953125
9102.2734375
16864.521484375
21827.880859375
28199.7265625
29966.033203125
28492.302734375
23058.568359375
14458.5732421875
6347.0859375
2338.275390625
1091.53955078125
0.08121668547391891
0.026827707886695862
5.475382991448896e-08
3.567675932458769e-08
8.491447545111441e-10
1.959721718236551e-09
1.707405439255183e-09
2.894479100845615e-09
6.988091468811035
4.523721397475811e-09
2.6809823250317777e-09
0.002641113009303808
209.70550537109375
475.1984558105469
1801.8309326171875
4225.65576171875
10115.1416015625
18023.54296875
25169.98046875
29203.189453125
31364.373046875
31503.052734375
30793.982421875
29978.388671875
22048.201171875
14155.1416015625
4686.8564453125
1564.2626953125
9.416112899780273
0.049668386578559875
1.2288004391791674e-08
6.465308288738925e-10
3.4528910286546477e-10
3.694843597745745e-10
1.3887647698496153e-09
4.820175647735596
10.325846672058105
10.959512710571289
9.432942390441895
156.458984375
217.89669799804688
949.1466674804688
3402.6337890625
8212.126953125
16577.212890625
25290.6640625
29046.240234375
30052.375
29022.529296875
26612.03125
27407.88671875
29256.650390625
27191.037109375
19971.46875
8931.0205078125
2926.72021484375
36.44465255737305
0.0
120.97817993164062
5.476990527775172e-10
1.7099308635692978e-09
1.0394256566570448e-09
2.401327747758586e-10
8.53527545928955
7.242132186889648
11.307036399841309
8.030791282653809
126.75006866455078
411.0806884765625
2495.015625
5679.71044921875
15362.302734375
21511.09765625
28908.3359375
30646.130859375
27109.66015625
23276.310546875
21765.205078125
22032.09375
27218.38671875
28644.166015625
23503.76171875
13030.431640625
5206.95947265625
485.35980224609375
222.65640258789062
1.2289107231833185e-10
8.512524574122438e-10
4.919790130841761e-10
1.6053909937530086e-11
2.0081707408081684e-09
1.4887471255775608e-09
11.406206130981445
10.325846672058105
6.017462253570557
201.74166870117188
1268.075439453125
3568.897216796875
10919.15234375
18976.578125
27318.353515625
30515.048828125
28213.138671875
22046.787109375
17023.806640625
13920.58984375
15164.8251953125
24105.751953125
29528.859375
26342.357421875
16337.421875
6754.9609375
1100.791015625
62.44160461425781
1.2194550924604641e-09
1.728857834670805e-09
9.389365951406603e-10
7.297301651831845e-10
1.2121752490656945e-09
8.55304382874067e-10
4.25493773548169e-09
8.019840240478516
214.12216186523438
405.78802490234375
2341.862060546875
8657.2275390625
15249.43359375
26137.630859375
30672.013671875
29675.787109375
24528.421875
13937.607421875
9782.4609375
7156.00537109375
9832.052734375
18698.869140625
29312.41015625
28406.486328125
17711.927734375
7967.71337890625
1388.997314453125
127.82434844970703
1.852761499776534e-09
6.71819433417653e-10
8.981751453696063e-10
2.036978363761932e-09
1.821489292730405e-09
3.238187495924194e-09
6.4630545359989355e-09
13.267308235168457
474.6724548339844
668.8854370117188
4596.16259765625
11034.935546875
23337.375
29190.330078125
30774.587890625
25866.640625
14917.982421875
7662.24169921875
4887.14453125
3343.703857421875
6822.38671875
17554.95703125
27356.197265625
28986.08203125
19612.48046875
7347.75
1350.8519287109375
161.47119140625
211.32440185546875
265.87322998046875
1.9768602310676897e-09
3.7930278362630077e-10
1.7406696084520945e-09
78.33600616455078
5.408832937092711e-09
4.451964378356934
340.5578308105469
939.90087890625
6213.65625
14944.3369140625
26532.43359375
31131.044921875
28727.892578125
18765.1015625
7965.95458984375
3780.466552734375
1865.71875
1779.6905517578125
5660.87255859375
16787.171875
28819.484375
28984.779296875
19874.767578125
8250.890625
1604.820068359375
241.01451110839844
208.44081115722656
241.91123962402344
1.23867505141817e-09
7.816338132293765e-10
1.5522815255408773e-09
387.9405517578125
4.53305171177476e-09
4.821951389312744
501.7866516113281
2450.13037109375
7818.36181640625
21202.04296875
30143.533203125
30342.36328125
24211.671875
10701.3115234375
3849.162841796875
1568.7967529296875
943.1172485351562
1163.676513671875
5487.65966796875
18481.17578125
27895.51171875
29707.8046875
18987.150390625
8593.341796875
2041.9759521484375
207.71327209472656
0.0
0.0
9.40325373122164e-10
6.051912304627649e-10
1.752082923189846e-10
1.4045529184159022e-09
3.632357303828826e-09
107.37699127197266
697.1323852539062
3698.485107421875
12889.3154296875
24274.8984375
30813.064453125
29587.466796875
17474.984375
6593.56689453125
1613.06591796875
1026.07080078125
938.7225341796875
1001.772216796875
5850.390625
21361.810546875
29470.064453125
28804.16015625
17772.287109375
8175.33203125
1368.4691162109375
271.3327331542969
2.015652977860327e-09
1.5118826190985146e-09
4.4022968603840695e-10
1.517588943400483e-09
1.0408277573148439e-09
1.296680540718853e-09
2.0520534160795023e-09
52.569000244140625
1223.7955322265625
5787.7197265625
16184.513671875
27795.9921875
31373.51171875
25934.134765625
12703.955078125
2552.666015625
554.278564453125
882.2797241210938
737.850830078125
1496.502197265625
10180.04296875
23720.927734375
28750.55859375
26897.80078125
15408.0498046875
5847.65185546875
1030.633544921875
236.78033447265625
1.7537297170022725e-09
8.55821691292391e-10
3.3622729600502055e-10
2.631911910633278e-10
1.495370605120172e-09
1.0307679154664129e-09
1.7370326531818137e-05
201.22474670410156
1370.291259765625
6952.7734375
18191.580078125
27424.927734375
30507.99609375
22243.65234375
9755.2119140625
1150.79296875
292.0686950683594
58.602508544921875
881.7442016601562
3866.199462890625
14577.0107421875
26625.326171875
30043.974609375
24782.302734375
13093.837890625
4443.9560546875
929.6803588867188
228.6165313720703
7.886813979673946e-10
7.591478001778285e-10
2.0144903523089397e-09
1.0994742893899456e-09
6.581386130521949e-11
6.237150240728795e-10
2.026239620533943e-09
117.3590316772461
1431.135498046875
9382.5166015625
22068.166015625
29156.82421875
29221.228515625
19813.439453125
5927.6884765625
1382.0445556640625
981.0250244140625
1557.3564453125
4032.6572265625
10667.58984375
20412.880859375
29525.3984375
29290.880859375
20952.927734375
7915.78759765625
2974.928955078125
504.7393493652344
8.227298736572266
5.18586229514284e-10
1.2048396724750887e-09
1.7121288831134507e-09
9.655294341825993e-10
9.500075726087687e-11
29.500158309936523
22.97674560546875
725.6446533203125
2504.2978515625
9552.3603515625
22939.078125
28791.3203125
28155.451171875
17191.607421875
7869.22216796875
2268.716796875
2401.836669921875
3754.642333984375
9855.5400390625
17767.939453125
27707.173828125
29909.73046875
25867.0625
13775.7705078125
5922.67041015625
1705.5914306640625
269.0186462402344
10.08358383178711
4.1366951530896756e-10
4.0404796175508295e-10
7.692244619050825e-10
6.5870003895796e-10
5.652706080994108e-10
35.764678955078125
37.21004867553711
624.4363403320312
2628.481201171875
9858.669921875
22204.705078125
27864.568359375
27244.28515625
19317.30859375
11000.1513671875
7159.4384765625
7684.3447265625
11440.1806640625
18710.9296875
26294.2421875
30389.462890625
28703.263671875
18614.068359375
8280.8876953125
3070.5732421875
898.3831787109375
80.65447235107422
0.0
1.4691089456064788e-09
1.1631710039594623e-09
9.634288922200085e-10
1.9903838577306487e-09
3.2326082782807575e-11
24.152687072753906
29.504812240600586
231.16998291015625
2044.635986328125
9893.3935546875
19486.96875
26454.607421875
27908.6953125
23763.1484375
19397.755859375
16429.28515625
18418.232421875
22305.5
27726.3515625
31393.166015625
30795.861328125
21419.50390625
10022.2412109375
5426.3544921875
1377.8035888671875
337.7759704589844
0.037189047783613205
0.020013336092233658
287.755859375
285.52703857421875
1.1535329358380864e-09
7.709479166173594e-10
1.8219087349891083e-09
1.6635988142610358e-09
0.016426023095846176
119.95525360107422
1310.99560546875
7531.078125
17608.015625
23581.130859375
29333.3671875
27930.591796875
26646.091796875
27373.98046875
28270.603515625
29880.017578125
30965.78125
31705.23046875
21878.150390625
11736.38671875
5314.66064453125
2145.85595703125
436.8815002441406
127.24234008789062
0.03032616898417473
0.032968029379844666
271.729736328125
407.7403869628906
1.7472012725505692e-09
1.1953042999834906e-09
3.018111316421823e-10
1.1750955764000537e-09
0.0036552054807543755
48.22627639770508
214.34942626953125
3837.025146484375
11966.37890625
19829.54296875
25120.3359375
29386.630859375
30349.904296875
31356.826171875
31792.314453125
30290.091796875
27028.861328125
19925.73046875
11231.4140625
5575.259765625
2244.45263671875
804.2554931640625
93.7187271118164
0.0
214.32827758789062
0.0
0.0
196.08619689941406
2.410679988962272e-10
1.322996823205358e-09
1.4000282044790424e-09
1.3744769766788067e-09
6.636580174301798e-10
0.825986921787262
44.051666259765625
945.074951171875
4995.81787109375
12409.8935546875
19533.4140625
23313.61328125
27744.755859375
27739.39453125
26952.05078125
22301.892578125
16085.8876953125
7864.56103515625
3003.504638671875
1504.252197265625
382.05828857421875
80.65616607666016
4.039485634876883e-09
318.76806640625
348.2991027832031
249.6949005126953
1.765988910662486e-09
1.231733604001306e-09
2.9074176399745966e-10
4.695169253388087e-10
1.2620030576115937e-09
1.4868119235789123e-10
2.4534893561245497e-10
0.29829150438308716
0.8683359026908875
1.4075984954833984
714.0233154296875
3107.11572265625
5539.91015625
6899.86279296875
8790.806640625
9471.2392578125
8175.767578125
6208.93310546875
4661.66259765625
972.9744262695312
694.2382202148438
288.1553039550781
8.49433422088623
0.9311774969100952
3.0842932652319632e-09
132.47113037109375
187.0388641357422
290.5306396484375
2.048630154405373e-09
5.264586544484473e-10
8.918455418616134e-10
7.045827810081562e-11
1.4930735814377982e-10
3.098879763907547e-10
1.9755099778251406e-09
1.637460167458471e-10
1.4377788959407667e-09
9.51402068238849e-10
1.5674060938053458e-09
0.0
98.6422348022461
136.9176025390625
121.46984100341797
128.32603454589844
107.4591064453125
80.18953704833984
0.026689521968364716
4.145882570583126e-08
2.689642286668459e-08
1.9828464203897056e-08
1.6612194286835802e-08
5.393328450509216e-09
3.1953850676558204e-09
2.023813339135927e-09
1.7107650851500011e-09
4.359553551491757e-10
1.1617540263131332e-09
1.7682797448514975e-09
6.674741315215726e-10
1.6648638023752937e-09
9.84222481292818e-10
1.6611663156140821e-09
9.197111960901339e-10
2.0404269385210227e-09
1.8090646758395224e-09
1.8848136384974623e-09
1.909403524180675e-09
2.0388097876633537e-09
1.6320714779638479e-09
1.9822425922910725e-09
4.7666746105790025e-09
5.28544807920639e-09
5.497365762607842e-08
1.0088539781349937e-08
1.1913407149677369e-08
2.1210791345538382e-08
1.5415642096172633e-08
1.5126255803465938e-08
2.881065386262094e-09
3.3713494218545748e-09
1.5150650733986026e-09
5.385350498876562e-10
1.3594674275196894e-09
1.9317129493212626e-11
1.1112133435631222e-09
2.8585961375782176e-10
5.272203229544914e-10
1.056565279711208e-09
6.731294965867107e-10
5.62028201755993e-10
8.830179365482138e-10
6.10712647119982e-10
7.307625615737834e-10
7.19596049414406e-10
1.1507226282958527e-09
9.693612579297906e-10
1.2623428968794315e-09
1.915004377295304e-09
1.503169033689744e-09
3.293823269689966e-10
1.729239973435881e-09
1.1010902190022875e-09
4.5131094417172335e-09
5.732110786027533e-09
4.342580517402439e-09
1.015056816378035e-09
2.9373448118263923e-10
1.0697229768652505e-09
5.397567393039537e-10
9.576964776769614e-10
1.0005450912231595e-09
1.4862136521465175e-10
6.361754456563062e-10
1.3133866216819001e-09
7.406030233525485e-10
