2.1135491579116206e-07
3.811601629877259e-07
8.387609540250196e-08
2.880497049773112e-07
4.2513690345913346e-08
2.0467200556595344e-07
2.1246103187877452e-07
4.3202678767784164e-08
2.2993994264197681e-07
3.103388479530622e-08
1.5364076944024418e-07
1.2169083163371397e-07
9.370810261088991e-08
2.0764611008416978e-07
1.271586143047898e-07
3.3331255622215394e-07
7.671188484437153e-08
5.6920605118193635e-08
8.817269758765178e-08
2.5343703669022943e-07
3.975577840265032e-07
2.966863235087658e-07
2.3396344772663724e-07
7.394566381435652e-08
1.6252312207143405e-07
1.409111263228624e-07
3.0027331376913935e-07
2.958219340598589e-07
5.922809975800192e-08
1.2686444961218513e-07
2.3991665898392966e-07
9.321969685061049e-08
1.4495513767087687e-07
1.0946263984124016e-07
4.129582578116242e-07
9.100761388936007e-08
2.861135328657838e-07
2.3403076454542315e-07
2.0317924054324976e-07
5.022679516741846e-08
1.1447924208596305e-07
3.6446257922762015e-07
1.7912070404690894e-07
1.4795038794090942e-07
1.1497913021685235e-07
3.2006948913476663e-07
3.2121388926498184e-07
3.77581947930139e-08
9.500005404561307e-08
1.9959436770022876e-07
3.4790087966030114e-07
2.7069098962329008e-08
2.2314434033887665e-07
1.14418618579748e-07
3.3746869121387135e-07
3.797953525008779e-07
1.8216098851553397e-07
4.0016442426349386e-07
3.8603573671025515e-07
2.1079979717342212e-07
1.462540666352652e-07
2.2400436705538596e-07
7.752566943963757e-08
3.119178870747419e-07
5.7196167801976117e-08
3.909105998900486e-07
2.91669266516692e-07
1.937026326004343e-07
3.163987685184111e-07
3.8298611571008223e-07
1.6507724964753834e-08
1.8972527016103413e-07
1.6605783059731039e-07
4.165853511040041e-07
3.8941456637076044e-07
1.5255952234838333e-07
2.1761107404927316e-07
3.7738772107331897e-07
3.425029149184411e-07
2.3940268434330392e-08
3.204058032224566e-07
2.611808156416373e-07
2.7538564495444007e-07
2.5152885996249097e-07
1.2375522828733665e-07
1.524045956102782e-07
2.7465637231216533e-07
6.015477538312552e-08
1.4934478542727447e-07
3.1992956337489886e-06
1.1905222891073208e-05
1.1037848707928788e-05
1.0246219972032122e-05
1.0625873983372003e-05
2.247997690574266e-05
2.762822259683162e-05
2.717109782679472e-05
1.941446134878788e-05
127.8484115600586
232.95498657226562
284.53192138671875
207.9411163330078
208.07986450195312
121.6131591796875
1.154362436750489e-07
2.3732464171644096e-07
2.333145658894864e-07
1.5454209290055587e-07
3.664235634914803e-07
2.837852548509545e-07
3.8898045318092045e-07
5.0265668960491894e-08
4.1271704276368837e-07
1.8385803457476868e-07
3.741618286312587e-07
3.3795807361602783
5.407708644866943
384.1959228515625
569.956787109375
1125.641357421875
2479.688720703125
3230.790283203125
4603.8564453125
5111.66259765625
5484.71826171875
5308.849609375
4701.69189453125
4394.23828125
3398.678466796875
2830.296142578125
1645.78369140625
611.8218994140625
34.80895233154297
30.387481689453125
0.0002209299273090437
8.022855695344333e-07
2.2847318348340195e-07
1.7658196327374753e-07
1.173883887872762e-07
7.131809098837039e-08
3.816782054855139e-07
3.089044753323833e-07
1.3712383406527806e-07
191.2873992919922
720.9359130859375
3533.767822265625
7887.17236328125
11003.5498046875
14970.4287109375
20266.404296875
23788.59375
26247.44140625
29041.048828125
29322.703125
27340.142578125
24272.78515625
20268.158203125
16401.3125
9527.6015625
4430.40087890625
2503.923828125
931.2913818359375
22.37830352783203
1.043379545211792
0.0
8.741372425902227e-07
2.826413094680902e-07
6.076933090071179e-08
2.949595589996079e-08
3.6220492916072544e-07
6.732993540481402e-08
655.8089599609375
2539.914306640625
6746.111328125
11252.9052734375
17512.986328125
24890.546875
28575.345703125
30849.61328125
31344.623046875
31282.970703125
32544.7890625
31690.009765625
32267.921875
29021.634765625
24460.876953125
18650.453125
10450.751953125
6746.794921875
3034.540283203125
1566.8135986328125
367.5793762207031
20.280485153198242
43.73128890991211
4.1640967651801475e-07
4.1140944517792377e-07
1.6870450281203375e-07
9.196293149216217e-08
5.034126715486309e-08
870.0765991210938
3728.722412109375
7617.06396484375
13807.41015625
20126.142578125
25002.64453125
27125.943359375
28365.66796875
26206.6875
25708.51953125
26625.466796875
27233.203125
28449.65625
30845.298828125
29460.42578125
22593.369140625
15276.896484375
8613.587890625
4531.451171875
1995.3609619140625
532.06201171875
416.74798583984375
53.33396530151367
2.7503721966581907e-08
7.35932204065648e-08
3.106737551661354e-07
5.30459836056707e-08
3.4119791984558105
1028.9925537109375
3226.3623046875
6708.53271484375
10197.6826171875
15394.474609375
17769.099609375
18514.484375
17016.140625
13135.8017578125
10604.625
11077.5048828125
16091.79296875
21425.259765625
26366.837890625
27853.5703125
23232.90234375
15876.8623046875
8798.931640625
4430.66455078125
2662.103759765625
321.7012023925781
41.51896286010742
0.0
1.4899541156410123e-07
2.7178998607269023e-08
1.4142362658731145e-07
4.078933955042885e-07
2.8002357482910156
508.2106018066406
2030.050537109375
3977.35107421875
7862.2587890625
8480.3642578125
8834.9775390625
11720.1904296875
7974.0107421875
6867.4541015625
5500.3984375
6951.28076171875
10510.6337890625
19607.841796875
26262.322265625
28189.052734375
23611.818359375
14302.8203125
7992.0185546875
4032.043212890625
1329.72216796875
10.950715065002441
2.514676570892334
5.090347713121446e-06
1.662055382212202e-08
2.3781090874308575e-07
2.766781506124971e-07
4.300387246303217e-08
1.997722520741263e-08
13.965093612670898
379.3654479980469
1883.9820556640625
3393.882080078125
3955.384765625
4936.58837890625
4853.8798828125
5300.07861328125
6419.22265625
7373.80029296875
10717.6904296875
18272.828125
26381.671875
28278.21484375
26767.216796875
21011.64453125
11537.2275390625
5603.79052734375
1862.550537109375
637.88232421875
3.2231204509735107
2.0494312593655195e-06
4.062245864133729e-07
2.6977608058587066e-07
1.783884329142893e-07
2.1678039274775074e-07
7.638158194822608e-08
1.8590603190205002e-07
1.978594422340393
309.95819091796875
1164.1739501953125
1842.0684814453125
1817.02392578125
3066.97216796875
4838.6259765625
7411.73095703125
11600.08203125
17124.73046875
23566.244140625
29065.626953125
30291.232421875
29225.671875
24566.462890625
14991.5146484375
7491.66455078125
3862.848388671875
1219.2667236328125
39.81016159057617
3.4153597425756743e-06
2.435378519294318e-06
3.212420836007368e-07
1.2919312730730326e-08
3.3926548326235206e-07
5.223849086632981e-08
3.0490880931210995e-07
1.842949899355517e-07
3.535893142725399e-07
9.764877319335938
718.27783203125
1058.499267578125
2360.65771484375
5140.56689453125
8958.755859375
15577.095703125
22622.642578125
27571.837890625
31476.6328125
31534.8828125
29347.46875
27230.5234375
20536.96875
11403.0556640625
6829.1142578125
3197.4716796875
1662.1234130859375
623.025634765625
20.90858268737793
3.059885025024414
1.6235438585281372
1.6904225219604996e-07
3.3682553635117074e-07
2.878201428302418e-07
3.2968208074635186e-07
2.786984225622291e-07
3.4643690582925046e-07
8.150857925415039
307.7684631347656
976.9049682617188
4236.9580078125
7353.57568359375
13990.1240234375
22127.3046875
28216.7265625
31645.216796875
33178.9921875
32634.869140625
31091.6875
28904.349609375
22628.763671875
16707.0625
9516.779296875
6104.41650390625
2564.4365234375
1008.9066162109375
396.5803527832031
8.795976782494108e-07
3.8197589447008795e-07
2.028358210282022e-07
1.9373266013644752e-07
3.862786286390474e-07
1.5820863552562514e-07
1.5264890862454195e-07
1.6679452130574646e-07
0.011939002200961113
473.2131652832031
1276.86328125
4294.32177734375
9193.947265625
14742.3037109375
21160.44921875
26434.189453125
28194.435546875
28729.169921875
28996.90234375
28632.8984375
29073.568359375
27182.24609375
23784.970703125
17501.07421875
11105.9541015625
5284.8310546875
1442.0340576171875
526.1000366210938
8.63335060330428e-07
1.808626564070437e-07
6.47583675572605e-08
7.573271432192996e-08
3.9890991843094525e-07
2.3793091941115563e-07
2.6127571572942543e-07
4.13444922742201e-07
110.34850311279297
473.65679931640625
1112.4794921875
3133.40576171875
8234.189453125
12058.22265625
14575.244140625
16919.02734375
16210.36328125
15701.28125
16109.6044921875
19637.595703125
23651.978515625
26054.966796875
26347.44921875
25783.32421875
18044.876953125
9417.169921875
2946.9873046875
975.9891967773438
6.405706471923622e-07
3.7300748090274283e-07
3.7184022971814557e-07
2.934120502118276e-08
1.5987052393029444e-07
1.6659102186622476e-07
3.0643170134680986e-07
2.9065708417874703e-07
177.87289428710938
506.575439453125
434.1718444824219
2223.83056640625
5581.8759765625
7408.45263671875
8451.5751953125
8562.34765625
7219.791015625
6364.99609375
6380.40625
8622.607421875
12102.9189453125
18712.341796875
25034.34375
27562.09375
24007.732421875
15290.8232421875
5158.69970703125
1404.1441650390625
1.1195332945135306e-06
5.6924445743788965e-06
5.4476473110298684e-08
2.6388011065137107e-07
3.804026675879868e-07
2.265095844222742e-08
221.59371948242188
47.95659637451172
329.8885192871094
859.165771484375
1059.237548828125
1458.0330810546875
2625.8623046875
4265.92138671875
4564.60205078125
2619.111572265625
1927.086669921875
1154.2593994140625
1244.1358642578125
2072.86279296875
4929.4951171875
12399.3759765625
21151.75
27235.708984375
26185.01953125
18657.822265625
7319.31298828125
1185.98583984375
5.162465640751179e-06
6.006983767292695e-06
3.981019290222321e-06
2.5595440433789918e-08
1.6338022135187202e-07
7.001123094596551e-07
311.3627014160156
235.37542724609375
1187.293212890625
1407.4873046875
2539.942138671875
2334.588134765625
2452.265869140625
2850.6630859375
2440.764892578125
2039.17236328125
361.7522277832031
43.43474197387695
66.56578826904297
631.884033203125
2508.80322265625
11939.6064453125
21070.544921875
27407.05859375
27860.9375
19160.216796875
8471.255859375
955.71142578125
4.60971386928577e-06
4.335503490437986e-06
3.9878818824945483e-07
4.138964868616313e-07
4.195422675934424e-08
9.092605068872217e-07
345.328369140625
615.010986328125
2041.9669189453125
2741.889892578125
5681.94384765625
7341.0029296875
6773.85986328125
5459.43994140625
4533.23095703125
2816.123046875
1456.377685546875
732.0228881835938
733.6044921875
1190.8431396484375
4854.890625
16256.04296875
25233.876953125
30885.732421875
28540.978515625
17902.048828125
7018.11767578125
837.96240234375
8.796488941698044e-07
1.2599592480455613e-07
2.5031479822246183e-07
2.959036180527619e-07
1.8683309122025094e-07
4.094175096724939e-07
10.406668663024902
782.0431518554688
2500.011474609375
5151.76318359375
8515.5751953125
11916.96484375
12609.38671875
10330.125
7424.482421875
5871.22509765625
3436.964111328125
2807.47412109375
3985.602294921875
7652.4599609375
14800.2724609375
23533.8984375
31787.814453125
30679.88671875
25322.1171875
12949.021484375
3220.64111328125
92.39637756347656
2.4273319354506384e-07
3.768254543956573e-07
8.061178391471913e-08
9.538719325519196e-08
6.315735134876377e-08
0.0
9.682612419128418
649.7523803710938
2550.646484375
5181.26416015625
11298.6552734375
15514.1201171875
18601.720703125
19870.740234375
17929.955078125
15313.6015625
13431.87890625
12856.451171875
15792.845703125
20447.841796875
27948.25390625
32000.484375
31519.90234375
27991.685546875
17954.8203125
7733.47705078125
1399.608642578125
11.273869514465332
8.038736609705666e-08
3.250497968565469e-07
9.728312733159328e-08
2.2871336113894358e-07
1.0784742698888294e-07
3.6605612763196405e-07
8.595867156982422
543.1483154296875
2037.14892578125
4886.4453125
9440.1005859375
15231.7314453125
20502.498046875
27313.376953125
29447.796875
29509.619140625
28285.98828125
29103.78515625
29848.576171875
31553.8671875
33122.83984375
31726.3046875
27981.560546875
17126.412109375
7908.3095703125
1880.6053466796875
400.5281066894531
4.735334968586358e-08
2.8543743724185333e-07
3.928086300675204e-07
2.5416227344976505e-07
2.4914481855375925e-07
3.7597240520881314e-07
2.2172680758103525e-07
0.16280946135520935
373.0746154785156
1786.0396728515625
2806.377197265625
6472.86279296875
10346.4931640625
17515.482421875
22780.271484375
29618.23046875
31996.95703125
31513.66796875
32424.0
33154.2578125
31794.224609375
29640.748046875
23486.9296875
13671.4111328125
5405.89599609375
1143.381103515625
26.368892669677734
0.0
7.95069183823216e-08
2.8407356467141653e-08
3.22276783037978e-08
1.1834794122478343e-07
3.733866833499633e-07
2.732713255682029e-07
1.6866277974258992e-07
0.0378495454788208
4.931320667266846
526.6306762695312
1462.39892578125
2052.64111328125
4145.85888671875
7608.09375
12158.7568359375
17494.07421875
21980.197265625
24451.75390625
24555.61328125
22909.60546875
18719.552734375
11846.1005859375
7599.9208984375
2050.425537109375
642.9862060546875
46.24305725097656
2.0705516590169282e-07
3.643550030574261e-07
1.1363384544438304e-07
2.736157398430805e-07
2.6121298901671253e-07
1.3511505869701068e-07
1.1059226423526525e-08
3.47291631896951e-07
2.427565277685062e-07
1.3869454562609462e-07
9.483563445655818e-08
5.385596752166748
5.385338306427002
162.50209045410156
379.7124328613281
530.8247680664062
691.3798217773438
664.8109130859375
820.2760009765625
728.124755859375
567.0511474609375
518.831298828125
292.81292724609375
158.30426025390625
94.16451263427734
2.8262975215911865
1.2842896524034586e-07
1.7531988305563573e-07
2.2890056072810694e-08
2.0885727280983701e-07
8.006070828514567e-08
1.4694109040647163e-07
6.763463034076267e-08
3.7492432625185756e-07
1.5349442605838703e-08
2.590446683825576e-07
3.037269777905749e-07
1.0493744895256896e-07
3.2901920121730655e-07
2.0723635429931164e-07
3.695715236062824e-07
1.383379952812902e-07
3.924749876205169e-07
1.0364156111108969e-07
2.174239597252381e-07
1.8684902514110036e-08
1.562243028274679e-07
3.077241785831575e-07
3.4782499369612196e-07
2.103375180695366e-07
2.3228513157391717e-07
3.5994776226289105e-07
3.114395781267376e-07
4.0738677853369154e-07
2.1423308282919606e-07
4.075891126831266e-07
9.606554840502213e-08
4.153795885031286e-07
1.3906482365655393e-07
5.4794721648931954e-08
2.822789042511431e-07
1.2027852847040776e-07
1.3414199884209665e-07
4.2327988580836973e-07
2.779032683974947e-07
3.027811317224405e-07
3.56189644890037e-07
2.7200528052162554e-07
2.641450862483907e-07
2.3807930915609177e-07
5.540858083463718e-08
3.243384298912133e-07
3.624721500727901e-07
1.2630762569187937e-07
3.032874644759431e-07
3.608365091167798e-07
1.7944212515885738e-07
1.9966202557952784e-07
1.059869418895687e-07
4.044843819883681e-07
8.123642913915319e-08
1.0750992629482425e-07
3.3777443064764157e-08
1.2394245629820944e-07
1.2502711399520194e-07
3.893939606314234e-07
2.3852985009398253e-07
9.041994530889497e-08
4.139727849405972e-08
2.2479848382772616e-07
2.554446609792649e-07
