3.1615970952358907e-10
3.9306466415034436e-10
4.6187753621751426e-10
4.3858344733749277e-10
3.846938323448512e-10
2.891826222928273e-10
4.1083320079238206e-10
6.599536195306399e-11
4.687409904668982e-10
1.3489441508252042e-10
1.873047550393636e-10
3.5875885595615387e-10
4.795130403856263e-10
3.272265236553551e-10
2.0877380380035504e-10
4.1227768421414623e-10
1.4684278792920225e-10
5.251410972739734e-10
1.8073002816532124e-10
4.970607259124904e-10
3.7104849748281765e-10
1.3339469806528115e-10
6.529152218881507e-11
3.9514178040711556e-10
8.497760828340972e-11
5.280292869613845e-11
2.249066488602125e-10
3.286826089077266e-10
4.722341961915788e-11
5.306470263199969e-10
4.065625336391321e-10
1.006530067626521e-10
2.013250850751991e-11
3.3527627896212664e-10
2.1159470009468606e-10
4.58248911039405e-10
1.6159100446611063e-10
3.233090739573896e-10
3.3409938010597884e-11
3.338089527016308e-10
2.778348939802555e-10
6.07218164638823e-11
3.116026325855614e-10
1.6106702083185098e-10
3.7813421838173156e-10
1.6697311588931285e-10
8.379709426353799e-11
3.803523884737814e-10
5.219780163656651e-10
3.508687229647478e-10
1.839349506038701e-10
3.694445860347173e-10
2.474152827058873e-10
2.909958385366451e-10
2.5910265599726756e-10
1.7406386054741319e-10
4.4490494621740595e-10
1.1410437178449584e-10
5.307725370329308e-10
3.4360070344519045e-10
4.059859115557174e-10
3.2148898126971304e-11
3.508621726489025e-10
2.86988821596168e-10
3.599125719677687e-10
4.678574194727503e-10
2.6215504767002074e-10
3.058615583029223e-10
0.0
0.0
0.3685128688812256
0.4637828469276428
0.5820497870445251
8.200476964148606e-10
1.487910766817535e-10
2.262930953733644e-10
2.460920633939878e-10
3.3737046489790146e-10
2.733326065484931e-10
2.261224540944795e-11
1.897542678541697e-10
4.74264738592467e-10
2.9133032097838907e-10
9.660760386109857e-11
5.208424247449273e-10
2.2678693645250547e-10
3.1587252258269416e-10
3.218030564244856e-10
1.5305759437644895e-10
68.30026245117188
31.59404945373535
5.033061190040655e-10
3.146829324895961e-11
233.4610595703125
323.5404968261719
727.472412109375
1213.0367431640625
1121.4349365234375
501.92108154296875
766.5895385742188
456.629150390625
247.8092041015625
0.015733644366264343
0.0038492735475301743
0.0006914780824445188
4.6055928515364997e-10
2.3491614209447675e-10
3.997191189153426e-10
4.009370058177808e-10
3.993669284163559e-10
5.412074677302314e-10
4.290970911924319e-10
1.5333948000240127e-10
1.999039267452929e-10
3.3562333467962446e-10
1.0790258964110677e-10
4.5903425505144924e-10
4.5519868430154986e-10
30.29680824279785
271.41650390625
703.3516845703125
3610.982666015625
6734.68408203125
9082.0302734375
10139.609375
10824.59765625
9979.328125
9253.3896484375
6704.3994140625
5278.8701171875
3257.816650390625
1244.4835205078125
46.03729248046875
0.001079603680409491
2.914806451759233e-10
7.974178956038358e-11
3.9149897212986673e-10
3.401967596516897e-10
3.222614536335655e-11
4.335333481098047e-10
3.4175556828941467e-10
3.6561826483039184e-11
2.8570260046656415e-10
4.273604525817376e-10
0.012415684759616852
97.49745178222656
528.8841552734375
1763.2120361328125
4232.8681640625
9118.453125
12848.0703125
17795.482421875
20591.560546875
21501.96875
20966.044921875
18803.26171875
16723.1015625
14084.6181640625
9995.1689453125
7976.19189453125
2847.57275390625
1255.5718994140625
416.36376953125
131.9461212158203
4.032350564564524e-10
1.1335097443998521e-10
4.444855872254294e-10
9.773107323418628e-11
1.946158234567008e-10
2.679625965562593e-11
4.566602929134689e-10
2.0940156553184153e-10
0.0
196.69573974609375
1760.6087646484375
4032.905029296875
9278.6357421875
15767.3544921875
20288.609375
25081.279296875
25219.6640625
24896.12109375
25317.205078125
24584.77734375
23678.08203125
24489.7109375
20228.982421875
13380.16796875
8990.837890625
4952.4208984375
1323.2471923828125
546.3236694335938
224.496826171875
9.320276495028423e-11
2.407627153200309e-10
4.6034862033472734e-10
4.745406845252376e-10
3.185573749231452e-10
1.2599467302809586e-10
4.2383127563105916e-10
27.00035285949707
565.1253662109375
2808.756103515625
8822.4384765625
18468.458984375
26108.396484375
27396.46484375
26405.888671875
22258.982421875
22657.830078125
24197.412109375
24737.533203125
24839.310546875
25011.943359375
25352.0078125
22662.638671875
16515.400390625
8902.533203125
3600.684814453125
516.1764526367188
154.4210205078125
2.9504568233029715e-10
2.5512952861461713e-10
3.5314037805100895e-10
3.208795729126024e-10
5.241387324161906e-10
2.2862703397130701e-10
5.432416738671009e-10
20.184309005737305
1425.81982421875
5122.9287109375
15964.15625
25234.283203125
27488.732421875
24883.056640625
20773.361328125
18095.509765625
16072.119140625
17433.486328125
17859.072265625
18760.037109375
22527.017578125
23762.69140625
26681.91015625
24695.966796875
17612.216796875
9263.7021484375
2618.8056640625
553.035400390625
1.886507061676923e-10
3.6141520332044763e-10
2.975172885832933e-10
1.432436530501846e-10
4.966726474542327e-10
4.48287023821492e-13
1.9093834846550806e-10
334.54248046875
2502.427978515625
10735.4541015625
24025.779296875
28713.640625
25877.291015625
21202.8359375
14704.1123046875
11838.8046875
11048.525390625
10814.9423828125
10844.8740234375
12172.67578125
13816.7626953125
16730.669921875
22233.537109375
25599.8046875
25359.845703125
17860.552734375
6660.638671875
693.7822875976562
3.078447774473858e-10
5.411834314017483e-10
1.3789003272535183e-10
4.3866438259598795e-10
1.3991884040276403e-10
5.401569191931799e-10
5.368805955363598e-10
1077.74365234375
7425.0849609375
17663.916015625
27639.6171875
27955.533203125
21654.84375
13512.939453125
8759.21875
5575.1025390625
4132.83349609375
5006.93115234375
5344.255859375
4889.04443359375
6938.7236328125
10222.4677734375
15706.3974609375
23075.072265625
26626.734375
24139.140625
12745.2568359375
1855.140869140625
0.00017011986346915364
2.0577575754465727e-10
1.7706136556938645e-10
2.744759419748277e-10
5.310085149368149e-10
1.4554336902339315e-10
1.4745474286037563e-10
1084.3126220703125
10926.2021484375
23036.51953125
29439.228515625
26085.171875
17573.798828125
7753.97314453125
4704.27978515625
2676.727294921875
3446.935791015625
3340.680419921875
1613.2664794921875
1691.00439453125
2516.3486328125
5287.68017578125
10502.685546875
16239.5849609375
24941.578125
26777.796875
20699.1640625
5521.76025390625
5.7474164962768555
2.845941260432028e-10
4.2782727360801687e-10
2.2345562900039084e-10
1.1369333946520399e-10
4.1996525701470944e-10
1.9600888967463703e-10
1766.4720458984375
15350.4990234375
26896.626953125
30049.91015625
22194.654296875
12757.9326171875
3945.724853515625
1720.078369140625
1286.5792236328125
1599.7119140625
1623.9541015625
1018.4989013671875
922.0284423828125
1123.8203125
1801.9700927734375
5655.6875
12259.4423828125
19828.55859375
27629.625
24993.34375
12535.962890625
762.2213745117188
5.212424381006997e-10
3.4556241201855187e-10
2.4673291187937707e-10
2.2909203700738345e-10
5.251005741335746e-10
9.036214831947831e-11
2824.990478515625
17422.16015625
28822.501953125
29396.3359375
20650.18359375
9100.5126953125
2132.415771484375
454.2818298339844
826.7391967773438
756.9806518554688
785.4580078125
657.4589233398438
698.0768432617188
764.298583984375
1288.505859375
3758.9794921875
9287.3759765625
18580.43359375
27304.490234375
26628.701171875
14206.822265625
1360.7742919921875
4.91629958965234e-10
2.342861182835776e-10
1.0235159247917736e-10
3.4775918256180205e-10
5.13254216905068e-10
8.508988652566885e-11
2763.5185546875
18891.771484375
29266.728515625
28083.9375
18896.6875
6431.8095703125
1417.1571044921875
863.95703125
865.4468994140625
1049.9957275390625
1245.251708984375
1081.12744140625
962.9559326171875
1028.9920654296875
905.8501586914062
2169.345458984375
5471.244140625
16646.388671875
26705.935546875
27464.966796875
16199.560546875
1991.3765869140625
2.722981007341474e-10
2.5648916324172433e-10
4.5526735159562293e-10
5.121061907864544e-10
6.02005875705025e-11
8.14744105515075e-11
2163.11376953125
17850.69140625
27902.37109375
26868.529296875
18567.271484375
6778.7099609375
1654.5467529296875
1639.505126953125
1467.1292724609375
1341.794189453125
1043.2957763671875
1005.623779296875
979.4180297851562
788.9976806640625
696.1810913085938
1056.6075439453125
6222.017578125
15918.82421875
27269.18359375
27951.474609375
17560.689453125
1730.079345703125
3.676335347257975e-10
2.930528597566706e-10
2.56965199119108e-10
3.516220370425316e-10
3.808069970467898e-10
2.6861407542710936e-10
1996.4310302734375
18086.94921875
27550.001953125
27259.365234375
19275.91015625
8370.681640625
2662.876220703125
1287.5689697265625
1178.447265625
1145.08935546875
1030.553466796875
1105.232421875
622.0686645507812
615.94873046875
662.1824340820312
2100.83154296875
7025.9345703125
16569.396484375
25540.130859375
27148.298828125
15973.958984375
1647.55029296875
5.307668748955052e-10
5.038222616882138e-10
2.0676864387336735e-10
4.5139374876823624e-11
2.9249955235677305e-10
2.6390578611312776e-10
1670.98193359375
16315.4013671875
26285.10546875
26813.474609375
21824.87109375
11721.103515625
4720.15185546875
2726.538818359375
1079.9808349609375
474.91314697265625
497.3352355957031
479.0014343261719
133.61288452148438
91.1108169555664
618.0667724609375
4286.24072265625
10707.525390625
19401.88671875
27360.669921875
26545.623046875
12171.69921875
1287.6822509765625
1.079704867179565e-10
4.709088119447813e-10
2.8053223632973356e-10
5.11484632426118e-10
3.455276620378811e-10
2.2454035852881304e-10
775.6236572265625
11927.6181640625
24350.943359375
27966.4296875
26140.3359375
15271.6904296875
6590.44189453125
3158.926513671875
1351.015380859375
1122.293212890625
827.4842529296875
1049.0643310546875
806.7578735351562
1167.3697509765625
3834.5751953125
9257.3916015625
15931.2021484375
25280.0078125
27797.341796875
21904.767578125
8442.04296875
155.93699645996094
4.581875712172945e-10
4.166513245529302e-10
4.407607334666608e-10
4.4138775967539345e-10
3.0282842899964635e-10
3.6985878248962933e-10
635.5468139648438
6828.7060546875
18944.646484375
27990.064453125
27396.1796875
23098.33984375
15016.40625
7039.36669921875
5009.6396484375
3923.90185546875
3833.627685546875
3371.3271484375
6012.75244140625
7346.0576171875
11659.76171875
17567.255859375
23806.861328125
29895.822265625
23693.482421875
14670.806640625
5108.2646484375
2.6265029907226562
1.3685583222233788e-10
4.743810344542965e-10
3.80432713109613e-10
3.1664273980602786e-10
3.6683764359501936e-10
2.0608098560970234e-10
146.0707244873047
3429.46728515625
12797.302734375
22957.869140625
27355.974609375
27381.646484375
24571.75390625
19022.84375
17148.4375
15358.4345703125
13058.9765625
13558.3017578125
15990.91796875
19458.203125
22089.7734375
26771.771484375
28758.197265625
25518.705078125
17023.38671875
6496.88330078125
1353.0677490234375
4.842844458785578e-10
4.748832993506369e-10
9.987833476943209e-11
6.558770887510335e-11
4.257708074995037e-10
2.953570443775533e-10
3.2154831575148535e-10
38.49509048461914
1071.8739013671875
5169.09716796875
14786.396484375
24420.462890625
27844.25390625
28772.568359375
27698.1875
26092.783203125
24482.822265625
23075.810546875
23224.96484375
25644.103515625
26393.873046875
28758.564453125
27515.0859375
23932.853515625
16523.951171875
7070.45361328125
1594.1458740234375
322.21124267578125
2.532253851050825e-10
8.097658654726558e-11
3.8149941539167287e-10
3.9356212733210327e-10
4.612327741959632e-10
5.257569934968842e-10
6.637424637689904e-11
0.024237625300884247
102.26669311523438
1686.104736328125
6008.29736328125
12750.7265625
21180.958984375
25967.693359375
27517.41796875
28951.7890625
28818.765625
27378.12890625
28129.19921875
28206.009765625
26922.845703125
23767.787109375
19500.171875
11912.708984375
4847.9033203125
1241.221923828125
403.841796875
343.7949523925781
2.895189366025619e-10
4.666868003155855e-10
4.73393879651951e-10
1.3333338599874622e-10
3.074675514191938e-10
1.0167187924903232e-10
3.716706942213932e-10
0.005970633588731289
23.684696197509766
229.98341369628906
1243.624267578125
2482.400146484375
7833.109375
12535.93359375
16819.021484375
20268.90625
21968.712890625
21282.8125
20256.1875
17707.83984375
14426.7373046875
10019.8369140625
7754.38330078125
2729.6748046875
664.0480346679688
423.5024108886719
239.06256103515625
0.0
6.317314726889123e-11
4.391297603323352e-10
4.826843369443168e-10
1.5404023889775686e-10
5.354897636422606e-10
5.205563202714814e-10
4.1202728728872984e-11
0.004622106906026602
0.0032198543194681406
7.755022048950195
209.9458770751953
450.3681640625
1126.718017578125
2777.0546875
3916.610107421875
4999.58642578125
5127.18115234375
5444.21826171875
4794.2490234375
4656.70703125
2916.12255859375
2380.48974609375
1323.9619140625
421.572998046875
344.1757507324219
106.82852172851562
1.6153277326846904e-10
3.1432714764356717e-10
1.315986486449816e-10
2.8262281404067835e-10
1.920106990072057e-10
1.9806010997935886e-11
3.1645289166881696e-10
1.689526435422195e-10
4.0136238776966593e-10
4.4920800412739936e-10
4.374493822734138e-10
0.0
2.0749166651512496e-06
30.59760093688965
18.257347106933594
32.22510528564453
27.417339324951172
19.134525299072266
0.0
4.766885908225049e-08
4.149907454120694e-06
13.33519458770752
28.28492546081543
38.365909576416016
19.549190521240234
4.791385621594202e-10
3.1459790328369763e-10
3.346913857171785e-10
3.4526331793571785e-10
1.479913552815404e-10
3.9359099313074353e-10
3.646272450641419e-10
1.9629452230329747e-10
3.878777021792956e-10
5.426915583583991e-10
3.3056696269184727e-10
1.4866624598042222e-10
7.620647862749408e-11
3.7901931593253835e-10
2.806951893141729e-10
1.7262855034338997e-10
5.4109720176720444e-11
4.4778036834003387e-10
2.39591096962144e-10
4.2504044728275403e-10
5.426916693807016e-10
3.257665248668218e-10
1.7418330666707504e-11
3.27975785419099e-10
9.651716231795504e-11
9.86673641204834
22.64783477783203
1.0732431610094295e-10
3.573450979565962e-10
5.4220666151350017e-11
2.99304081519125e-10
2.3170196317146008e-10
5.144096260067954e-10
1.873157323695196e-10
1.2834759297031262e-11
7.87908280286409e-11
3.478256571654015e-10
1.0488793861229695e-10
4.858503044324891e-10
7.865038481602582e-11
5.42743558429315e-11
7.708946675455408e-11
8.948247698370437e-11
2.6627905436171773e-10
5.139509928753228e-10
2.8061034051951594e-10
5.282471682299672e-10
3.903921907966179e-10
4.6470474690529784e-10
2.165728429925906e-10
2.2478584271734547e-10
4.0465339412598667e-10
3.698042427835446e-10
3.622159239213829e-10
1.718301612108064e-10
4.137873654830315e-10
1.83621132188172e-10
1.8880284835542938e-10
4.20414508761624e-10
3.6858247010052025e-10
4.965986649674292e-11
2.3171893570594904e-10
2.3574017737892916e-10
3.4956512684480856e-10
