7.708339744283421e-09
2.3392548315070982e-11
9.670441336595559e-09
2.175222668654442e-09
4.374366646686667e-09
1.8477098739921871e-09
3.327075281944758e-09
8.624637892751252e-09
1.9512704785284996e-09
5.363583355233459e-09
4.0580272475665424e-09
7.478183405851269e-09
7.2176788989963825e-09
4.7482848763991115e-09
4.665972941353402e-09
8.093988590474055e-09
9.59562296287686e-09
6.8637753258826706e-09
3.783830138104349e-09
1.1269879252040482e-08
1.960871909290063e-09
6.717514988707762e-09
5.751296661138383e-10
4.495809058369105e-09
9.871235384650845e-09
1.7586431200200536e-09
1.1454110576680776e-10
3.124862590908606e-09
9.27159771180186e-09
1.0147237716751079e-08
7.92517962366901e-09
7.963485870732256e-09
1.0612113854335803e-08
1.1324812199120515e-08
1.0648042447769512e-08
1.0267816819009568e-08
1.153719075830395e-08
8.86194762017567e-09
1.3146890243120879e-09
3.17121773285578e-09
9.868060146800417e-09
1.1587167669802056e-08
4.941434372796039e-09
1.0370306391394024e-08
2.898551176855335e-09
1.174906283374355e-09
5.584099849187396e-09
1.1541684052929213e-08
9.685377833079656e-09
3.971593720564215e-09
7.353909925456037e-09
7.439429960953703e-09
2.529157716590902e-10
6.215826520161727e-09
7.214917108200325e-09
5.2990016818910135e-09
8.153192787574426e-09
3.4295615236601407e-09
1.798130533359199e-09
8.668367357245188e-09
1.156423135029172e-08
8.04483679672785e-09
4.4602677107263844e-10
9.458441141418916e-09
1.16351805967696e-09
4.793951902115623e-09
4.659892915981345e-09
5.346729725630439e-09
1.0342697365217646e-08
1.243904090841852e-08
1.2346883693226118e-07
1.1956524303968763e-07
9.622822005894704e-08
4.5999401510066207e-10
1.0898270730308468e-08
1.0093039293224138e-08
1.5033105427164628e-08
1.785986647462323e-08
2.7660385093497553e-10
2.680326627313434e-09
2.406177035396695e-09
7.878130148242235e-09
4.9666577517371024e-09
3.5502207840210076e-09
2.160384371396873e-10
6.963093213130378e-09
1.0862673427425307e-08
1.9739438972266043e-09
4.790562391221442e-10
5.0573163434819435e-09
1.0751040946388457e-08
0.0
15.598553657531738
7.785001277923584
47.605079650878906
530.6773071289062
2003.3818359375
2276.87451171875
2601.601318359375
2708.918701171875
2950.012451171875
2651.771240234375
1874.3660888671875
1383.5233154296875
834.6729125976562
652.677978515625
746.6869506835938
216.4365997314453
6.729800716698264e-09
7.778726107687817e-09
1.0593517174584122e-08
2.3277730853976664e-09
7.729177298188006e-09
0.0003225698892492801
8.967006579041481e-05
6.668402784271166e-05
9.201396977687182e-09
1.2906179428100586
0.6390130519866943
63.78633499145508
947.5944213867188
1740.5509033203125
3339.399658203125
4863.1162109375
9595.0986328125
13992.712890625
18549.6484375
21865.53125
22344.392578125
20452.60546875
17073.20703125
11026.2646484375
5496.56298828125
3712.350341796875
1678.55859375
378.4767761230469
4.173275374341756e-05
8.102121404340856e-12
1.0804771521932821e-09
1.1584003978271085e-08
4.6503043082957163e-10
1.9234258630262957e-09
7.479254549025427e-09
0.0001622407289687544
2.9610869312080013e-10
0.20781055092811584
0.2551949918270111
1001.2430419921875
1580.889892578125
4160.58642578125
6965.857421875
13248.0263671875
19694.427734375
25216.138671875
27510.05078125
31695.12109375
31853.89453125
32480.26171875
29478.6171875
25773.2578125
15738.470703125
6946.92822265625
3120.69921875
1349.475830078125
3.978168487548828
3.9340469770721143e-10
2.300881263295196e-09
5.3498947494290405e-09
3.0061271250048094e-09
9.895994246278406e-09
0.2325039505958557
6.099589824676514
0.02865983545780182
0.0
295.37200927734375
1304.7186279296875
2748.065185546875
6212.85302734375
9771.5791015625
17224.5859375
25341.61328125
27391.064453125
28776.708984375
30067.8671875
30387.748046875
32003.77734375
32492.720703125
31429.265625
23749.341796875
12303.4345703125
5038.5146484375
990.8629150390625
320.1795654296875
1.0655177185014963e-08
9.263094291611651e-09
1.0924736670858692e-08
1.0026872665491737e-08
12.299047470092773
0.0
2.916654739237856e-05
5.986091127851978e-05
170.34146118164062
372.8232727050781
1300.317626953125
3449.73681640625
5963.92041015625
11874.4453125
17456.568359375
21380.419921875
23220.328125
22461.927734375
22338.892578125
22716.03125
24281.84765625
28515.93359375
29386.919921875
24893.244140625
13034.83984375
6161.2646484375
1603.4716796875
504.74224853515625
47.30820846557617
1.0500865066376264e-08
1.0588612653350538e-08
1.0697684516003392e-08
9.744655082855047e-10
7.035615645634152e-09
3.338235546834767e-05
5.293527283356525e-05
173.5850067138672
629.3267211914062
1291.7227783203125
2750.833251953125
5352.33740234375
10526.71875
15528.7802734375
17234.203125
16380.255859375
14473.794921875
14620.3740234375
16642.77734375
19923.673828125
26594.50390625
29855.619140625
25434.62890625
13647.5712890625
5570.81591796875
607.976806640625
216.66232299804688
131.4472198486328
6.652047357391666e-09
9.900682051977583e-09
1.914775893396836e-09
1.2960289508257006e-09
1.1033288949136022e-08
8.116748517750239e-08
3.247554302215576
20.677995681762695
594.40625
360.9474792480469
1465.1534423828125
2390.58349609375
6516.78125
10993.6943359375
11108.3701171875
9863.6923828125
9333.767578125
11745.1904296875
15752.2392578125
23176.07421875
30603.30078125
29516.109375
22253.513671875
10190.8671875
3542.90478515625
262.706298828125
107.1243896484375
98.06954193115234
3.354084121554024e-09
1.2081771694205656e-10
3.844815132936219e-09
4.557672017568848e-09
3.873002363263822e-09
7.136910618044112e-09
5.628785133361816
5.3542680740356445
7.273170471191406
8.501749992370605
652.9322509765625
1875.306640625
4695.03466796875
6684.19091796875
9622.4462890625
12288.208984375
15040.9228515625
19168.572265625
23759.208984375
29075.912109375
31231.724609375
25728.896484375
15194.2802734375
5776.25146484375
1829.2667236328125
448.3721618652344
118.8495864868164
4.374367676973634e-07
1.154498008304472e-08
5.345297537928673e-09
6.380125316951535e-10
9.684550938970915e-09
9.860847693943242e-10
1.2536068849655635e-09
6.220774173736572
7.522087097167969
5.628785133361816
18.690393447875977
601.9965209960938
2125.4931640625
5376.14697265625
12006.4091796875
17453.46875
22022.537109375
26887.9375
30526.728515625
32295.0859375
31225.30859375
26651.974609375
17752.572265625
9134.359375
3402.667236328125
958.7902221679688
310.2108459472656
1.796625603844859e-08
7.774760391043856e-09
1.1438093139304328e-08
6.21483930984823e-09
4.26716884049938e-09
6.953909004181469e-09
2.8105446858717187e-09
5.1486059859939814e-09
0.0001133397818193771
4.844858646392822
18.87256622314453
19.19439125061035
1221.6429443359375
4689.318359375
10475.84765625
16636.6015625
26096.173828125
31473.62109375
33309.0703125
34460.6796875
33081.9921875
31029.92578125
25830.556640625
13863.892578125
4529.544921875
2236.367431640625
449.23968505859375
43.63532257080078
6.461426504955625e-09
3.780859625379662e-09
1.063477927942813e-08
8.522239802744025e-09
1.1990466397548971e-08
3.3786693443005333e-09
9.201969852767888e-09
1.2526988939498551e-06
0.030391288921236992
0.2037670612335205
13.761030197143555
450.06646728515625
2140.956298828125
7473.1806640625
15045.6044921875
23834.681640625
28561.28125
32505.568359375
32840.37109375
31461.865234375
31243.462890625
30970.65234375
24907.373046875
14936.6982421875
6291.68798828125
1605.2999267578125
211.65455627441406
47.71351623535156
45.41384506225586
4.814269871644683e-09
5.127950952754645e-09
3.4783644853320084e-09
6.457707701912341e-09
7.030920505523682
6.203680236183118e-09
0.09747527539730072
0.38976120948791504
13.472601890563965
161.84979248046875
830.1494140625
3788.027099609375
9303.1337890625
16670.978515625
21982.298828125
24178.375
24951.091796875
23451.99609375
21843.01953125
25583.642578125
28977.1796875
26721.5234375
18791.28515625
7893.22607421875
1555.6842041015625
54.363460540771484
43.89984893798828
37.1422004699707
1.1144132727736178e-08
8.681980467883932e-09
4.8379096284634215e-09
9.219428775963934e-09
5.842761274799102e-10
1.4004162549972534
2.6468019485473633
208.08038330078125
314.8406677246094
865.2341918945312
1177.0943603515625
2989.32568359375
8411.6533203125
13542.1455078125
16625.2578125
17374.41015625
14604.138671875
14109.4599609375
14625.39453125
17806.478515625
26704.587890625
29062.607421875
21410.837890625
9854.33984375
2867.587646484375
68.82953643798828
29.315488815307617
27.823101043701172
1.5077433745958047e-09
2.7585508823394775
1.1425247414820205e-08
1.247385639224774e-09
6.379117678534385e-09
159.60296630859375
577.4628295898438
1050.4288330078125
1839.659423828125
3352.162353515625
3128.78662109375
3790.36865234375
6051.14453125
7658.51220703125
8404.697265625
5980.35986328125
5919.08935546875
5130.279296875
8606.42578125
16039.1611328125
25811.310546875
29321.93359375
23266.912109375
9617.29296875
3009.067626953125
164.72332763671875
8.99882698059082
5.061872698775005e-09
8.014794161681493e-09
2.9653995037078857
1.4785087598667701e-09
9.624073760150509e-10
52.0450553894043
215.5690155029297
1055.8438720703125
2100.334716796875
4538.5087890625
6399.11474609375
6257.791015625
6052.40966796875
5723.02685546875
5608.53271484375
3735.2841796875
2938.646484375
2085.76025390625
4161.91015625
7849.72802734375
18068.27734375
28888.830078125
29715.357421875
22196.265625
8362.0849609375
3233.9892578125
742.5501098632812
6.878437042236328
64.7855224609375
8.132413853445541e-09
8.90854334745228e-10
6.885883863105846e-09
3.8429091020475425e-09
6.087815584976397e-09
1043.4241943359375
2877.2861328125
4544.666015625
8467.107421875
10789.6845703125
9821.18359375
9676.494140625
7415.99658203125
6000.55126953125
3380.19287109375
1597.290771484375
3344.06982421875
7649.3662109375
15972.4892578125
26414.306640625
30680.892578125
28523.0703125
17938.255859375
7732.20654296875
2339.247314453125
582.5499267578125
67.4544448852539
88.36719512939453
8.276233920412324e-09
7.931288514839707e-09
2.5418684934663816e-09
1.3793365338798935e-09
1.1508467068210848e-08
1117.4608154296875
4188.30615234375
7696.1220703125
12722.90234375
17378.287109375
16199.052734375
13378.6201171875
10526.3291015625
8269.2548828125
8119.4990234375
9399.296875
12638.8154296875
19072.994140625
27530.11328125
32247.6328125
31352.53515625
25761.779296875
13229.7783203125
4296.13818359375
2267.614501953125
938.3931274414062
82.30339050292969
8.287520408630371
6.613813496869625e-09
7.643586208416764e-09
6.690026754796463e-09
7.111676247895105e-10
0.0013657925883308053
1298.663330078125
6466.51513671875
11370.6962890625
17268.57421875
23081.55078125
25392.83203125
23744.7421875
20431.728515625
20277.998046875
18839.638671875
23699.3828125
26537.330078125
30143.845703125
33476.40234375
31959.958984375
27819.865234375
15802.9033203125
6038.3427734375
2936.3623046875
993.5633544921875
396.2435607910156
22.426105499267578
20.146604537963867
1.1763170881806673e-08
3.831918338192963e-09
1.3949110755362426e-09
7.042368466159132e-09
0.0013791563687846065
976.8499755859375
5653.8046875
11863.396484375
18850.857421875
25208.591796875
30471.283203125
31810.134765625
30475.447265625
31789.216796875
30781.638671875
33106.98046875
34156.15234375
33976.60546875
31861.09765625
25194.482421875
14916.2275390625
7732.8408203125
2855.2783203125
1683.911376953125
417.86248779296875
12.382232666015625
0.0
0.08413645625114441
1.9902900660895284e-08
3.724650143865915e-09
7.20197346204543e-10
3.494282418969874e-09
9.80567360642226e-09
844.08935546875
4051.452880859375
8568.6298828125
14400.7568359375
22443.64453125
28973.275390625
32309.40625
33646.62109375
34528.35546875
34280.2578125
33348.95703125
31210.283203125
27889.75
20061.533203125
12138.7666015625
5503.6376953125
1772.38427734375
827.6007080078125
564.357666015625
211.3743896484375
119.95613861083984
0.12540167570114136
0.021960429847240448
1.937094218362745e-08
4.824071142550679e-10
1.2418451822426846e-09
5.026383309569837e-09
5.826612081705207e-09
235.61404418945312
1063.3848876953125
4519.96435546875
7221.57763671875
12829.333984375
20087.126953125
22208.08203125
25533.322265625
25895.798828125
24342.099609375
21884.642578125
17097.173828125
10329.671875
5942.39208984375
987.1600341796875
94.13874816894531
19.34033966064453
13.607010841369629
211.26759338378906
119.04259490966797
186.5191192626953
2.059740644710928e-08
2.6560149635201924e-09
7.794807466154907e-09
1.0877400313802355e-08
5.6275015758444624e-09
2.3813615523948783e-09
3.753946486995119e-09
1.3827954530715942
445.8182373046875
721.6509399414062
1788.2655029296875
2811.048095703125
3955.545654296875
4765.482421875
4920.84228515625
4284.3828125
4445.69140625
3837.890869140625
1486.5797119140625
1082.3858642578125
275.0526428222656
51.004051208496094
1.4668569470188686e-08
1.5102628481145075e-08
1.2404155924627958e-08
1.7128115814557532e-08
1.970571439358082e-08
5.082777931875171e-08
6.105416172630385e-09
7.806950641509047e-09
3.923617875045693e-09
1.881633515665726e-09
8.442058607727176e-09
8.569418952220076e-09
7.241194310836363e-09
2.217659167413899e-09
2.564048751096948e-09
2.5705089168326367e-09
5.981540596167179e-09
2.0155359603535317e-09
8.368176374062841e-09
2.6520274865049487e-09
3.3009541766659822e-09
5.798563407211077e-09
1.0419178853027233e-09
6.808976937833222e-09
2.5745057197212873e-09
2.1293324881099807e-09
7.2744836820959335e-09
6.661570406407691e-09
4.788561769331068e-10
6.577557609688256e-09
1.0521090665349675e-08
6.105196348471509e-10
2.2640844754562295e-09
8.741799284450735e-09
1.1812708144987027e-08
9.665054312435473e-10
3.3548264166682884e-09
2.6548958587113702e-09
9.089796471073441e-09
3.902167033942305e-09
5.472579278631429e-09
1.1537226285440738e-08
8.820142838317224e-09
1.4626284905450149e-10
1.097716850750885e-08
6.241457572997433e-09
7.889411790529266e-09
9.612951323845209e-09
1.1355727025375018e-08
1.141356342770905e-08
6.238170868755333e-09
1.1810355360353242e-08
1.073897770709209e-08
6.341322134062466e-09
9.223256824952841e-09
1.1899194518605327e-08
3.7396570284897734e-09
9.648975840548246e-09
8.333192802467693e-09
1.4141569026904222e-09
1.3771517259897337e-09
1.0854117604708335e-08
4.093663186210961e-09
6.813878794531547e-09
4.098065886637414e-09
1.6800312252485128e-09
6.268563446099051e-09
1.088321699427297e-08
5.789680290746446e-09
3.062323505886866e-09
7.198106555250661e-10
2.9262903211701996e-09
3.02961322695694e-09
2.146072208830674e-09
3.0953277718737127e-09
2.990985015216552e-09
2.509127350336371e-10
1.0513825365876528e-08
2.5807489478779644e-09
9.341611040269981e-09
3.0514577531448595e-09
7.7257009678533e-09
9.535247258440904e-09
1.312828956656631e-09
5.87588688816254e-09
1.522698411804413e-09
4.191963665078902e-09
9.473141382443373e-09
8.331950684947742e-10
7.020440673244366e-09
1.207828725924287e-09
7.204733698529253e-09
4.0097019038398685e-09
5.630186539207216e-09
9.538673850784107e-09
