4.9920075184672896e-08
6.236823679728332e-08
4.670523168215368e-08
6.320546930282944e-08
2.5080558074819237e-08
2.8695865239569684e-08
7.709098071018161e-08
1.3386193487008313e-08
2.4861983582979974e-09
5.398942093393089e-08
2.9330017525808216e-08
2.826004497080703e-08
3.7697638788358745e-08
3.6583543305823696e-08
5.506749278794132e-09
9.174006976309101e-08
2.3857738895571856e-08
9.262675959575972e-09
2.6072150660638727e-08
1.138601746220047e-08
5.371601119463776e-08
5.073768249985733e-08
9.107075982228707e-08
6.349998216137465e-08
6.342047953467045e-08
1.250203585101417e-08
7.802057666594919e-08
8.048944621918963e-09
5.1189491756531424e-08
5.320602980418698e-08
3.3438823265896644e-08
3.985653140858858e-09
3.523353697687526e-08
3.5390137043123104e-08
8.596131806370977e-08
1.3430234702127564e-08
4.095889849509149e-08
4.5948851834509696e-08
6.614295955387206e-08
9.164137004802342e-09
4.761143301834636e-08
8.5091883761379e-08
8.458347622308793e-08
3.701784478948866e-08
7.406859481307038e-08
3.708331064444792e-08
8.664429174132238e-08
3.907556589410888e-08
8.735451473285138e-08
5.0838870890856924e-08
1.559753748381354e-08
2.351699990299494e-08
9.038115678094982e-08
7.773477506134441e-08
1.828679430104785e-08
2.507661100992209e-08
2.4952935717692526e-08
1.970485641322739e-08
1.1915401110229595e-08
4.963814959069168e-08
7.927411616037716e-08
4.18529282342206e-08
2.1241026715301814e-09
5.1451461757778816e-08
2.7419792658633924e-08
8.901689341200836e-08
3.6218704480006636e-08
8.923561267693003e-08
2.749219074615894e-09
6.611373493115025e-08
2.8509425931133592e-08
7.928589695893606e-08
3.848770191439144e-08
3.6272883363608344e-08
7.383548705774956e-08
1.1300163471616997e-08
2.325419679038987e-08
2.096037476917445e-08
9.68586988392417e-09
4.351891647047523e-08
2.5726027530481588e-08
6.811024633179841e-08
3.852645491519979e-08
6.868786783797987e-08
8.79197585845759e-08
8.093950754073376e-08
7.643771482435113e-08
3.890291822017389e-08
2.8517613159806388e-08
5.196287489184215e-08
7.532263168741338e-08
5.653828516472004e-09
1.612225020153346e-08
4.217902471737034e-09
4.0874944318147755e-08
9.981589317321777
16.419260025024414
1.4246035107134958e-07
2.047590044185199e-07
0.004344521090388298
0.004866503644734621
0.006778123322874308
0.0032602129504084587
8.307922172434701e-08
8.972694587328078e-08
5.2628376323582415e-08
4.688495636173684e-08
3.4403697668494715e-08
1.744403377301751e-08
5.427501115207178e-09
4.118238905448379e-08
6.350799708343402e-08
5.34854716072175e-10
8.741577062210126e-08
1.2794482806555152e-08
2.1800010685524285e-08
1.7966474530339838e-08
4.331850078642674e-08
1.2477026523072254e-08
0.14328965544700623
3.5076244131460044e-08
0.0
51.333431243896484
59.77722930908203
91.54412078857422
456.0307922363281
1272.147705078125
3116.4580078125
3773.652099609375
4363.48095703125
3723.208740234375
3101.7158203125
1925.9107666015625
448.2075500488281
0.0
0.5081675052642822
0.029481450095772743
0.032063815742731094
3.551321725581147e-08
1.3390573982974274e-08
4.7770534195024084e-08
6.605167612860896e-08
8.125796568947408e-08
4.380678930715476e-08
0.02391161397099495
0.0411551296710968
0.04504771530628204
272.522705078125
437.72821044921875
1057.6082763671875
2586.026611328125
3568.24169921875
8479.0986328125
13245.77734375
17698.689453125
21641.109375
24387.400390625
23537.474609375
21115.71875
17135.203125
13031.8271484375
7095.427734375
3912.037353515625
1396.979736328125
137.36605834960938
115.24649810791016
10.57313346862793
3.920439084481586e-08
4.139885234621943e-08
1.0544349393626362e-08
1.492463574948033e-08
2.828613787642098e-08
2.523958444595337
1.9868113994598389
45.62361145019531
490.9017333984375
1460.61474609375
3665.43017578125
7432.30615234375
13110.2822265625
20909.892578125
28576.951171875
32311.142578125
34875.6484375
33505.92578125
33865.2265625
30060.521484375
25804.79296875
20371.0
12277.71484375
8433.42578125
4765.0390625
1400.5535888671875
734.9321899414062
173.01803588867188
0.28720173239707947
6.314474632063138e-08
7.953381242487012e-08
6.890883241794654e-08
7.559180659200138e-08
52.895694732666016
106.89653778076172
337.2024841308594
1002.3038330078125
3209.82177734375
9121.19921875
14815.296875
24759.49609375
32114.380859375
33454.7578125
32586.1640625
32551.28125
29406.908203125
29635.0390625
27975.14453125
28748.3515625
24224.3671875
18374.88671875
11906.296875
6839.681640625
2577.07861328125
1355.326904296875
401.3721618652344
0.43924033641815186
4.1676919693145464e-08
2.3119618219880067e-08
3.180825913773333e-08
33.571170806884766
210.28770446777344
447.740478515625
786.3241577148438
2177.59716796875
5910.95751953125
13313.7685546875
24378.0625
29610.60546875
31507.623046875
27102.294921875
22952.943359375
17249.201171875
16015.60546875
17804.44921875
20522.1015625
26138.59375
27279.595703125
22470.515625
13836.578125
8206.16015625
3928.33837890625
1501.3260498046875
415.47442626953125
293.6142272949219
2.559069400831504e-08
2.3761515421938384e-08
5.468763930593923e-08
41.249202728271484
368.6456604003906
800.7510375976562
1536.2957763671875
2823.992919921875
8501.970703125
18144.029296875
27325.119140625
28646.29296875
24075.35546875
16696.986328125
9596.9189453125
7266.13720703125
7203.8505859375
11918.486328125
19786.845703125
27211.9921875
29278.98046875
23023.22265625
14637.232421875
8369.5244140625
3022.71923828125
881.711181640625
304.9886169433594
165.35546875
4.4825227973888104e-08
5.443770945134929e-08
5.1351179308767314e-08
35.601993560791016
408.9709167480469
955.1929321289062
1508.2020263671875
2864.81494140625
9423.1884765625
18153.2890625
26728.947265625
25611.765625
17181.40625
9192.3291015625
3541.27392578125
2878.898681640625
5615.03369140625
14059.83984375
27404.087890625
32310.35546875
28930.46484375
17752.037109375
12084.46875
5096.943359375
1556.7664794921875
478.5553283691406
141.97926330566406
0.49177923798561096
2.396089193723583e-08
3.011338023384269e-08
3.554475469513818e-08
6.376356509463221e-08
245.2476043701172
536.6956787109375
1377.3074951171875
2395.760986328125
7818.30322265625
17687.62890625
25093.759765625
25081.416015625
15638.13671875
7558.5517578125
4458.5234375
6246.12744140625
14850.58984375
25629.65234375
32242.203125
30900.66015625
21681.498046875
12379.9990234375
5521.07666015625
1380.4093017578125
698.221435546875
259.41925048828125
130.17413330078125
0.0019485640805214643
5.1127532429973144e-08
6.594883217303504e-08
3.679406646028838e-08
1.6980985506620527e-09
32.09140396118164
42.7885856628418
737.6968994140625
1358.81201171875
6040.3173828125
15390.037109375
21550.90234375
25477.451171875
20221.0546875
12170.6279296875
10195.869140625
18008.919921875
27230.26953125
32270.896484375
31478.58203125
23912.353515625
13624.8291015625
4941.34765625
1409.727294921875
632.335693359375
492.1835021972656
153.0889129638672
131.64414978027344
0.3074142336845398
5.673801339867168e-08
3.629610745292666e-08
2.944927857129187e-08
5.7777754136623116e-08
11.005083084106445
40.88976287841797
283.9313049316406
920.2124633789062
3915.935546875
10912.6142578125
18303.6171875
25937.7734375
24974.044921875
21720.576171875
20931.986328125
28701.4765625
32963.0703125
31295.513671875
23443.85546875
11985.8447265625
4101.35107421875
1154.955078125
626.3167724609375
381.29498291015625
194.95709228515625
4.375761032104492
0.31147074699401855
0.1949101686477661
9.1652424316635e-08
7.486216446750404e-08
3.342586296639638e-08
9.149288615617479e-08
0.05036778748035431
0.13050700724124908
89.15301513671875
429.0314636230469
2032.36669921875
6592.86083984375
14010.5478515625
22508.943359375
27186.140625
29996.013671875
32238.427734375
33911.0078125
31940.888671875
22324.306640625
9852.3896484375
2910.63427734375
1496.474853515625
387.2262268066406
299.4756774902344
228.8878936767578
67.64118194580078
0.02691209502518177
2.699535872618952e-10
7.06027520891439e-08
2.9148903735176646e-08
7.015649572394977e-08
7.732435136631466e-08
8.834356890474737e-08
0.0
0.025608157739043236
128.77137756347656
258.3275451660156
976.3697509765625
4039.439697265625
10888.0400390625
21663.119140625
30162.57421875
34105.87109375
34141.20703125
31780.169921875
24386.376953125
12636.6435546875
4027.98681640625
1658.5369873046875
310.4993591308594
200.96070861816406
84.35556030273438
0.06846105307340622
1.2723746299743652
8.0883459929737e-08
3.8693677595347253e-08
3.546380256125303e-08
9.910161580251042e-09
6.729887758183395e-08
6.343014291587679e-08
5.319764895261869e-08
1.4173870086669922
1.5842121839523315
251.12120056152344
338.09619140625
728.970703125
4733.3427734375
11785.2197265625
24104.958984375
32885.81640625
35118.0625
34469.69921875
30107.232421875
19671.890625
11164.689453125
4456.1396484375
1551.114501953125
298.7352600097656
78.38313293457031
30.589902877807617
0.033028628677129745
3.714291096912348e-08
2.7247164524624168e-09
1.3413959720764979e-08
6.513428019161438e-08
4.287095833888088e-08
1.3277133170674915e-08
2.0951809176494862e-08
2.0959301849643452e-08
1.7351154088974
2.334043264389038
229.4424285888672
722.5350952148438
2538.971923828125
9900.8447265625
18919.955078125
28147.36328125
31327.244140625
31404.04296875
30010.849609375
26920.498046875
20927.009765625
11774.7939453125
5536.5
1604.13720703125
265.62646484375
89.88456726074219
99.2186508178711
84.73721313476562
68.20274353027344
4.437069378582237e-08
3.4951490590628964e-08
6.284677311896303e-08
1.6373050470974704e-08
8.340085599911617e-08
6.78901912465335e-08
9.461764705065434e-08
1.7928093671798706
2.235492467880249
649.1697998046875
2137.5546875
7638.8115234375
15164.3330078125
25532.55078125
30241.951171875
25639.587890625
22065.755859375
21153.046875
27026.884765625
23469.015625
14845.1708984375
6228.080078125
3140.917236328125
551.6558837890625
447.05291748046875
329.04193115234375
300.9598388671875
128.4627227783203
9.669398792766515e-08
8.614021140829209e-08
5.8827190230203996e-08
7.290424974826237e-08
4.740248016332771e-08
6.716079781199369e-08
1.7371792182530044e-07
194.66709899902344
271.4102478027344
1798.6131591796875
4707.966796875
12997.6396484375
21317.63671875
27859.119140625
26816.908203125
17271.3515625
12665.443359375
18546.103515625
25197.013671875
26137.94921875
19251.734375
7796.130859375
3431.5849609375
1312.5772705078125
1007.7340698242188
1026.3865966796875
439.80474853515625
38.853675842285156
16.010047912597656
4.738262404657689e-08
5.305433603552956e-08
6.325893053826803e-08
4.879649040390177e-08
7.768442600308845e-08
3.041863294583891e-07
429.6134338378906
683.6033935546875
2787.144287109375
7312.54541015625
16749.341796875
25267.146484375
27922.076171875
22082.58203125
13832.103515625
12732.2548828125
19816.61328125
26523.765625
28091.029296875
20313.556640625
8811.0546875
3719.492919921875
2444.52294921875
1110.399169921875
693.351318359375
359.5503845214844
43.18323516845703
34.887699127197266
6.598237956012554e-09
4.607427328551239e-08
5.141890246918024e-10
6.893930049045593e-08
8.907880300057514e-08
1.6844535366544733e-07
622.2429809570312
1438.9376220703125
4005.033203125
9760.552734375
17922.0
26545.794921875
28094.865234375
22795.17578125
17142.400390625
20637.23046875
25089.609375
28037.314453125
27437.0546875
17316.505859375
8806.8251953125
2924.98828125
1932.298828125
1514.43115234375
673.4501342773438
234.85073852539062
65.05387115478516
32.09644317626953
1.1774437425060569e-08
6.992249979020926e-08
8.210862034729871e-08
9.098749131908335e-08
3.888448318889459e-08
1.852687958603383e-08
778.3483276367188
1604.6104736328125
4677.17236328125
9511.177734375
17852.970703125
28836.314453125
30768.091796875
29868.177734375
27568.59765625
25936.841796875
29103.630859375
29995.40234375
22660.671875
13921.9775390625
7684.70703125
2706.100830078125
1440.021728515625
1177.088134765625
381.11114501953125
184.29327392578125
3.1704509258270264
3.33644700050354
8.926360806071898e-08
2.8024999210174428e-08
9.861144789624632e-09
5.45164731136083e-08
8.349315550049141e-08
92.50040435791016
1121.384033203125
1946.09375
3791.041015625
7704.67724609375
15597.6064453125
25460.244140625
31063.453125
32577.677734375
31572.66796875
30897.8984375
29304.779296875
24110.19921875
15304.890625
8334.6171875
3630.50390625
782.537353515625
514.8603515625
187.6366729736328
45.53519058227539
55.548885345458984
34.36982727050781
4.9291909220983143e-08
5.97210529917902e-08
1.951159944724168e-08
3.605380172189143e-08
2.0782804810437483e-08
4.162731670476205e-08
251.8231964111328
515.5885009765625
827.8201904296875
2243.412841796875
4379.1337890625
7661.9130859375
14464.3818359375
20452.802734375
24524.384765625
24313.5390625
21875.4453125
17472.951171875
10713.6953125
6867.0546875
2587.444091796875
1572.7825927734375
0.0
0.016183506697416306
0.02819729410111904
1.0364845337562656e-07
8.767175785351355e-08
5.095480304362354e-08
4.931641939265319e-08
6.565404930825025e-08
7.402543644730031e-08
7.551975933495214e-09
4.167335276861195e-08
4.5337973375580987e-08
1.7234617288863774e-08
68.58023834228516
67.07630920410156
90.79705047607422
572.04931640625
694.8770141601562
1016.1475219726562
1808.615966796875
3079.3046875
2801.222900390625
3074.2373046875
2820.0302734375
2080.295166015625
1150.2076416015625
4.026675224304199
4.541409015655518
0.1072559654712677
2.105779515204631e-07
6.913742112146792e-08
1.7325460177630703e-08
1.9809716533814026e-08
3.432164064065546e-08
4.0698090231217066e-08
5.738331410043429e-08
3.284193184072137e-08
7.042584737604329e-09
2.077667815569839e-08
7.372257471160992e-09
7.30979223817485e-08
7.83025697614903e-08
3.9694413089819136e-08
7.043215788371526e-08
5.3784944498147524e-08
8.064948531227856e-08
54.31040954589844
89.94397735595703
88.72177124023438
84.84011840820312
98.68737030029297
1.9025831932140136e-07
6.742775227053244e-09
5.349536991161585e-08
3.329028075427232e-08
9.061785277708623e-08
4.714980050835038e-08
8.449439548030568e-08
2.7511699585147653e-08
3.3905045881965634e-08
5.1890676644461564e-08
8.756538250054291e-08
7.416662128889584e-08
2.127483433866928e-08
5.775105194061325e-08
6.448144773685272e-08
7.350901398694987e-08
3.82901426121407e-08
3.124426584122375e-08
8.527289452331388e-08
3.93399268716621e-08
9.940433365329682e-09
3.72519544100669e-08
8.00458366256862e-08
3.2606429556381045e-08
3.3800400700556565e-08
7.895693698856121e-08
5.2660812599469864e-08
8.50277146469125e-08
3.703086193240779e-08
8.537499240901525e-08
3.2822587314740304e-08
5.517891210615744e-08
6.916026507042261e-08
2.403342236334538e-08
4.743530013229247e-08
7.817149594302464e-08
3.1365271269123696e-08
3.8725186612964535e-08
5.439240169380355e-08
5.741203779052739e-08
8.751084834557332e-08
6.51296687692593e-08
