3.4836770623769553e-07
9.462591066267123e-08
1.8243289900965465e-07
6.398179266398074e-07
1.4307470053154248e-07
9.064125379154575e-07
5.624040113616502e-07
1.6972775540580187e-07
6.740247613379324e-07
1.6512838385551731e-07
7.319117116821872e-07
4.169733358594385e-07
6.69628320792981e-07
7.903830692157499e-07
9.533537337347298e-08
9.976417203461097e-08
4.947153229295509e-07
9.2694494924217e-07
8.947275773607544e-07
6.926483138158801e-07
7.408090141325374e-07
6.675418262602761e-07
2.848821338830021e-07
3.900331648765132e-07
8.031052516344062e-07
6.839964612481708e-07
1.804986453635138e-07
1.9952038599058142e-07
5.030545366935257e-07
8.421803272540274e-07
4.910800726065645e-07
2.8419350428521284e-07
4.3236036617599893e-07
5.167658301274969e-08
5.772525923930516e-07
7.987620733729273e-07
8.506945619046746e-07
8.804150866126292e-07
5.866628498552018e-07
5.250118420008221e-07
5.407977141658193e-07
7.047818257888139e-07
6.641104732807435e-07
2.638466867210809e-07
1.0927101357083302e-07
9.055401051227818e-07
5.978066042189312e-07
9.133850653597619e-07
6.546254098793725e-07
7.091863380992436e-07
4.853193900089536e-07
6.227644462342141e-07
7.52214873500634e-07
7.96659435309266e-07
4.832501758755825e-07
5.274599743643194e-07
4.77145874810958e-07
8.369146371478564e-07
3.2061385013548716e-07
5.295075666822413e-08
2.394605225219948e-08
4.51749883723096e-07
4.244449769430503e-07
7.063496241244138e-07
2.2285144041234162e-07
5.252248858056419e-09
2.4367520268242515e-07
2.6134063091376447e-07
1.4706934337027633e-07
5.907425588702608e-07
1.7784657302399864e-07
2.2370942076577194e-07
9.206452773469209e-07
6.962601446502958e-07
9.692447520137648e-07
9.18887565148907e-07
2.3280199457076378e-07
5.197159111958172e-07
6.978712008276489e-07
9.188065064336115e-07
9.450466222915566e-07
2.582760032510123e-07
7.987504346829155e-08
9.531620435154764e-07
6.216316137397371e-07
4.7576057227161073e-07
8.288558319691219e-07
8.06508751338697e-07
7.234911691966772e-08
7.078637054291903e-07
5.325870233718888e-07
4.30593075861907e-07
8.256154160335427e-07
1.1820686722785467e-06
19.620939254760742
30.43169593811035
0.0002451525069773197
0.0036991683300584555
0.006481119431555271
0.927386462688446
1.9706926345825195
0.032358914613723755
0.015049941837787628
2.53596830368042
2.035358190536499
1.9513964653015137
0.00045527436304837465
0.0007367835496552289
6.615798611164792e-07
4.898668066743994e-07
6.671165238003596e-07
6.969731884964858e-07
1.9420652108692593e-07
3.1176051606962574e-07
7.332512268476421e-07
5.237009190750541e-07
2.0318763915838645e-07
1.146509134741791e-06
1.838724642766465e-06
3.5080181532975985e-06
3.952617134928005e-06
90.73446655273438
205.1582794189453
567.592529296875
785.392578125
1094.0167236328125
1645.0550537109375
1425.1488037109375
2124.555419921875
2411.2841796875
2897.888916015625
3561.494873046875
3785.353759765625
3859.468017578125
2944.135009765625
2265.3486328125
673.0142822265625
70.15948486328125
14.313957214355469
4.561367461519694e-07
1.6847585015966615e-07
2.55085041089842e-07
8.648873404126789e-07
2.819057272063219e-07
0.31619396805763245
1.7780231473807362e-06
137.3202362060547
333.4280090332031
387.2192077636719
1040.400634765625
2431.43701171875
4516.70849609375
8450.298828125
10777.5546875
12357.7275390625
12178.224609375
15157.501953125
20175.1484375
21291.267578125
23594.736328125
23025.708984375
19948.212890625
15908.01171875
11331.9716796875
5969.380859375
2263.729248046875
95.41859436035156
3.141813351703604e-07
5.688253850166802e-07
7.860627988520719e-07
240.49046325683594
6.766852607142937e-07
9.747089961820166e-07
11.064359664916992
486.5794677734375
819.736083984375
1294.1861572265625
3143.8544921875
7769.20556640625
12881.4951171875
19200.99609375
24665.755859375
27617.38671875
30872.271484375
31775.8203125
32620.640625
31987.53515625
32752.92578125
30631.64453125
26933.900390625
21643.240234375
15594.3388671875
9856.439453125
5598.8115234375
892.2456665039062
7.3944854683816175e-09
3.394477232632198e-07
6.72283590574807e-07
473.01983642578125
0.0
2.9298112167452928e-06
2.479503870010376
256.9149475097656
1910.2115478515625
3575.556884765625
9933.9755859375
15647.1181640625
26242.716796875
30236.34765625
33823.71484375
36477.0
35905.98046875
35705.77734375
34685.34765625
32737.900390625
30876.779296875
27875.4765625
22786.521484375
17958.3359375
12118.111328125
7937.80078125
4619.86376953125
1284.09912109375
2.00656984361558e-07
5.312352868713788e-07
5.332632895260758e-07
3.13317968902993e-07
0.12565885484218597
0.0
2.267357349395752
766.1478881835938
3575.43798828125
8846.2822265625
16282.671875
24402.6953125
31803.76171875
34524.98828125
34187.71875
31898.1875
29305.431640625
25293.04296875
22479.78125
18015.94140625
17493.109375
14450.212890625
11495.4189453125
9194.671875
5754.0830078125
3182.543701171875
1530.013916015625
274.09619140625
6.269839332162519e-07
7.43525731650152e-07
2.787033963613794e-07
1.3882186067348812e-07
1.5053605011416948e-06
2.593428234831663e-06
1.592393398284912
692.7403564453125
4643.736328125
11254.97265625
20701.498046875
27431.197265625
33013.4453125
31037.193359375
26778.984375
19602.115234375
14419.146484375
11196.1748046875
9505.072265625
8187.51513671875
7205.82666015625
5772.56982421875
4267.81201171875
2941.580810546875
1941.9207763671875
1034.5078125
643.492431640625
16.309452056884766
4.402153876981174e-07
2.2798801069257024e-07
7.165824058574799e-07
8.170601972778968e-07
7.009621185716242e-07
4.904928573523648e-06
2.605343818664551
1297.3046875
5695.6376953125
13351.78515625
24408.23828125
28815.408203125
31819.294921875
24044.44921875
15687.865234375
8914.5419921875
5143.68994140625
4217.08837890625
3367.703857421875
2696.889404296875
1829.989501953125
1608.4195556640625
1778.6151123046875
1196.62744140625
746.8812255859375
590.0897827148438
198.1894989013672
31.953510284423828
4.4614833427658596e-07
8.102655435493489e-09
1.768632102994161e-07
9.097244060285448e-07
3.7920176509942394e-07
5.74774139749934e-06
1.8342422246932983
1778.2984619140625
7741.5556640625
18583.748046875
26634.04296875
33177.953125
28495.302734375
20388.359375
13142.537109375
7828.744140625
5292.69091796875
3921.88818359375
2576.9453125
1739.4678955078125
1624.841796875
978.4775390625
993.3506469726562
565.3555297851562
228.07298278808594
185.93844604492188
221.81466674804688
23.67173957824707
6.843838491477072e-07
9.105091294259182e-07
1.660720414520256e-07
6.000882422085851e-07
3.3013321854014066e-07
0.4265580475330353
83.44319152832031
2660.826171875
8590.1533203125
22134.24609375
29723.123046875
32451.12109375
33682.41015625
26741.943359375
19159.6328125
17480.783203125
13013.78515625
9399.93359375
5994.15771484375
3707.004638671875
2178.270263671875
1394.9599609375
864.0733642578125
333.6165771484375
246.9560089111328
96.77668762207031
5.874299802144378e-08
5.744253712691716e-07
8.243374054472952e-07
6.691876137665531e-07
2.0903539166283736e-07
9.061632795237529e-07
6.84429267039377e-07
5.822744242323097e-06
206.54409790039062
3357.407958984375
8146.01220703125
19408.0
27074.755859375
32398.111328125
32745.71875
33165.7578125
30774.423828125
26994.81640625
25010.390625
20065.3984375
13038.3759765625
7537.37158203125
3981.381591796875
1756.254150390625
469.93255615234375
85.44429779052734
39.8398323059082
0.0045133293606340885
2.2167006363815744e-07
3.4955175465256616e-07
8.499992532051692e-07
7.112321895874629e-07
8.645980642540962e-07
1.1485258255561348e-06
1.3814153589919442e-06
1.4918703072908102e-06
88.0317611694336
2491.560546875
6439.96875
16071.982421875
21422.189453125
26543.560546875
29180.4921875
30628.6484375
30263.517578125
30925.919921875
28661.275390625
27711.947265625
24413.876953125
15454.6982421875
8776.5380859375
2623.779296875
1092.6439208984375
41.5165901184082
1.1082301139831543
0.004952169489115477
5.172219061932992e-07
6.68376628709666e-07
3.4494578926569375e-07
9.308119501838519e-07
7.210485364339547e-08
1.4683652125313529e-06
1.1817875247288612e-06
1.3604135347122792e-06
72.64517211914062
932.6807250976562
5628.25439453125
9254.55859375
13886.4638671875
16934.0078125
20015.072265625
21618.9609375
22426.19921875
23493.982421875
26219.947265625
26700.796875
28937.28515625
23122.162109375
14263.638671875
5233.525390625
1378.2552490234375
449.647216796875
214.43414306640625
0.005826843436807394
6.265402703320433e-07
0.048094265162944794
7.544968525508011e-07
1.027603317993453e-07
7.029867674646084e-07
7.232654297695262e-07
6.140016921563074e-07
3.8420932292938232
19.849987030029297
648.9965209960938
2485.967041015625
5809.140625
8037.86376953125
9358.701171875
9778.412109375
11479.5458984375
13345.6611328125
14409.5498046875
17929.82421875
25265.798828125
28702.080078125
26593.416015625
19909.576171875
8690.375
2146.051025390625
371.0147705078125
133.9156494140625
0.0040471311658620834
8.753469415978543e-08
5.813212577976401e-09
6.027901804372959e-07
3.599290323563764e-07
5.721308298234362e-07
6.10563290592836e-07
5.770115762970818e-07
121.16896057128906
629.8975219726562
1198.9146728515625
2802.837646484375
2849.53173828125
2898.60400390625
4709.62451171875
4215.75439453125
4004.4423828125
5924.27099609375
7105.4873046875
10013.9248046875
19012.220703125
29219.185546875
29293.072265625
22870.900390625
12129.8427734375
2421.4609375
409.56768798828125
200.7655792236328
0.010655350051820278
3.685316562652588
19.348831176757812
4.5025592498859623e-07
7.349639190579182e-07
1.9657264260786178e-07
2.786539141652611e-07
90.1249771118164
420.68853759765625
933.0609741210938
3871.77734375
5248.078125
4238.16259765625
3337.653076171875
2429.84375
2087.7099609375
1546.58642578125
1629.6751708984375
3593.651123046875
9056.1962890625
19090.783203125
31623.0546875
30074.279296875
22890.353515625
12654.7509765625
1686.369873046875
396.6767883300781
98.2874984741211
1.955977040779544e-06
10.698114395141602
26.127710342407227
5.966438152427145e-07
6.275756732065929e-07
1.7642847183196864e-07
4.201194769848371e-07
114.38665771484375
1080.686767578125
3690.61083984375
7476.033203125
10053.4169921875
8041.3466796875
5219.8525390625
4846.68408203125
2554.7607421875
1732.134033203125
2173.88671875
5454.50537109375
12920.6962890625
26012.03515625
32751.673828125
30394.525390625
21443.18359375
9587.83203125
1752.6761474609375
225.8151397705078
154.8134765625
6.808896841903334e-07
6.041605472564697
25.73737335205078
8.768365660216659e-07
7.251007332342851e-07
8.363689971702115e-07
2.4245733243333234e-07
97.49082946777344
1534.114501953125
4374.71923828125
9655.490234375
14055.1162109375
13686.560546875
13391.1416015625
9170.8349609375
7662.32470703125
5637.94287109375
8255.578125
13484.4912109375
24080.96875
32455.455078125
33063.40234375
28665.314453125
17306.501953125
8074.26123046875
339.4422607421875
190.8740234375
214.07432556152344
1.1098441063950304e-06
5.053428649902344
24.469703674316406
8.215770321839955e-07
6.828440746176057e-07
5.48897276075877e-07
0.10131920874118805
169.39646911621094
1573.321533203125
3831.66162109375
10650.537109375
16042.5263671875
19892.8984375
21372.384765625
19405.642578125
18481.75
18720.439453125
22012.4375
26754.056640625
34126.9453125
34533.88671875
31624.52734375
22351.91796875
11461.67578125
2950.383056640625
315.2123718261719
3.092444896697998
1.6204429584831814e-06
1.2487815865824814e-06
25.029830932617188
18.952621459960938
5.79418497181905e-07
2.950235966636683e-07
6.361067903526418e-07
0.10578177124261856
125.68842315673828
658.4337158203125
3225.051025390625
8453.71484375
14881.234375
23627.771484375
28535.103515625
31352.5625
32231.439453125
32842.5390625
33792.82421875
35436.12890625
35153.0859375
30672.6015625
22593.087890625
13913.2548828125
4520.40576171875
1015.5488891601562
0.31110161542892456
1.3112488659317023e-06
1.9677324871736346e-06
7.412505169668293e-07
7.541236755059799e-07
4.451960080587014e-07
7.579017733405635e-07
4.3928372406298877e-07
8.767868280301627e-07
0.10215074568986893
133.53968811035156
108.0071792602539
1386.8553466796875
4362.99853515625
9663.10546875
18364.341796875
26624.193359375
31379.6171875
34647.02734375
35119.84765625
34771.1171875
32739.125
26834.69921875
19206.18359375
11392.7900390625
4260.251953125
1480.6939697265625
140.41299438476562
0.13965453207492828
1.1561299970708205e-06
1.841891617004876e-06
1.0836745332198916e-06
3.620179995778017e-07
8.483263513880956e-07
3.9970515786080796e-07
3.906925201135891e-07
8.061151675065048e-07
8.224428711400833e-07
0.0
0.004612295422703028
186.28305053710938
1172.8885498046875
3313.544677734375
7861.3701171875
14864.888671875
20504.09375
21988.73828125
24284.953125
20806.654296875
16556.994140625
12001.1435546875
5551.10400390625
2329.617919921875
1166.618408203125
589.242919921875
8.726180385565385e-05
9.274201033804275e-07
6.225103561519063e-07
4.4931709908269113e-07
6.925411639713275e-07
1.0491698532177907e-07
2.076581040455494e-07
8.373326032540263e-09
5.940089522482594e-07
8.73953354130208e-07
5.078186404716689e-07
5.01506235650595e-07
1.8219975233078003
5.753107070922852
13.362656593322754
287.3433837890625
1339.97509765625
1589.843017578125
1915.2529296875
1900.0838623046875
1729.6513671875
780.91943359375
605.8475952148438
548.6551513671875
95.44163513183594
75.01495361328125
4.311514377593994
8.242404146585613e-05
8.034484926611185e-05
5.696902576346474e-07
8.670714919389866e-07
6.508711862807104e-07
5.732181875828246e-07
8.178786288226547e-07
2.0365544628475618e-07
3.8361076803994365e-07
6.64089441215765e-08
9.035153425429598e-07
5.345530098566087e-07
9.250355788026354e-07
1.8091536446718237e-07
6.904394922457868e-07
8.83039035670663e-07
4.30141597007605e-07
4.724800248823158e-07
5.675462375620555e-07
3.962339860663633e-07
3.8277161706901097e-07
8.873697652234114e-07
3.7836056776541227e-07
5.542573831007758e-07
8.118754522001836e-07
3.7967657817716827e-07
8.941730129663483e-07
7.768961722831591e-07
7.662857228751818e-07
4.347220894374004e-08
1.2984368424895365e-07
2.1776873637691097e-08
7.839724958103034e-07
8.11890004115412e-07
9.378750860378204e-07
2.528470304241637e-07
7.320467716454004e-07
5.347216074369499e-07
1.480465527947672e-07
8.037093834900588e-07
6.111739594416576e-07
8.123625434564019e-07
3.6343550391393364e-08
5.297130201142863e-07
6.439737489927211e-07
8.73161923209409e-07
8.130077731038909e-07
2.9117131816747133e-07
1.7151062081666169e-07
8.116722369777563e-07
4.317951720622659e-07
6.257183713387349e-07
1.6722601969831885e-08
7.08123138792871e-07
3.45198259310564e-07
1.7326810208828647e-08
9.305408070758858e-07
9.384822305946727e-07
5.011427219869802e-07
7.779815973663062e-07
1.9190187572348805e-07
2.919158816894196e-07
5.522838364413474e-07
2.111144254968167e-07
6.085715540393721e-07
