5.881189224510308e-08
4.3139113614643065e-08
8.097683945607059e-08
8.08668190188655e-08
9.822944946336065e-08
1.1928258381033174e-08
9.164465097910579e-08
9.746494811224693e-08
9.491110120052326e-08
2.0247682641638676e-08
4.883807491751213e-08
4.588515523096248e-08
6.397646856726169e-10
4.1301984055053254e-08
7.695036430277469e-08
8.312245114439065e-08
1.7228801496571577e-08
7.158595138889723e-08
2.7492447429722233e-08
1.772694879775827e-08
3.298455197864314e-08
4.969947298150146e-08
8.245375937576682e-08
6.596128798719292e-08
1.454525744293278e-08
4.2655535992253135e-08
5.463418606410642e-09
4.438123113459369e-08
2.4896152694964258e-08
1.540866101379379e-08
5.155235882625675e-08
4.1222719460165536e-08
6.331374891033192e-08
3.5870402204096763e-09
2.7662597545941026e-08
2.4166036283190806e-08
3.7331204794099904e-08
6.148531639382782e-08
3.210141841236691e-08
4.9958231329583214e-08
3.816657567767834e-08
4.69990553142452e-08
3.114504565360221e-08
2.7918213518773882e-08
4.978327794447068e-08
8.544098051288529e-08
1.3462179815348918e-08
4.4934371778992954e-09
5.189895091461949e-08
4.6861519109597793e-08
8.618262370418961e-08
3.0940810802349006e-08
4.390195229575511e-08
9.11140602966043e-08
5.988685103375246e-08
7.414298863750446e-08
1.9378262550162617e-08
6.900523175090711e-08
1.3581176183663501e-09
2.143551469657723e-08
1.0698683716725554e-08
9.773891207487395e-08
7.247669696807861
10.106179237365723
14.532390594482422
40.05548858642578
52.65153121948242
57.23469924926758
55.77328872680664
42.136627197265625
164.97694396972656
148.46780395507812
58.89455795288086
0.10550007224082947
8.782244975691356e-08
8.148214192260639e-08
3.340155529940603e-08
7.725115125367665e-08
2.418234945622544e-09
5.73769440848082e-08
7.892081299587517e-08
5.483785869841995e-08
9.162580028032608e-08
6.551769615725789e-08
9.896186270452745e-08
7.441476412850534e-08
3.5620917770984306e-08
3.727840791611925e-08
0.0
2.479240655899048
19.651351928710938
323.3927307128906
1110.0245361328125
1408.007568359375
2874.607177734375
4038.034912109375
4031.828125
4760.31884765625
4065.06689453125
3481.1767578125
2142.6416015625
1059.966064453125
808.711669921875
519.960205078125
191.1418914794922
9.503714561462402
7.817835268042472e-09
7.426878312344343e-08
2.8713754929299284e-08
5.1363553410510576e-08
2.9300643689111894e-08
9.900384156935615e-08
9.556546842759417e-08
6.655969286839536e-08
6.632271176698623e-09
2.8760809289707367e-09
0.00503609050065279
1148.337646484375
2493.999267578125
5582.82275390625
8200.966796875
13370.6435546875
15309.9423828125
21370.046875
25068.732421875
24248.24609375
22727.23046875
17308.20703125
12534.6494140625
7739.11669921875
3975.169189453125
2218.561767578125
1377.93115234375
270.619384765625
1.6381156342504255e-07
9.37048199034507e-08
7.798130496894373e-08
7.929688194963092e-08
7.810852054035422e-08
6.720553358263714e-08
4.7790580381956715e-09
6.27440321920858e-09
4.024447619599414e-08
7.675397739603795e-08
1208.3536376953125
3032.93408203125
7758.38720703125
13187.8046875
18103.947265625
24332.583984375
29648.078125
32057.556640625
32345.279296875
31903.455078125
31380.875
28284.234375
23238.912109375
15771.6396484375
9233.00390625
4940.47119140625
1879.5946044921875
705.98193359375
484.0699462890625
2.6487688842280477e-07
5.838971972593754e-08
1.0051850463099754e-09
3.945835302943124e-08
3.435430073750467e-08
8.533143613931315e-08
8.647464966315965e-08
3.229654055303399e-08
0.0
1517.6396484375
5302.16259765625
10841.896484375
16741.76171875
22772.314453125
29528.154296875
32066.65625
31971.93359375
31164.587890625
31333.26171875
30244.21484375
30835.91796875
30182.5625
24121.75
14768.0859375
8027.85888671875
2656.387451171875
1219.0570068359375
355.9102783203125
0.012387017719447613
3.270188813075947e-07
7.797920176244588e-08
2.073421079273885e-08
8.319128141920373e-08
1.042327379963126e-08
7.072995344969968e-08
4.164518685456642e-08
0.00011066217120969668
1577.2796630859375
5500.8662109375
12295.2333984375
18034.779296875
22058.943359375
25878.30859375
26686.71875
23557.025390625
23134.328125
21730.091796875
23389.369140625
27039.85546875
29827.955078125
27049.6640625
20859.91796875
12791.4453125
5966.10107421875
1831.8150634765625
348.4617919921875
0.0
3.971624380483263e-07
8.951877816798515e-08
6.839166388772355e-08
7.406404733956151e-08
4.327874592036096e-08
6.374558836341748e-08
0.0
0.0
991.46484375
4315.8544921875
9549.6552734375
11978.2802734375
16249.9111328125
17362.541015625
15913.3505859375
13346.552734375
11509.4453125
10475.126953125
13396.6787109375
17650.01171875
25727.068359375
28366.83203125
25194.3515625
14831.9912109375
8157.42236328125
2418.1083984375
293.45452880859375
10.032282829284668
0.0
9.611893148075978e-08
5.383380141665839e-08
5.539744307725414e-08
6.791972850805905e-08
9.29030932184105e-08
7.819745206916195e-08
24.96047592163086
796.9485473632812
3222.759765625
6575.58349609375
9231.1533203125
11095.7685546875
10468.29296875
8142.74560546875
5304.42724609375
3820.656005859375
2938.538818359375
5909.5234375
13259.1708984375
22065.9140625
29137.732421875
26756.95703125
17670.025390625
8174.58447265625
2959.703125
174.46983337402344
0.06247302144765854
0.06780548393726349
9.877973639049742e-08
6.909357352924417e-08
1.883647371414554e-08
9.50389278386865e-08
2.916597630076012e-08
1.367054114354005e-08
29.172639846801758
425.3663330078125
1528.69873046875
3963.425537109375
4717.19189453125
7186.62548828125
6107.7001953125
4564.419921875
2816.58251953125
2595.083740234375
1230.17138671875
3770.826416015625
11523.6611328125
20696.44921875
28221.69140625
28199.28515625
18007.271484375
8875.27734375
2933.135009765625
111.42048645019531
0.25305843353271484
0.23790095746517181
0.18871021270751953
0.17827145755290985
6.041852884663967e-08
8.432358100662896e-08
4.0231604714335845e-09
9.690125324368637e-08
19.05586051940918
225.84136962890625
1263.7000732421875
1901.3863525390625
2745.684326171875
2956.318603515625
3320.088623046875
3606.702880859375
2090.630859375
1240.0611572265625
740.730712890625
3700.930419921875
11320.29296875
20897.384765625
30583.126953125
27764.68359375
18212.55859375
7739.984375
2410.355712890625
230.21856689453125
0.2909766733646393
0.296610027551651
0.06772639602422714
1.971661731658969e-06
6.46189022290855e-08
2.7347674347311113e-08
6.763006865639909e-08
5.4042157415779e-08
11.655916213989258
72.31124877929688
705.9994506835938
654.7828369140625
771.2576904296875
760.38037109375
920.1719360351562
1352.919189453125
1174.0
1072.92431640625
2209.4873046875
4344.29833984375
13893.8955078125
23842.07421875
32513.50390625
28333.326171875
16176.51953125
5602.77783203125
586.1952514648438
195.91168212890625
0.5782944560050964
131.8494110107422
0.10100413858890533
8.792474091023905e-07
2.948407917813256e-08
1.3787306407664346e-08
3.947196347553472e-08
5.296843141877616e-08
0.0005971140926703811
59.84836959838867
80.42225646972656
198.26954650878906
380.8994140625
467.4145812988281
495.38946533203125
1005.6113891601562
928.96435546875
2195.90673828125
4681.1630859375
8811.814453125
19073.736328125
27967.615234375
31245.54296875
24372.583984375
10196.865234375
3574.71728515625
704.212890625
493.0169677734375
216.80343627929688
385.2971496582031
421.99176025390625
2.453281666703333e-08
8.741701407188884e-08
9.828246305687571e-08
3.391176051081857e-08
7.373640897867517e-08
0.0001833816641010344
0.00054697145242244
4.947902679443359
99.03087615966797
390.8143310546875
996.4188232421875
1318.318603515625
2656.503662109375
3897.798828125
6408.9833984375
8617.0654296875
16908.177734375
25954.03125
31058.2265625
30233.76171875
18729.89453125
8984.2783203125
2463.880126953125
1187.878662109375
1021.38720703125
570.7698364257812
530.9285888671875
449.6990051269531
6.927165685510772e-08
3.349890320691884e-08
1.2015995309866412e-08
7.270625701494282e-08
1.6589204676620284e-08
9.805507517057777e-08
3.108464002609253
7.147457122802734
238.9611358642578
564.2669677734375
1563.5250244140625
3549.079345703125
5462.1025390625
9037.798828125
12390.0888671875
19044.564453125
25639.3515625
29148.76171875
30532.564453125
23716.48046875
14467.5
6096.78759765625
3569.575927734375
1849.5374755859375
1872.2127685546875
1146.181884765625
825.7667846679688
562.2890625
51.54331588745117
2.9391211242568716e-08
3.9877665614085345e-08
6.126700924369288e-08
5.4190540055287784e-08
1.0003149509429932
4.967569351196289
61.91619110107422
620.751953125
1482.4942626953125
4595.9052734375
8164.92236328125
11251.73828125
16384.91015625
22749.33984375
27904.353515625
31589.59765625
31608.990234375
25535.611328125
18292.2734375
12261.8662109375
7060.10009765625
4129.89306640625
2767.59521484375
2194.1142578125
1617.543701171875
1421.650634765625
403.2930603027344
139.976318359375
5.369305000613167e-08
1.7144333952501256e-08
6.223922355275135e-08
0.0004822932241950184
2.188307285308838
4.657088279724121
107.27701568603516
1181.5115966796875
3911.559814453125
7644.32470703125
12961.1083984375
18056.7578125
24669.68359375
29142.92578125
32102.236328125
33293.76953125
27231.970703125
21611.177734375
16470.0703125
13217.8779296875
8327.669921875
6386.71044921875
4682.11474609375
4437.60107421875
3766.273193359375
1992.337158203125
1289.9345703125
41.21501159667969
4.3126735960186124e-08
2.92924475786549e-08
8.061886802579465e-08
0.0005681671318598092
0.0016967449337244034
4.124373435974121
255.21389770507812
2186.265380859375
6795.4404296875
13571.1005859375
21676.009765625
27859.26171875
28209.58203125
30110.845703125
30060.515625
28421.265625
25034.11328125
21238.92578125
19095.62109375
16456.384765625
13249.6123046875
11519.990234375
10447.2041015625
9558.5048828125
8010.66552734375
5053.349609375
2241.766357421875
49.837642669677734
7.745794761149227e-08
9.305876602638818e-08
8.348091995458162e-08
0.0006264051771722734
0.0013460837071761489
12.783731460571289
994.98779296875
5110.06396484375
13121.8369140625
19733.33203125
26625.31640625
29325.076171875
28483.66796875
29412.8046875
30195.220703125
28301.82421875
26731.412109375
26247.9921875
25494.322265625
24315.376953125
21769.052734375
20125.744140625
16633.140625
15797.80859375
10399.2861328125
5818.40771484375
2405.38818359375
57.693355560302734
8.574119192417129e-08
2.0689256530204148e-08
2.864893566822957e-08
0.0005002987454645336
10.7274808883667
513.3941650390625
1617.463134765625
8264.85546875
16168.2919921875
24711.93359375
29325.51171875
30958.955078125
33005.53125
32184.00390625
32017.837890625
30082.1015625
29430.890625
26957.40625
27867.5
26269.666015625
24048.287109375
22166.78515625
20061.705078125
15785.9150390625
11346.552734375
6256.888671875
1182.81103515625
63.61084747314453
8.323917910502132e-08
7.35401286533488e-08
6.672264163398722e-08
8.942311069404241e-08
22.212480545043945
107.82622528076172
2909.53466796875
8586.2861328125
15780.2880859375
24112.0546875
29571.177734375
32131.86328125
33929.58984375
31969.32421875
30671.3203125
26762.38671875
23250.478515625
23655.92578125
24591.26171875
24467.96484375
22048.119140625
20075.814453125
15842.4814453125
12589.8701171875
8223.98046875
4199.56396484375
1771.3878173828125
53.9228630065918
5.540712422202887e-08
2.96526128096275e-08
1.6406360714427137e-08
2.2846286640287872e-08
7.746423721313477
104.64920806884766
1834.7225341796875
7667.96484375
12821.673828125
19988.5859375
24171.5703125
27195.318359375
27776.798828125
24704.328125
21200.03515625
18261.578125
16649.41796875
15360.1953125
14858.3349609375
15634.1455078125
15464.2392578125
15075.3408203125
10989.0087890625
7626.951171875
4033.6728515625
1748.324462890625
754.9478149414062
32.590694427490234
7.266889667789656e-08
7.580531047324257e-08
5.2449419030153877e-08
5.903103339477411e-09
8.877043728716671e-05
534.55078125
1131.5186767578125
2935.8916015625
5860.404296875
8851.6845703125
11408.578125
13210.5712890625
11948.8271484375
11373.564453125
9561.111328125
7919.48193359375
6410.044921875
6448.66552734375
6160.30615234375
6960.8974609375
8144.76806640625
6661.4013671875
5768.78369140625
2448.306884765625
1991.29150390625
888.3020629882812
22.80682373046875
6.302384036871445e-08
9.487541063890603e-08
6.7924070812352966e-09
1.3776148222177653e-08
2.0597095584662384e-08
368.0215759277344
512.3088989257812
470.09283447265625
620.9713745117188
851.3271484375
817.4828491210938
572.781005859375
761.7611694335938
896.6808471679688
1202.327880859375
818.7093505859375
851.4091186523438
730.1865844726562
642.2051391601562
584.7905883789062
432.8821105957031
194.61077880859375
77.67716217041016
164.11915588378906
182.91709899902344
6.9079365730285645
2.0152688026428223
4.6098694639340465e-08
9.480527296545915e-08
4.219422322648825e-08
9.368464048975511e-08
9.279924029215181e-08
7.912682065125409e-08
1.5461745661582427e-08
5.391710899971258e-08
1.1905985047633294e-05
3.8858317566337064e-05
0.003777235746383667
0.004107513464987278
0.0027499778661876917
0.021221108734607697
0.035466719418764114
250.2704315185547
341.5924377441406
221.2744903564453
2.7727110385894775
3.477135419845581
4.548445224761963
0.006342723034322262
0.0
4.45707893371582
3.797389030456543
4.011685371398926
0.0
4.0680532720216434e-08
4.95370926500982e-08
3.7448103284987155e-08
4.3247219139175286e-08
5.340158537592288e-08
7.902068688281361e-08
8.306459875484506e-08
4.5930729442034135e-08
1.1243695752227723e-08
3.51338833581849e-08
4.0330384365461214e-08
1.941592842058526e-07
2.157618013143292e-07
1.9220045999190916e-07
2.2639154906300973e-07
0.01338841300457716
7.129914081360766e-08
2.1803911565143608e-08
6.197556956522021e-08
2.8935840390431622e-08
2.5141337900436156e-08
6.011621422885582e-08
9.8028792194782e-08
2.4626687356033017e-09
2.933196086019052e-08
6.391275775285976e-08
7.831315684825313e-08
7.477680696865718e-08
8.36679987514799e-08
1.5127389119129475e-08
4.3775759905884115e-08
7.69149508528244e-08
7.665278900503836e-08
3.281391514065035e-08
1.9142008866879223e-08
1.0339713529816663e-09
4.242242113150496e-08
7.368531385054666e-08
4.3805879812452986e-08
8.796715889047846e-08
2.0379461673769583e-08
8.503494797196254e-08
3.0011573226573773e-09
3.73703201717035e-08
4.5001101511843444e-08
7.196323537073113e-08
2.909137286621899e-08
3.5534668541004066e-08
9.581205517861235e-08
4.4317896907841714e-08
5.640558242703264e-08
7.207140839682324e-08
6.773390737180307e-08
6.319609724414477e-09
5.5832959588997255e-08
8.553641350772523e-08
7.429326842611772e-08
7.71074724070786e-08
7.639280141802374e-08
8.498269465917474e-08
