8.167561738048335e-09
3.7417184017840555e-08
2.994007530787712e-08
4.384887564157225e-09
4.4338001714550046e-08
3.0729370159576774e-09
4.3990201703536513e-08
4.2035239289361925e-08
3.2780906877860616e-08
3.085381550249622e-08
5.712542616720384e-08
1.0498363067767968e-08
2.9556243674733196e-08
2.9325201822416602e-08
4.6925197949576614e-08
3.17333537225295e-08
2.4049077396171015e-08
3.15061257083471e-08
4.691390387279171e-08
2.320200920280513e-09
7.186820027982321e-10
4.42005401168899e-08
5.3556558299305834e-08
3.0179265309016046e-08
6.452923972943836e-09
1.375678593262819e-08
2.9861581651857705e-08
3.3689509848500165e-08
5.1440419923665104e-08
5.5598029291559214e-08
5.2586464960313606e-08
4.333472247708414e-08
2.2533410692915368e-09
3.1494199248527366e-08
1.1354204687563652e-08
5.806267822094924e-08
2.173771029845284e-08
5.919251200303677e-10
1.2511044644725189e-08
1.4609505605278628e-08
3.335089715506001e-08
4.604225267712536e-08
5.7254197827205644e-08
3.70975925534367e-08
3.5652989449630468e-09
4.6924835572781376e-08
5.6349414023770805e-08
2.6834641175810248e-09
3.57470426592954e-08
1.0315521592474397e-07
8.303063481207573e-08
9.501942344058989e-09
3.245293456188847e-08
2.1690544471653084e-08
1.9419770680428883e-08
1.3085889705166664e-08
4.1593541055817695e-08
4.4859170600375364e-08
2.8175094257676392e-08
5.048326201517739e-08
2.488098260755578e-08
6.412314945691833e-08
5.3544209066558324e-08
2.5163695127616847e-08
2.4657074604306217e-08
2.2930043641622433e-08
1.137338330181592e-07
1.759724455041578e-07
1.8814226621088892e-07
4.191204183712216e-08
4.193034897070902e-08
9.527890654226212e-08
1.1396716814715546e-07
1.2598660248386295e-07
6.453698375707972e-08
1.227428754191351e-07
2.806326016013827e-08
9.180251936413697e-08
1.1880436545652628e-07
7.596619155947337e-08
3.2209573674890635e-08
2.7638304089805388e-08
2.2051578341120148e-08
2.7331859442369932e-08
1.355629919430612e-08
5.8604996411304455e-08
4.8782531791857764e-08
5.5363805984143255e-08
0.0
3.0723651178732325e-08
2.0452027320861816
74.26029205322266
133.8189697265625
381.74755859375
1084.6629638671875
1806.03125
2221.125244140625
2363.687744140625
2095.160888671875
1671.92529296875
1078.8909912109375
680.4130859375
542.3311767578125
345.4965515136719
8.543562889099121
16.808921813964844
12.499442100524902
4.881873394424474e-08
3.5685282284703135e-08
3.482558597056595e-08
1.701551255450795e-08
1.4097008005364842e-08
2.287667655309633e-08
1.6230469412903403e-08
5.5483585725824014e-08
0.009622267447412014
0.2775293290615082
103.97955322265625
1165.2156982421875
2743.725830078125
6109.330078125
10664.578125
17861.625
21460.7265625
23904.5
26065.798828125
25118.86328125
23211.623046875
18386.525390625
13600.7587890625
8253.4990234375
3112.060302734375
535.0869750976562
267.4810791015625
206.2091522216797
141.79339599609375
87.19863891601562
4.234015094084498e-08
5.144484660490889e-08
5.109803424829806e-08
4.056662916696041e-08
1.8140392521459603e-09
0.00654643215239048
66.46353912353516
913.1499633789062
1658.0296630859375
3266.414794921875
8060.20556640625
14557.33203125
21354.6640625
27064.31640625
30521.240234375
33586.35546875
33456.98828125
33479.6875
32547.552734375
31112.814453125
23923.345703125
17789.171875
9708.0029296875
2942.906982421875
868.4586181640625
647.7926635742188
453.71771240234375
64.69862365722656
1.2795907444740351e-08
1.545157957139054e-08
2.0587345161970916e-08
4.385260865547025e-08
9.502462816612933e-09
2.8341244018292855e-08
237.5221405029297
1346.4996337890625
2303.347412109375
5698.7880859375
11481.3662109375
16929.041015625
23173.96875
26310.96484375
26157.7109375
26030.1953125
26246.37109375
26607.759765625
29939.376953125
30497.439453125
29802.65625
24029.662109375
14533.48046875
6570.81787109375
1990.67724609375
532.9664916992188
491.8126220703125
2.7498655319213867
3.6743806219874386e-08
1.7853491129926624e-08
4.57295996625362e-08
2.795532871857631e-08
2.001570109655404e-08
5.8728740981450755e-08
190.7989501953125
694.0459594726562
1332.381103515625
4615.66259765625
8088.01025390625
14301.2197265625
18721.845703125
18071.4765625
15244.9169921875
13546.4609375
13409.7119140625
15604.90234375
20045.978515625
27023.298828125
29327.642578125
25967.712890625
16075.5615234375
7446.79150390625
2444.0341796875
676.2213745117188
153.4398651123047
0.7773435115814209
4.83873101586596e-08
3.812969939787081e-09
2.114999020363939e-08
3.7593675727976006e-08
1.7715438005438955e-08
1.749621958424541e-08
216.50152587890625
333.326416015625
824.0518798828125
1856.4315185546875
5114.41259765625
7759.06298828125
10040.1904296875
9635.7607421875
7851.1845703125
6618.61181640625
5362.91845703125
9082.6552734375
16227.9833984375
25034.53515625
28763.28515625
24866.556640625
15194.984375
6618.48876953125
2627.6083984375
862.2029418945312
15.659525871276855
0.8530128598213196
5.123887092395307e-08
9.257775879234487e-09
5.452192652910526e-08
3.1013438928084724e-08
2.3190535713979443e-08
1.3254716435540104e-08
0.0
202.95912170410156
417.13201904296875
1603.8599853515625
3533.18115234375
4773.39501953125
4226.20166015625
4276.5322265625
4149.19775390625
3071.581787109375
6466.8115234375
10727.734375
18869.63671875
25600.287109375
26570.4296875
22311.8828125
12233.7666015625
5920.1142578125
2435.137451171875
702.01513671875
52.56534957885742
0.772330105304718
6.234283489447989e-08
5.629748756064146e-08
5.611054731957665e-09
8.567771381251532e-09
6.309299749318598e-08
1.408436478556041e-08
7.855558395385742
31.542049407958984
280.76068115234375
1421.4879150390625
2394.296142578125
3366.268798828125
4339.4736328125
5156.41455078125
6327.86328125
10668.82421875
16305.19140625
21838.390625
25336.349609375
28158.185546875
24867.0703125
17569.978515625
9412.5869140625
3629.007080078125
1676.990478515625
489.48681640625
22.007701873779297
0.0993143767118454
4.1067220735158116e-08
1.527632065290163e-08
1.666761484386825e-08
3.299381390320377e-08
2.065812410023682e-08
3.6540743764135186e-08
6.34486198425293
197.2764129638672
372.55780029296875
1245.5556640625
2448.89306640625
3516.506591796875
8403.134765625
13044.845703125
21023.001953125
25621.333984375
28488.224609375
30353.380859375
30590.41796875
27704.2265625
24315.61328125
15918.390625
7578.98583984375
3494.129638671875
1445.995849609375
95.60128784179688
0.6261619925498962
0.0911739245057106
6.769865734668201e-08
7.12153114257319e-10
2.9006745450033122e-08
4.399725739290261e-08
5.798130420231473e-09
4.4999325155004044e-08
6.447783470153809
301.9278869628906
595.4517822265625
1006.5670166015625
2303.182861328125
6278.35009765625
12928.5693359375
21793.177734375
26870.91015625
30687.359375
32587.68359375
32856.9296875
32052.51171875
29664.216796875
26000.54296875
19259.134765625
12953.796875
6550.349609375
2294.306396484375
350.82220458984375
67.06891632080078
0.012115774676203728
3.2774309488559084e-08
4.451664281646117e-08
4.387496232993726e-08
5.036332950680844e-08
4.810322451476168e-08
3.666089654075222e-08
6.12480022255113e-08
221.62106323242188
311.4045715332031
1527.6324462890625
2585.720703125
8875.99609375
16895.078125
23380.533203125
28458.865234375
29619.515625
28955.296875
29948.087890625
31166.875
29356.55078125
28155.828125
25271.412109375
21091.701171875
10462.6142578125
5869.25390625
1710.7135009765625
337.39459228515625
80.9579849243164
7.246822834014893
3.767249978636755e-08
2.0267684419650323e-08
3.302420381601223e-08
6.116441242376425e-10
4.0104012555275403e-08
2.5003263459666414e-08
0.7284656167030334
238.05494689941406
1090.9366455078125
3233.3720703125
7630.26708984375
14021.357421875
17469.10546875
20960.49609375
20652.291015625
20569.375
20183.228515625
22500.560546875
24843.271484375
27334.23046875
28070.10546875
24130.5078125
18863.712890625
8799.18359375
3554.01171875
1103.0604248046875
225.47694396972656
9.272838592529297
8.333666201565393e-09
4.9596287965414376e-08
2.897506412580242e-08
3.616760224645077e-08
0.0
21.523513793945312
142.2262725830078
527.821044921875
462.53167724609375
1895.90966796875
4622.15869140625
8905.2705078125
9858.64453125
10203.5322265625
12028.263671875
9766.8427734375
9724.0380859375
8781.5361328125
13165.333984375
19835.353515625
26156.298828125
27995.21484375
23669.376953125
13132.861328125
4702.75439453125
1116.40576171875
331.5626525878906
9.799819946289062
1.1380771880453722e-08
3.116355884458244e-08
2.5457898900071996e-08
5.383927614843742e-08
10.874268531799316
47.28721237182617
506.2046203613281
761.8745727539062
661.84814453125
1341.4232177734375
1934.061767578125
2168.3974609375
2954.369384765625
2285.722412109375
957.9483032226562
1212.6241455078125
1759.880859375
2319.53466796875
5190.15283203125
14320.134765625
22733.43359375
28184.18359375
26195.423828125
18289.98046875
6470.7880859375
1346.65234375
315.2585144042969
45.720706939697266
32.4244270324707
4.2853473547488363e-10
2.2896267992678077e-08
5.085902543555676e-08
16.51475715637207
162.7550811767578
657.80859375
1447.832763671875
1729.1273193359375
2359.63134765625
2167.598876953125
1498.05615234375
1094.02978515625
331.6614990234375
324.4465637207031
228.16754150390625
416.627197265625
775.6539306640625
3182.095458984375
11851.4765625
20773.037109375
28960.30859375
27940.98828125
19774.087890625
6988.9677734375
1563.5518798828125
357.6506042480469
22.57763671875
3.5555697053268887e-08
3.944990467630305e-08
1.1501789742851543e-08
5.178059758748077e-09
88.54413604736328
705.21630859375
3129.804443359375
5107.83935546875
5547.69580078125
5988.6025390625
6339.31201171875
4303.87060546875
2810.06103515625
1881.26171875
1021.2050170898438
1642.5572509765625
2005.1884765625
3474.503662109375
5460.951171875
14831.1435546875
24084.171875
31556.005859375
25697.642578125
19667.947265625
6819.19482421875
1452.2318115234375
52.94527053833008
3.5511648654937744
7.271705904088321e-09
4.552599008889047e-08
1.238599267594509e-08
1.9561255726330273e-08
169.1269989013672
1347.2757568359375
5110.306640625
7134.1123046875
11982.0791015625
12753.890625
12423.0126953125
9977.4140625
8913.1796875
6117.9033203125
5205.9541015625
3880.251953125
5537.15283203125
10462.61328125
15703.5751953125
22524.42578125
31548.0078125
31092.75390625
23620.71484375
14108.140625
5218.35546875
263.2832946777344
86.45614624023438
8.743855772763709e-08
0.0036676551681011915
5.8883887987803973e-08
4.416300924958705e-08
1.2747118915967803e-08
232.67919921875
1885.5909423828125
5462.85400390625
11065.81640625
14821.58203125
20149.716796875
21274.8125
19031.71484375
16141.2197265625
14209.2099609375
13626.609375
15753.4990234375
19018.73046875
22998.9375
28698.736328125
32543.76171875
32781.40625
28113.55859375
18125.8671875
7782.8798828125
1306.3936767578125
323.3503723144531
102.33037567138672
0.002584564732387662
0.004261227324604988
7.772695376218053e-09
1.3417957411832049e-08
2.0848128556849588e-08
243.4718475341797
1337.2371826171875
5934.16650390625
11310.73828125
18497.3046875
24259.83203125
29115.26171875
30445.16015625
30348.880859375
28292.412109375
26835.998046875
28933.12109375
31061.158203125
33433.8359375
33666.45703125
32897.87890625
28131.41796875
18156.97265625
7640.6708984375
3863.526123046875
717.6246948242188
163.25425720214844
35.62705993652344
0.005471466574817896
0.0044796583242714405
1.3656356934177438e-08
1.7311295508193325e-08
4.66262797260697e-08
76.29136657714844
705.7127075195312
3110.927001953125
8669.744140625
15767.40625
21552.935546875
26467.912109375
32262.2890625
34141.99609375
34779.5703125
34361.73828125
33937.87890625
33737.12890625
32013.197265625
28972.703125
22385.310546875
13571.9208984375
5604.9326171875
2628.440185546875
674.8661499023438
333.9681091308594
73.00425720214844
1.3312056523773208e-07
1.0319178755935354e-07
2.457011127887654e-08
4.7257003643608186e-08
4.901763261955239e-08
5.894909449466468e-08
3.237534284591675
23.550188064575195
1657.7926025390625
3134.676513671875
5436.521484375
11567.046875
18660.94140625
23754.5703125
26768.345703125
29366.978515625
28917.453125
26108.517578125
25280.1484375
19632.07421875
13217.6005859375
6397.85107421875
2817.975341796875
1183.309326171875
452.9203186035156
153.9598846435547
160.84140014648438
50.46631622314453
3.6885122511876034e-08
3.082869426407342e-08
5.8588380369428705e-08
2.1584899201343433e-08
1.1029124280526048e-08
5.570002770127758e-08
0.0
25.663686752319336
31.80738067626953
64.9824447631836
96.40826416015625
996.9008178710938
2048.6025390625
2856.4443359375
3225.417236328125
3565.98193359375
3428.71435546875
3256.832275390625
2703.8759765625
1837.4820556640625
794.0034790039062
300.2267761230469
0.0
0.015402362681925297
1.1288206991366678e-07
1.2560261097860348e-07
1.3733341575061786e-07
1.1862128701523034e-07
1.4518382940309493e-08
3.038318396875184e-08
4.605229619869533e-08
1.73439673734066e-09
2.491703021689773e-08
2.122507325452716e-08
4.9461945650364214e-08
2.2055260728848225e-08
1.4553141802764458e-08
5.514383971672032e-08
7.50030615392916e-09
8.214536273420947e-10
4.4891720563100534e-08
1.8045764136331854e-06
2.5517449557810323e-06
2.4046119051490678e-06
2.312692458872334e-06
1.4011034181748983e-06
2.0226184460625518e-07
2.528453819650167e-07
2.3657688075218175e-07
1.5844750578253297e-07
5.887092768830371e-08
4.840034506514712e-08
4.639448292209636e-08
2.486836692128236e-08
1.5218382998227753e-08
4.087887006676283e-08
6.172751909616636e-08
8.551623409402964e-09
5.103172995291061e-08
6.617828507415879e-09
5.767829236447142e-08
4.3929007098597594e-09
1.5879749071245897e-08
2.4426244138453512e-08
2.0940101208566375e-08
2.6536071118243854e-08
3.794499647824523e-08
3.84143064025011e-08
1.579630470871507e-08
4.821973220714426e-08
2.7867150365068483e-08
2.835760781749741e-08
5.874563058227977e-08
2.335564097677434e-08
2.438250312764012e-08
5.1364445141643955e-08
2.5940952497194303e-08
6.134122543244303e-08
5.612957920675399e-08
5.627168775390601e-08
5.669053493306819e-08
5.160831406669786e-08
5.845104666946099e-08
5.716977469205631e-08
2.17702869065306e-08
1.3553234090579735e-08
2.5436554196289762e-08
1.9292604847009898e-08
3.656442970623175e-08
5.232670119426075e-08
4.1640380032959e-08
4.431606370758345e-08
5.724886875668744e-08
6.22454834342534e-08
3.96288264425948e-08
5.1249788413088027e-08
2.8144642172378553e-08
4.210110304825321e-08
4.288847499367421e-09
6.310605726866925e-08
4.313298052061043e-10
4.007055309784846e-08
4.1934125505349584e-08
3.848991347865649e-09
3.7460960555790734e-08
3.427676631417853e-08
1.4993434049870302e-08
1.7767661120160483e-08
5.5839507240307285e-08
5.9092545967587284e-08
5.926536061906518e-08
4.584080315339634e-08
1.557941692320597e-10
2.704320767321633e-09
4.647530360557539e-08
2.2453251702359012e-08
