4.319522517448604e-08
5.275616832278729e-09
2.7095643062580166e-08
1.3736729975732942e-08
5.974237637929036e-08
2.8067487889416043e-08
2.707004220781073e-08
1.9400953732429116e-08
6.0405018764697616e-09
3.78921960475509e-08
4.373972473104004e-08
1.4780083823495715e-08
5.969271654748809e-08
5.2059558441897025e-08
4.4508785546071294e-10
8.026566078456199e-09
3.444639462557575e-09
1.8471652651896875e-08
8.64537774702967e-09
3.535175707725102e-08
1.638165336714792e-08
2.2744501393390237e-08
1.511789449182288e-08
2.8017009157110806e-08
3.897582345757655e-08
2.5160348471331417e-08
2.3257058501258143e-08
4.741883330439123e-08
1.7493274384605684e-08
5.8938198321811797e-08
3.855730312807282e-08
2.5362938416151337e-08
3.8058391993445184e-08
4.637471295865225e-09
5.3232827923466175e-08
1.9656503980058915e-08
3.908352397274939e-08
1.7190943113476465e-10
3.3195451720757774e-08
4.313427837132622e-08
5.809042136206699e-08
2.871569471096791e-08
4.6163648903529975e-08
1.935112337037026e-08
3.034525519751696e-08
5.54910286609811e-08
4.135412723371701e-08
3.326017505855816e-08
1.4007849991060084e-08
1.2326464293721529e-08
1.537951277441607e-08
4.1550567431158925e-08
1.3747770033489815e-08
6.269330832253672e-09
1.686612094431439e-08
6.3023040119958296e-09
5.406011638342534e-08
1.7612842739822554e-08
7.000491297759481e-09
2.4518680419305383e-08
4.803723641089164e-08
5.493977184301002e-08
7.88018983399752e-09
1.8823190117700506e-08
3.768539968973528e-08
1.7508900995721888e-08
3.3619489414604686e-08
3.327948761011612e-08
7.877950736201456e-09
5.8828796056786814e-08
2.9672764245702865e-09
5.482429443759429e-08
1.0654962467882e-09
1.7079408110021177e-08
5.18684828421101e-08
3.6205051401339006e-08
2.7860892259923276e-08
2.6008589060211307e-08
8.704927445535304e-09
2.0498639230481785e-08
4.4922902731059366e-08
3.837233819581343e-08
5.999810070989042e-08
1.4119295066450377e-08
3.781147839276855e-08
6.48432085803563e-10
3.0509390569477546e-08
2.6434737065983427e-08
4.7890452492538316e-08
5.462153396251779e-08
2.0963298652532103e-08
0.0186171792447567
0.03312322497367859
0.0247198399156332
8.714421539934847e-08
7.72306307794679e-08
1.9437425136566162
3.3969829082489014
3.2415027618408203
1.986698031425476
1.529628690377649e-07
4.686049948077198e-08
3.771672396624126e-08
5.525773616454899e-08
3.6411940129710274e-08
2.9964120074055245e-08
1.4427351757717588e-08
3.222558930815467e-08
4.148786592050868e-10
4.764751793118194e-08
5.635503441681067e-08
2.98358244776864e-08
1.0637905667465475e-08
2.236120622001181e-08
3.80701372648673e-08
1.6289445161819458
1.7676790952682495
2.6334142684936523
567.0725708007812
1083.4105224609375
900.7587280273438
2187.369140625
2582.447998046875
4730.8798828125
4887.2119140625
5427.31787109375
5321.30712890625
4536.41162109375
3181.043701171875
704.94189453125
541.9503173828125
791.80517578125
334.7721862792969
236.65162658691406
2.831622838973999
0.8186662793159485
5.157381011144935e-08
2.5617062249239098e-08
1.4189320829416374e-08
1.3651001162795495e-10
1.9740324930239694e-08
5.983103346096641e-09
5.327457586190576e-08
2.3533384799957275
130.13961791992188
492.7389831542969
2958.78564453125
6624.75537109375
12299.9765625
18357.953125
23808.00390625
28051.38671875
31202.0859375
31143.09765625
30037.818359375
26739.509765625
20565.93359375
15473.154296875
10254.666015625
5013.55908203125
1518.2763671875
513.9628295898438
4.346005916595459
0.2894311845302582
1.5902816841162348e-08
2.5398003700161098e-08
4.4515807928746653e-08
3.7648973716386536e-08
2.9752998287335686e-08
4.767149519580016e-08
9.219133900728593e-09
37.77953338623047
529.6826171875
1730.0533447265625
7376.88720703125
13900.8193359375
22000.87890625
29808.189453125
34505.2421875
35479.49609375
35534.578125
35268.0390625
35654.9140625
35168.328125
31641.228515625
28012.416015625
19877.060546875
12021.1611328125
4658.3779296875
1818.40771484375
580.9588012695312
354.7245178222656
239.97320556640625
1.4453179097984048e-08
5.069749509090116e-09
4.064849079554733e-08
4.850620172192066e-08
1.5020802379694942e-08
2.1639143810148198e-08
124.52368927001953
1292.0009765625
3693.7880859375
10118.560546875
16714.79296875
24697.048828125
30512.5078125
31132.4140625
29977.166015625
28747.884765625
29372.39453125
29358.92578125
31327.990234375
32132.783203125
30880.6015625
23856.482421875
16425.77734375
7251.69140625
2963.62353515625
1350.1002197265625
566.0335083007812
526.1741943359375
290.0226135253906
5.005932379731348e-08
1.9890466163019482e-08
1.0095305036372793e-08
2.787189501418652e-08
4.7911395739674845e-08
285.10009765625
1214.2802734375
3482.23974609375
8384.1005859375
12631.916015625
18337.349609375
21878.810546875
21749.982421875
18412.67578125
14213.6865234375
14020.5029296875
16466.755859375
23164.908203125
29205.669921875
30903.96484375
26674.857421875
17603.91796875
8226.55859375
2829.5068359375
1550.80859375
560.472900390625
396.9098815917969
252.2964630126953
5.7040953294063e-08
4.589885449490794e-08
4.22780068731754e-08
5.5658386344248356e-08
3.38941049449204e-07
115.53983306884766
1232.7164306640625
2588.677001953125
6584.95556640625
8093.552734375
9551.7568359375
9921.9033203125
9590.3603515625
7826.6533203125
4938.96142578125
7223.70556640625
11421.265625
20029.73046875
27680.591796875
29557.404296875
25172.521484375
14799.732421875
7605.4912109375
3553.70166015625
1365.1790771484375
387.15283203125
229.48532104492188
3.7936737537384033
5.8379161060884144e-08
8.407980089941702e-09
1.3296205025881136e-08
2.1764469337881565e-08
3.8347643283032085e-08
12.387626647949219
658.18701171875
1366.8033447265625
2615.194091796875
3092.14111328125
4159.99853515625
3753.6376953125
4014.122802734375
4566.3408203125
5452.7734375
10311.2578125
18338.328125
24925.865234375
29532.474609375
28728.45703125
22309.958984375
10707.2724609375
4626.0654296875
1644.0052490234375
1123.2408447265625
327.7450866699219
379.6661682128906
0.007163097150623798
1.4237531986704965e-10
3.2226605384266804e-08
2.097752904717254e-08
2.3516124159073115e-08
4.640795481236637e-08
5.611352449363949e-08
495.1424865722656
231.9944610595703
1051.91064453125
1670.958984375
1922.9134521484375
3197.958740234375
6497.6083984375
11146.7158203125
17717.048828125
24041.50390625
29200.966796875
31475.73828125
29031.337890625
24372.767578125
15165.615234375
7200.05322265625
3340.439208984375
1290.7503662109375
642.9869995117188
395.01580810546875
357.7032470703125
0.003622913733124733
5.71150593486891e-08
3.5125649056055863e-09
5.3659867660371674e-08
2.2620760820046826e-09
2.5957531235576425e-08
5.2273851025574913e-08
0.2771052420139313
1.2117551565170288
395.4105529785156
1202.6436767578125
4222.94091796875
9687.1142578125
15980.029296875
23836.9765625
28081.50390625
32205.802734375
32898.28515625
30999.6171875
27339.12109375
19618.919921875
10912.275390625
5257.0478515625
1529.519287109375
652.2241821289062
46.88550567626953
1.1476893424987793
0.002331701572984457
4.6704862199931085e-08
2.48797977775439e-08
1.7888083903017105e-08
2.1594937393842883e-08
1.3468017812101607e-08
2.0320271687523928e-08
5.5815043253915064e-08
0.10869150608778
1.4709445238113403
545.4459838867188
2667.6865234375
8272.8427734375
13343.2255859375
22425.25390625
29464.8359375
33000.3203125
34048.0078125
34045.4453125
32650.837890625
26750.26953125
21442.419921875
12590.8828125
5359.20361328125
1158.69873046875
423.1741027832031
84.45294189453125
0.03654198348522186
3.2936082305923264e-08
3.570552564724494e-08
4.755667859512869e-08
9.418490876100805e-09
5.761871690879161e-08
2.5760236610494758e-08
3.5669973641461183e-08
3.467755860242505e-08
4.365102057590775e-08
9.947294235229492
613.8260498046875
3573.51318359375
9103.61328125
14378.861328125
22797.533203125
29065.580078125
32816.4296875
32848.97265625
33706.96875
31789.474609375
31676.7578125
28667.568359375
21277.076171875
12331.7666015625
3353.91845703125
940.5970458984375
327.18798828125
0.029307771474123
4.900803673990595e-08
7.872455576318771e-09
5.925007684481898e-08
1.9235084636193278e-08
2.377050556390259e-08
5.6788593383316766e-08
2.930773845832846e-08
4.141371690025153e-08
8.315059676533565e-05
0.00023118488024920225
701.5965576171875
2821.912353515625
6746.2060546875
10753.0380859375
16955.462890625
19178.94921875
21762.451171875
22564.517578125
23461.03515625
25004.171875
29703.138671875
31355.94921875
29228.400390625
21896.64453125
11150.0908203125
2083.028564453125
552.5122680664062
18.675199508666992
3.453129409081157e-07
4.424045982887037e-07
2.103175944512259e-08
3.9365946946645636e-08
1.1535834509857068e-08
5.971403993498825e-08
2.3226951384458516e-07
3.6984669549156024e-08
5.48880088047099e-08
3.400928020477295
628.0570068359375
2416.21630859375
3895.62890625
5153.72607421875
7236.587890625
8008.5283203125
7552.97607421875
9560.5126953125
11358.1669921875
13707.3291015625
20365.458984375
28818.603515625
31639.3125
26792.28125
17746.638671875
5858.29296875
867.2742919921875
297.5660400390625
0.14459289610385895
4.4457681269705063e-07
5.0998956169223675e-09
3.363675205036998e-08
1.6299862792834574e-08
4.908948625370613e-08
3.1109372855553374e-08
0.0
12.895964622497559
195.7356414794922
368.74700927734375
1446.2548828125
2252.35302734375
2485.2568359375
3210.02294921875
2322.90771484375
1462.6329345703125
995.5922241210938
1906.5672607421875
4674.41796875
9744.6279296875
23581.32421875
31151.630859375
31198.236328125
20956.16015625
7975.93896484375
1399.6627197265625
278.1646728515625
2.4315197467803955
4.5106156676411047e-07
4.677379195072717e-08
1.1408253008937663e-08
4.3812992345237944e-08
4.473265846627328e-08
0.022799577564001083
86.91664123535156
718.0445556640625
824.8338012695312
797.6065673828125
2678.527099609375
2710.583740234375
3782.808837890625
2896.498779296875
1798.678466796875
835.947021484375
524.5958251953125
307.7384948730469
1338.2606201171875
7507.85205078125
20007.23828125
30218.88671875
31937.68359375
21819.2734375
9490.44140625
1408.9503173828125
211.4690399169922
0.0
1.8267144241690403e-07
5.618199949708469e-08
1.4911242018911253e-08
3.841254425651641e-08
1.3869149384504453e-08
128.164306640625
657.5662841796875
1410.987548828125
1921.6187744140625
2880.47509765625
4430.1025390625
6142.04248046875
6573.671875
4324.88671875
2703.24267578125
1488.9603271484375
442.05352783203125
1024.71533203125
3408.237060546875
10591.466796875
23866.298828125
31437.130859375
30339.07421875
20844.755859375
7331.7099609375
1348.022705078125
160.60736083984375
0.007454982493072748
0.023544255644083023
2.623217021380242e-08
1.537371474569227e-08
4.963378330558044e-08
4.51466064532724e-08
212.7250518798828
1019.3580322265625
2050.74755859375
3981.59716796875
4972.96728515625
8869.017578125
11323.435546875
12190.9951171875
9120.3466796875
5707.2060546875
3184.04931640625
3458.964111328125
6832.29931640625
12728.42578125
22199.49609375
29854.19140625
33276.46484375
28670.140625
15926.6767578125
4908.2255859375
952.3533935546875
60.35142517089844
0.008661448955535889
0.0
2.532960685641683e-08
2.85860526361148e-08
1.348619260710393e-08
3.005372306574827e-08
547.4178466796875
882.2540893554688
2130.5947265625
3801.688232421875
7105.8837890625
12434.6162109375
17266.6484375
19559.32421875
17265.451171875
16820.0390625
15828.1787109375
17564.041015625
20737.439453125
26574.9453125
31639.857421875
33649.9921875
31073.36328125
20451.787109375
10482.9541015625
3330.760986328125
346.1260070800781
10.67418384552002
9.213435703259165e-08
7.331420448508652e-08
5.777226164127569e-08
1.1670036492716918e-08
2.632019491244364e-09
4.067699066467867e-08
232.8662872314453
713.63720703125
1320.0284423828125
3643.0888671875
7860.03173828125
12019.0634765625
21975.060546875
27099.80078125
29416.15234375
30073.43359375
30311.30859375
32139.96484375
33132.11328125
34806.73046875
34854.890625
30161.935546875
21847.51953125
11541.009765625
4519.7060546875
1168.1163330078125
190.38851928710938
4.0849863580660895e-07
4.9769738552640774e-08
3.334824327794195e-08
4.6583934931732074e-08
1.0334168187853265e-08
1.7536898155867675e-08
4.682001275568837e-08
0.38808825612068176
3.752453327178955
209.39459228515625
1689.8154296875
5164.9228515625
11266.5224609375
17778.791015625
24309.951171875
30103.58984375
33021.5546875
35806.3359375
35673.39453125
34263.07421875
31382.875
26911.552734375
19325.1484375
9344.5234375
3748.995849609375
1171.83984375
76.5033950805664
31.019683837890625
3.6201154784976097e-07
2.8689751729871205e-07
1.4023419225850375e-07
2.2488219286742606e-08
4.0455187644283797e-08
3.447695462455158e-08
4.505255191133983e-08
0.03516392782330513
0.22193171083927155
16.010393142700195
742.288818359375
1196.499267578125
4800.265625
9869.5009765625
14087.498046875
19788.419921875
24870.09375
24117.642578125
23581.826171875
20507.216796875
16163.3740234375
10472.666015625
4733.5810546875
2060.529052734375
377.18414306640625
57.43965148925781
24.560596466064453
2.732525388182694e-07
2.5578734152986726e-07
1.623524781280139e-07
2.528328835182947e-08
3.8756201803380463e-08
5.755371645932428e-08
3.69702277680517e-08
2.4369022355585912e-08
5.9593716628114635e-08
2.275388411021595e-08
1.8836793899536133
1.3044955730438232
123.0232162475586
280.7595520019531
515.6837768554688
1138.58349609375
990.3406372070312
1133.078125
1305.91552734375
1057.45556640625
433.7684020996094
350.353759765625
228.5288543701172
290.7547912597656
205.86102294921875
7.393160927904319e-08
2.0728242233758465e-08
1.566313834189259e-08
4.2239431508050984e-08
1.621110889971078e-08
2.7866546403743087e-08
5.7354746729743056e-08
1.690586159952545e-08
3.6490607868699954e-08
1.2018226414056699e-08
2.0180769055855308e-08
1.5769606731552699e-09
1.2761563361607386e-08
2.5325206820525636e-08
8.50054604484285e-09
3.010038795991932e-08
5.350603515807961e-08
4.482073023837074e-08
5.253203738675438e-08
2.5430418659766474e-08
36.20138931274414
34.4145393371582
38.50649642944336
44.787864685058594
24.847673416137695
5.571209982235814e-08
3.482269406163141e-08
5.268178426831582e-08
3.091734424032211e-09
1.078678391053245e-08
1.0994557264609739e-08
1.2143956951149448e-08
3.620762356604246e-08
1.8938996149131526e-08
1.6205255803924956e-08
5.5890506445166466e-08
3.920941082924401e-08
5.119870749581423e-08
4.7831100857820275e-08
5.813630821194238e-08
4.054103541761833e-08
3.4727815290125363e-08
2.3710748919825164e-08
1.655636516773029e-08
5.770163014062746e-08
6.002352392897592e-08
5.660108826077703e-08
1.4045797414041772e-08
3.998644260150286e-08
9.205095352626813e-09
6.490747495035976e-09
4.421363186679628e-08
2.5946752302274945e-08
1.8902509779650245e-08
3.471894061135572e-08
4.332448710897552e-08
1.8783865129989863e-08
1.0948612683137071e-08
7.739838103759666e-09
2.4957817146287198e-08
4.8183405709778526e-08
4.7203901232251155e-08
6.252912632120911e-10
4.406001252732494e-08
1.1587112602740035e-08
