1.2945727156932207e-08
1.327042564724934e-08
1.442488795078134e-09
1.0229467939382175e-08
3.1959261903580227e-09
7.828093728790009e-09
1.629235590883127e-08
6.972087351897471e-09
5.264778835112338e-09
2.96252689047094e-09
1.0153250684652448e-08
1.543256367142476e-08
1.0631470814814747e-08
1.6739722497050025e-08
1.1819028422621614e-08
9.469346196055994e-09
1.7557432840931142e-08
1.504251834205661e-08
1.383900638529667e-08
1.0569496389223332e-08
1.132564153571991e-09
1.0684929385718078e-08
5.272720926541297e-09
6.388880091634519e-09
1.586158226984935e-08
1.4163234141051362e-08
6.655405115907342e-09
1.762235868341122e-08
1.054740472739013e-08
5.3576134639854445e-09
1.1528888954615013e-08
4.848953238933973e-09
7.728373496718177e-09
5.905806510497769e-09
4.573359468906801e-09
5.761830124129119e-09
9.919325805185508e-09
4.868818126446683e-10
1.7351307946000816e-08
1.1421006362866137e-09
4.073592130282577e-09
1.640460922658349e-08
6.2796638999884635e-09
1.1495865592792143e-08
8.560030906323846e-09
1.4623909194710905e-08
1.4893282163086496e-08
1.5020310328850428e-08
8.714629018413689e-09
7.4196844224161396e-09
1.3213951710611127e-08
1.0312847464888364e-08
1.2856077979961356e-08
1.3247462682386413e-08
8.399212880760842e-09
1.365134849606875e-08
1.027568607980811e-08
5.243965262025085e-09
1.1644567976532016e-08
9.546747392619181e-09
7.588170980454834e-09
9.359049535362374e-09
1.3868710624365121e-08
3.4098976975371897e-09
1.5461539604189056e-08
0.0004405227955430746
0.0005070680053904653
0.0004648602625820786
1.5534128650074308e-08
3.0039803981781006
4.373987674713135
4.432214260101318
3.3708673186083615e-08
4.572577694261781e-08
2.9346075791636395e-08
4.5465718301329616e-08
4.342800252743473e-08
3.9089936620939625e-08
9.555775726255433e-09
1.566687046761217e-08
3.7074858738606054e-09
7.368935239782104e-09
7.209141728026225e-09
1.027124696406645e-08
1.2193276610616977e-08
8.971549725345085e-09
1.1106033426244721e-08
1.6606289676701635e-08
1.02222870168589e-08
1.2795799975151567e-08
1.5668260022749791e-09
0.006733160000294447
0.0060063921846449375
0.09370312839746475
35.3104248046875
42.901878356933594
25.99345588684082
8.334041595458984
16.45017433166504
17.659000396728516
35.07475662231445
42.479209899902344
2.769813299179077
1.7487053582954104e-07
6.610379443827696e-08
8.280937180416004e-08
2.987518854524751e-08
6.080907777317179e-09
1.4583159568815063e-08
1.455239484471349e-08
1.0919571913348136e-08
3.4629572542854703e-09
1.4524617952815788e-08
1.5558326182940618e-08
7.49825890267175e-09
0.01213812455534935
0.5307964086532593
0.5819615125656128
0.9254063963890076
15.461353302001953
399.62542724609375
1236.27294921875
2451.177490234375
5219.82568359375
6837.52587890625
8430.63671875
7997.97998046875
7104.79150390625
5264.97705078125
3761.81689453125
1687.4486083984375
149.98800659179688
38.77743911743164
2.9284257888793945
2.9346187147893943e-05
9.332683112006634e-05
9.45410065469332e-05
1.9556313418434e-05
2.164687096239959e-09
1.6696962035211982e-08
5.692404769774839e-09
2.832439144340171e-11
1.3180344815566514e-08
102.94819641113281
95.30074310302734
88.96754455566406
203.14979553222656
920.8287353515625
2422.137451171875
6095.09619140625
11115.9130859375
19123.798828125
25079.421875
27416.4296875
28926.58203125
26091.427734375
21118.583984375
15982.9501953125
7486.52734375
3591.933349609375
632.9400634765625
545.9024658203125
716.0928344726562
269.326904296875
0.00015952847024891526
9.140339534496889e-05
1.3893007633214438e-08
2.310029945107317e-09
4.165318437387988e-11
1.2178739794421745e-08
0.0
40.498477935791016
78.08460998535156
307.54388427734375
798.4302978515625
2626.41162109375
6059.45166015625
12506.078125
22003.962890625
31189.31640625
35410.2734375
36034.59765625
35856.85546875
33849.33984375
31786.599609375
24722.896484375
15910.263671875
9166.1201171875
2980.531494140625
1802.0537109375
1000.1747436523438
403.89678955078125
0.0
2.5820583005042863e-07
3.5805420850465453e-09
2.3502673140995967e-09
1.3536559428928285e-08
1.7221612580442525e-08
2.2332274056680035e-06
0.048260319977998734
103.6632308959961
309.25469970703125
1728.46240234375
5005.27880859375
9434.197265625
17797.3203125
27813.8671875
35395.17578125
35410.41015625
35602.4453125
33392.51171875
30882.103515625
33107.55859375
27597.16015625
21688.927734375
12882.591796875
7165.8447265625
3642.621826171875
1379.4390869140625
696.4258422851562
96.068603515625
154.26211547851562
5.96410814068804e-07
1.7287371534280283e-08
4.83841677834107e-09
5.612207587546436e-09
1.0517897663930853e-08
1.5963232517242432
129.1014404296875
308.0140380859375
2597.20361328125
5531.9619140625
10711.9140625
18119.720703125
28115.857421875
33026.36328125
28374.1328125
22423.107421875
21912.658203125
25185.33203125
29924.18359375
28639.90234375
25011.197265625
16128.205078125
8286.53125
4220.6640625
2482.1826171875
1747.017578125
398.5099792480469
369.2896728515625
5.7548481535718565e-09
1.7493887227715277e-08
1.5671322017851708e-08
2.9067337425914275e-09
1.271866523211429e-08
2.561100959777832
199.85137939453125
539.5026245117188
1434.6802978515625
4620.82421875
10215.9140625
17800.216796875
24826.564453125
29996.611328125
24446.849609375
17966.060546875
16423.79296875
21492.669921875
29465.681640625
30314.662109375
24185.82421875
14513.6318359375
7939.32373046875
3829.9697265625
2246.5498046875
848.1754150390625
481.94439697265625
247.07090759277344
1.7871373270139657e-09
3.7252092521811164e-09
1.720264464211141e-08
1.4149035720834036e-08
1.3078860661153158e-08
2.4185023307800293
188.50790405273438
369.375244140625
1510.665283203125
3554.159912109375
7109.58642578125
14803.6689453125
21646.015625
27023.189453125
23097.09765625
18226.685546875
18732.974609375
25132.86328125
29485.470703125
29484.189453125
20796.20703125
11008.93359375
4446.34423828125
2457.364013671875
1153.921875
856.8572387695312
277.0115051269531
196.69302368164062
75.72010040283203
5.140522674196291e-09
1.1842534064498977e-08
1.6877722330832512e-08
1.2897211298934508e-08
0.02438097447156906
118.79174041748047
573.33740234375
1133.0440673828125
1667.72412109375
5049.109375
9364.3740234375
18018.115234375
24762.517578125
27293.94140625
25889.01171875
26499.568359375
30908.46484375
32282.513671875
26566.8515625
14981.765625
7686.517578125
3505.391357421875
2395.79833984375
1056.1693115234375
733.960693359375
197.7581787109375
231.1497802734375
169.73965454101562
1.4258059621852226e-08
1.247517200653192e-08
1.3070834192774328e-08
4.861506308628805e-09
0.00012163702194811776
1.087192416191101
177.59286499023438
884.2952880859375
1207.5343017578125
2436.66650390625
6306.8662109375
14468.6298828125
24197.283203125
31794.25390625
33685.66015625
34945.3125
35014.296875
31083.939453125
20061.1328125
11121.2470703125
5197.09423828125
2710.69140625
1615.080322265625
895.1362915039062
300.61505126953125
310.5910949707031
233.23414611816406
155.63221740722656
9.342762119501913e-09
1.3953063593419301e-08
2.4674140508551545e-09
6.928154938634634e-09
4.133612310397439e-05
0.001497664605267346
4.061594009399414
137.02574157714844
506.44598388671875
1706.2640380859375
4580.31103515625
11952.4873046875
21577.052734375
32745.6953125
39051.74609375
38562.578125
36031.66796875
27509.59765625
14458.443359375
7755.4306640625
3939.520263671875
1693.384521484375
983.6310424804688
134.86758422851562
160.55235290527344
0.020068950951099396
0.1893610805273056
6.602727697924138e-09
5.2172415693219065e-11
3.6249387935782806e-09
2.45301778889484e-09
4.87709961305427e-09
1.091226877747431e-07
5.88930082321167
31.621902465820312
38.13383483886719
456.93505859375
1079.3699951171875
3354.293212890625
9821.134765625
20798.3984375
31374.68359375
38022.7109375
38541.20703125
36059.14453125
27672.0625
15631.4609375
6694.853515625
3010.1728515625
1210.0958251953125
455.0229797363281
10.378246307373047
10.786384582519531
0.8575009703636169
0.26001545786857605
4.154577126769254e-09
2.8260007667313403e-09
1.7302886234915604e-08
2.5008355386546555e-09
1.7530345175487128e-08
3.4003906357327196e-09
8.76585578918457
29.81876564025879
54.556922912597656
360.1861267089844
1077.53125
3534.182373046875
10442.1796875
22457.3515625
32122.798828125
36821.8359375
37401.234375
36508.26953125
30646.115234375
19230.986328125
9585.1806640625
3754.46630859375
1344.000244140625
35.73219680786133
14.224237442016602
11.053488731384277
14.175093650817871
0.603935956954956
1.8224033837554998e-08
1.666900395491666e-08
8.795944417272494e-09
8.036875165373658e-09
1.690077056082373e-08
2.7954878412117523e-09
2.477909803390503
11.495279312133789
37.71275329589844
356.0973815917969
1455.315673828125
5571.498046875
12884.76171875
22301.6640625
28534.361328125
30446.61328125
30600.859375
34738.30078125
32540.576171875
26091.142578125
13258.8447265625
5004.853515625
1373.156005859375
212.97430419921875
71.99402618408203
14.343372344970703
8.574685096740723
0.10754932463169098
0.0058531444519758224
2.2453713555137256e-08
1.2274882443819024e-08
1.2633607937573288e-08
4.166211819978116e-09
9.958539548549084e-10
0.0009204713278450072
0.0
189.51861572265625
356.422119140625
2003.3131103515625
8104.48486328125
13802.7900390625
21874.8359375
25725.12109375
23183.5
23924.4140625
29208.005859375
34312.015625
30736.134765625
17634.443359375
8725.4453125
2253.016845703125
607.52392578125
87.48043060302734
23.48732566833496
3.330381155014038
0.028379308059811592
0.008167276158928871
2.1223462098873824e-08
7.928631085007964e-09
1.3211347571484566e-08
1.3180526003964133e-08
1.1021158430324363e-09
0.0016666253795847297
111.13140869140625
248.82949829101562
349.7307434082031
3235.1640625
9966.169921875
14734.3359375
21258.486328125
21503.90234375
16832.3984375
16011.47265625
24553.03125
32654.787109375
33216.68359375
21837.669921875
10767.3037109375
3015.394287109375
1564.5792236328125
545.8805541992188
23.17646598815918
2.6399168968200684
0.03687889501452446
0.0008666437352076173
4.246226037452061e-09
2.7264441815333385e-09
3.759449196394371e-09
1.2003962268636315e-09
2.0271409084671177e-07
0.0011658344883471727
189.30221557617188
255.71261596679688
533.0796508789062
4422.5205078125
9931.49609375
16610.533203125
21384.21875
19021.267578125
15100.3310546875
13865.24609375
21749.7265625
31675.4609375
35227.6171875
22889.076171875
12034.8603515625
4024.432373046875
1809.652587890625
567.5675048828125
150.34127807617188
81.12255859375
100.51138305664062
8.359539727109677e-09
6.294945675833219e-10
1.1392809362575917e-08
1.2390607651013852e-08
4.229059769045307e-09
2.4310702428920195e-07
0.0
242.79995727539062
280.2703857421875
1398.615478515625
4281.18701171875
10620.1923828125
18643.7109375
20370.427734375
18870.2734375
16161.5712890625
17121.529296875
23194.197265625
32847.33203125
34687.34765625
23909.287109375
12060.06640625
4054.451171875
1709.1922607421875
696.0143432617188
190.62744140625
167.32272338867188
0.43213391304016113
0.04183584079146385
1.2437318730462721e-08
3.0361395619848963e-09
1.4393604530482662e-08
1.1020842904940764e-08
1.248852612434348e-07
3.687332537083421e-07
209.1410675048828
426.52093505859375
1207.3839111328125
4441.10107421875
11457.755859375
18879.314453125
23181.177734375
24418.75390625
24265.2109375
25500.54296875
29109.744140625
36073.6953125
33996.54296875
20997.515625
10705.6171875
4007.152099609375
1724.295166015625
611.63623046875
166.8849334716797
52.309486389160156
1.0966178178787231
0.06326577812433243
2.437044788194953e-09
6.025425491884562e-09
1.1963115831292725e-08
1.1708210934102681e-07
1.079951772453569e-07
4.912509439236601e-07
83.5309066772461
569.81005859375
1778.9222412109375
4278.11328125
9901.7734375
17197.41796875
24785.36328125
29664.84375
31183.978515625
33929.8671875
35846.5625
33414.32421875
29031.134765625
16224.279296875
8179.6865234375
2850.03662109375
1471.582763671875
545.502197265625
74.07868194580078
60.66767120361328
1.2292745113372803
1.2884108002708672e-08
1.6897089949452493e-08
1.693456219697964e-08
1.517277503637615e-08
1.201974271225481e-07
1.0952106777040171e-07
1.3350613414786494e-07
15.732059478759766
377.96124267578125
1502.6639404296875
3796.459228515625
8780.42578125
14583.3408203125
22065.111328125
30558.0703125
33742.0390625
35873.4765625
33516.27734375
28718.712890625
18596.33203125
11326.03125
4256.57763671875
1634.9373779296875
1026.6988525390625
327.9100646972656
13.303412437438965
1.4134150743484497
0.7722378373146057
1.587917530798677e-08
1.185315756657701e-08
5.877800912656994e-09
1.1762357310374227e-08
1.7055064915894036e-08
3.7085969850636502e-09
1.497889812185349e-08
245.0322723388672
415.2630615234375
950.097412109375
2626.88818359375
4656.69970703125
7624.2744140625
12414.474609375
16923.73046875
20516.541015625
19944.859375
17012.515625
12254.287109375
7531.369140625
2584.84130859375
1236.7777099609375
216.74143981933594
33.04976272583008
1.0079652070999146
1.7068586349487305
0.7639610767364502
0.9791653752326965
1.1264298827029506e-08
6.4263812049603075e-09
5.530580438062316e-09
1.2749169719938891e-08
1.6491188858935857e-08
1.610119371164842e-09
1.6067858155111026e-08
7.569233240189988e-09
4.189565970591502e-06
208.0557098388672
668.6401977539062
683.4539184570312
1001.2279663085938
1423.8575439453125
2096.27490234375
2953.06396484375
2767.790283203125
2988.837158203125
1458.7882080078125
327.28656005859375
40.41909408569336
17.861730575561523
3.576355218887329
0.20916712284088135
0.19743920862674713
3.0401224648812786e-06
5.928596502613459e-10
8.325594436087158e-09
7.145451452750251e-10
4.845312151502412e-09
1.3733647996616583e-08
4.069220960190023e-09
8.5910292213498e-09
6.1836709086549035e-09
8.926417383037233e-10
7.076931041183343e-09
1.2197468812757961e-08
1.5907147599136806e-08
1.1992577597652598e-08
7.073942764890262e-09
4.964149624697711e-08
0.0006843735463917255
0.3259773850440979
1.0618585348129272
0.8603115677833557
2.5618529319763184
6.144980430603027
2.085249900817871
0.00010464137449162081
0.1562555730342865
0.13312554359436035
0.17476661503314972
0.2035907655954361
1.2520267489435355e-08
1.3807245347052799e-09
1.4133226144963373e-08
1.4339307519151134e-08
1.8986356931094406e-10
1.1432172541958607e-08
6.718933853733233e-09
1.7334595980855738e-08
1.4274323056895355e-08
1.477387812087727e-08
1.8577590576995817e-09
7.793504508413207e-09
2.1759587465197683e-09
1.3349570338050398e-08
8.103205217935283e-09
7.89212339924461e-09
1.6400028002294675e-08
4.752379823003139e-09
1.4525384228747384e-09
1.1956120538059167e-08
1.322442599871465e-08
3.115473212744746e-09
1.2852712227839902e-09
6.5172440777416796e-09
8.086161962239657e-09
1.0597653421484665e-08
1.5197590741422573e-08
2.930856224381273e-09
1.288704520874262e-08
1.6914677658519395e-08
1.5492076954615186e-08
5.736195962668944e-09
1.1490133289271398e-08
