1.0829327656836085e-08
7.953026681661868e-09
6.3305689579351565e-09
2.5345887610939144e-09
3.185840258268513e-09
4.949796572617515e-09
1.4882867160892488e-09
2.9003450752185245e-09
2.203214721774316e-09
8.028122167047513e-09
2.964212653111531e-09
1.0237792835710025e-08
5.11617903597994e-09
9.404573120264104e-09
4.735179359727226e-09
6.0055880268805595e-09
5.682198711554065e-09
8.468671097716651e-09
6.64181643017514e-09
8.163349995982117e-09
1.6283044912412947e-09
1.4983523310974078e-09
5.385000001467688e-09
9.230564090856319e-10
1.409984240474671e-09
1.080538414299781e-08
9.031615455512565e-09
3.516495983291179e-09
7.09066694248861e-10
1.0321828725068372e-08
5.235825550897744e-09
2.2508368502371923e-09
8.124050876467948e-10
3.4762943634802923e-09
7.0978667388033045e-09
3.5071947568354744e-09
4.3917602887688645e-09
1.0963057128776654e-09
8.05084798827238e-09
4.620373861285998e-09
1.130705928886755e-08
1.0666943994763756e-09
7.1470096507653125e-09
8.69474980902396e-09
1.0517465121040459e-08
8.39723668377701e-09
6.547818287572227e-09
9.44116340662049e-09
2.001003807095003e-09
1.1518714870817348e-08
5.088369281480709e-09
8.484478897230474e-09
7.860882611510078e-09
1.1305496094848877e-08
1.1513623832115627e-08
7.075462438166369e-09
4.604772563254755e-09
2.9872206930292577e-09
8.156007424986456e-09
2.2474329688937367e-11
4.141924581091416e-09
7.296771187270679e-09
8.814312835170313e-09
5.722162743637682e-10
7.258928569342515e-09
4.545371190545211e-09
9.509834697496444e-09
9.784399956913603e-09
1.2781997682509427e-08
7.071079277665149e-09
1.1708340075244905e-08
8.423785224920266e-09
8.522153649437314e-09
1.062714094501871e-08
6.341721814351331e-09
1.0984700260507907e-08
1.183005515770219e-08
3.2944644789978383e-09
8.053854805289973e-11
1.199369847881826e-08
1.213391165322264e-08
1.065773336250686e-08
5.2166866382208354e-09
1.696096929570956e-09
1.133717741907958e-08
1.6632231147895027e-09
6.587546064196204e-09
8.11453038096488e-09
5.7774616202266316e-09
7.75238717665161e-09
4.670431152931087e-09
1.3378825824972296e-09
7.681290270511454e-09
1.2223185130721959e-08
9.59636103914363e-09
3.5125491404386366e-09
6.008367137155801e-09
7.611888008796086e-09
8.998074507715614e-11
59.25392532348633
125.44060516357422
107.96773529052734
92.92865753173828
1.937594806822318e-10
9.317609794834425e-09
5.387858603711493e-09
1.0492489099789282e-09
3.7131988595007215e-09
1.1924973897237123e-08
8.836595899452959e-10
3.4570886153773017e-09
9.420808133597802e-09
1.0618996348910059e-08
4.653496255002665e-09
8.874872392539146e-09
4.853495827461529e-09
4.213732918145752e-09
9.488248409184052e-09
4.8713548750356495e-09
9.075047380235901e-09
4.86646678510283e-09
14.217791557312012
73.213623046875
77.15760803222656
42.71261978149414
2.487704442444283e-08
39.686344146728516
95.25472259521484
119.32275390625
138.63328552246094
72.37290954589844
1.6899388555202677e-08
6.358243265225383e-09
124.81181335449219
76.58600616455078
1.0886526347064773e-08
4.268558839726211e-09
1.7720490630424024e-09
6.169497357433329e-09
2.044489910701941e-09
7.494671550034582e-09
2.098596629807048e-09
7.650129418834695e-09
1.1118213016914069e-08
2.9947657687046103e-09
0.011972622014582157
138.79095458984375
100.58021545410156
110.17484283447266
98.77637481689453
253.8688201904297
463.1880187988281
642.8569946289062
808.7951049804688
922.5601806640625
629.9860229492188
537.8675537109375
132.9917449951172
78.90306854248047
7.5654215812683105
0.011171149089932442
118.18112182617188
114.2529067993164
5.0780966098784575e-09
1.0328966126849082e-08
9.230296527107384e-09
1.022113238491329e-08
1.1093079343993395e-08
1.0378577108838272e-08
6.986064615688292e-09
223.3604278564453
386.1045227050781
0.6742677688598633
364.12371826171875
936.478271484375
3350.152587890625
4140.677734375
5311.2587890625
6387.5166015625
7900.86572265625
9907.4384765625
11357.1279296875
12260.548828125
12524.626953125
10415.90234375
12398.302734375
10534.953125
6282.48291015625
3817.46923828125
1380.8267822265625
295.3467102050781
54.60853958129883
3.293541794846533e-08
1.981562824937555e-08
3.104896961758641e-08
1.0026133701046547e-08
9.919062904373277e-09
1.7632671989176174e-09
514.6411743164062
379.8265380859375
885.2442626953125
2194.680419921875
5879.09619140625
11395.671875
15939.521484375
18232.07421875
23805.154296875
25586.490234375
29476.5703125
31607.099609375
32528.611328125
34627.7734375
34544.73828125
35942.359375
34074.26953125
27660.4453125
17347.263671875
8548.2216796875
2502.0263671875
386.5125427246094
2.1296653747558594
0.4649800658226013
9.346616991479095e-08
5.5677848997959245e-09
7.960651693394993e-09
4.20811074874905e-09
264.6943054199219
730.8355712890625
1200.1141357421875
4519.8544921875
9380.6669921875
17512.072265625
24509.9375
32549.5078125
38535.75
41606.046875
44049.2578125
42111.94921875
41432.44140625
41189.7890625
41310.33203125
42240.05078125
41727.3515625
35915.63671875
24457.869140625
12922.791015625
5211.58642578125
874.4173583984375
5.0778279304504395
2.6967756748199463
0.0009166334639303386
9.201908568456929e-09
9.08034980540151e-09
1.1624473827964721e-08
156.73846435546875
632.5280151367188
1517.3538818359375
5457.01220703125
11468.4541015625
19148.810546875
26794.880859375
35449.046875
39125.41796875
40684.87109375
37932.83203125
38090.34765625
36269.0859375
36320.10546875
38152.98046875
40809.14453125
42429.24609375
38434.2578125
23517.50390625
13699.6083984375
5451.1328125
688.5507202148438
4.088280200958252
0.0006881552981212735
7.627788178865558e-09
8.97349128337055e-09
1.5434499511801647e-10
9.395533240308396e-10
147.00027465820312
295.4656677246094
766.3405151367188
2980.278564453125
8998.9208984375
15004.6337890625
22126.44140625
27497.47265625
28204.328125
28323.75
24956.984375
22990.474609375
21217.38671875
22221.345703125
29759.919921875
37178.39453125
41575.484375
36555.59375
23111.03125
11523.6357421875
3409.157958984375
345.17791748046875
0.21619735658168793
0.0
7.245211375295213e-12
6.8022285582003406e-09
5.38694955309893e-09
0.929013192653656
90.58747863769531
170.8463134765625
694.0457763671875
2090.59033203125
6032.40966796875
10409.28515625
15547.3564453125
19218.931640625
17654.70703125
16256.2734375
11737.5576171875
7882.88232421875
8304.9208984375
12557.314453125
27025.876953125
37238.90234375
41725.3359375
32204.28125
19297.40625
6496.34130859375
2347.317138671875
240.6088104248047
1.0156025886535645
2.3318593722621017e-09
7.962696058072538e-10
8.598170175844189e-09
1.1974156777228018e-08
1.2945822192023115e-09
0.022078653797507286
95.96735382080078
371.885009765625
1540.5096435546875
3633.22216796875
7722.8193359375
10891.650390625
12577.4423828125
12000.259765625
8053.3427734375
3994.0654296875
3160.062255859375
5376.37939453125
15183.568359375
32099.826171875
42538.20703125
39690.04296875
27567.958984375
14353.208984375
4187.89697265625
947.2468872070312
225.06114196777344
1.2100926637649536
2.968536527703236e-09
0.0
4.3472319077864086e-09
2.82957057784472e-09
6.558388498945078e-09
5.613865372566806e-09
94.15216827392578
384.57666015625
740.346435546875
2410.053955078125
4957.94873046875
6914.7451171875
6688.15869140625
5924.341796875
4107.9306640625
3866.027587890625
4037.8212890625
8801.10546875
25476.0859375
38160.33203125
43398.78125
35846.7109375
19586.56640625
7153.474609375
1630.1409912109375
677.1630859375
80.13468170166016
63.09376907348633
4.067296028137207
3.326641321182251
5.176608475210287e-09
1.1158233448327337e-08
9.602220352178392e-09
7.74607666897964e-09
24.79079246520996
286.4054260253906
590.4266967773438
1622.69580078125
2899.872802734375
3287.00390625
3967.021240234375
3742.11376953125
3365.969482421875
4034.724853515625
4798.85888671875
14991.6279296875
34294.5
43097.62890625
40853.37890625
29118.42578125
13590.2861328125
3838.158447265625
1691.2242431640625
870.8455200195312
271.857177734375
201.424072265625
67.567138671875
3.748709201812744
1.899010504402554e-09
5.161411742449218e-09
1.0599079836026704e-08
6.524596418699957e-09
5.080936116286239e-09
8.864070366598753e-09
35.412940979003906
861.2874145507812
1769.4183349609375
2654.126953125
2267.902587890625
2646.124267578125
2999.25439453125
4130.58984375
8368.8798828125
25218.0234375
40661.765625
43998.81640625
37383.4765625
22722.521484375
7585.259765625
2892.3955078125
1124.8607177734375
547.084716796875
358.7742004394531
273.215087890625
0.0004917862825095654
3.447296142578125
1.918531555844538e-09
5.746226605651827e-09
1.0961811014453815e-08
4.376659035187913e-09
4.980751366900904e-09
0.0005382477538660169
0.3504943251609802
0.42138105630874634
295.4619445800781
547.5240478515625
1622.7310791015625
2463.124267578125
3127.021728515625
4829.35546875
16770.974609375
36211.046875
44002.421875
42617.3046875
29194.728515625
12635.9013671875
3918.6201171875
1541.7891845703125
595.2421875
529.3591918945312
236.8254852294922
163.68875122070312
9.6155838846812e-09
1.0540289878845215
7.43929051694181e-09
5.482077458651702e-09
1.0170430719824708e-08
3.082270438881096e-09
3.735538101068414e-09
0.0007193066994659603
0.3231200873851776
0.6701157093048096
227.24830627441406
330.6181945800781
1871.5491943359375
3069.16064453125
4412.40380859375
9015.24609375
26257.69921875
42608.1640625
43764.1484375
37099.31640625
21010.763671875
7204.11865234375
2515.623291015625
1404.2252197265625
196.15260314941406
174.35763549804688
155.23028564453125
48.600318908691406
21.05263328552246
1.145461503426759e-08
2.1506219027855877e-09
1.2321561548844784e-09
6.181299028185094e-09
2.12764672546939e-09
3.715205254550824e-09
1.3795486530909784e-08
1.0119434595108032
1.9913122653961182
106.50456237792969
408.71673583984375
1819.6820068359375
3242.2978515625
5498.1884765625
17946.384765625
36072.62890625
44562.69921875
41164.71484375
28400.8203125
12133.322265625
3239.653076171875
1511.0460205078125
1077.1165771484375
843.1895141601562
558.3347778320312
468.8168640136719
239.4862518310547
2.7770181709740882e-09
1.0475895706463234e-08
2.34985808589272e-09
1.0331037358923822e-08
28.714336395263672
9.843700965461721e-09
5.721031204330984e-09
1.2945458038871038e-08
235.33213806152344
121.16169738769531
438.1336975097656
738.79443359375
2505.4501953125
3514.888916015625
9596.580078125
25403.556640625
43103.3984375
44266.2265625
36011.6953125
16910.072265625
7176.03125
639.5067138671875
936.7153930664062
966.8626098632812
960.4894409179688
922.3212280273438
737.8360595703125
435.7671813964844
1.0008822215468172e-08
8.264272821634222e-09
1.9295403053121163e-09
1.7334342850006124e-09
0.29433175921440125
8.470931511794788e-09
65.48570251464844
151.6813507080078
152.91952514648438
126.81893157958984
679.2346801757812
1963.257568359375
3145.310302734375
6073.67626953125
16455.474609375
37010.28125
44006.921875
40230.69921875
27311.884765625
10830.6875
1587.2408447265625
864.1276245117188
861.5718383789062
790.5980224609375
465.4183349609375
602.6654052734375
483.8547668457031
361.7441101074219
40.11967468261719
9.267616896124764e-09
7.774929144943599e-09
8.849370680685809e-10
1.2258175807744465e-08
9.752458396405927e-09
97.69326782226562
119.32275390625
98.09284210205078
678.459716796875
1194.9818115234375
2471.55078125
4643.98876953125
11760.2666015625
27611.556640625
41963.54296875
42597.33984375
33249.17578125
17698.984375
4959.9990234375
1259.4307861328125
927.5239868164062
642.030517578125
500.35699462890625
102.76457977294922
374.3753356933594
2.35263729095459
46.69110107421875
34.08452224731445
2.0465917849321613e-09
9.033552572645931e-09
1.5380985374235934e-09
4.195362945935699e-10
9.990852589680799e-09
151.6813507080078
145.74118041992188
668.7700805664062
946.3914794921875
1372.7908935546875
3426.909912109375
7638.54931640625
18723.998046875
34520.25
42629.984375
39179.5625
26133.3203125
12541.466796875
2856.314208984375
1144.8841552734375
894.1336669921875
348.6705017089844
189.30938720703125
25.90229606628418
160.4077911376953
1.1872283220291138
30.73893928527832
59.803897857666016
0.0
7.2061099309905785e-09
5.4868793952778105e-09
3.1283640122836687e-09
1.0567440256181726e-08
9.622464602898617e-09
3.7617214898588713e-11
444.57818603515625
1012.0198364257812
2820.001953125
5105.55078125
10710.3056640625
24992.48828125
36413.33984375
41229.84765625
34177.51953125
17210.189453125
6950.12158203125
1972.282470703125
702.03955078125
256.52508544921875
134.04112243652344
71.34187316894531
20.25895881652832
133.76483154296875
1.9283192157745361
33.80107879638672
59.82441329956055
0.07774540781974792
1.0036125708268173e-08
5.086389975872407e-09
7.337951579700075e-09
6.535734620172207e-09
1.7065422408535369e-09
320.9059143066406
474.5360107421875
989.1827392578125
3802.98876953125
6671.53271484375
12923.4560546875
26291.859375
38542.55859375
37200.0390625
24898.34375
12362.8916015625
4535.13134765625
1047.1800537109375
408.4552307128906
195.0976104736328
80.0477066040039
45.02231979370117
8.948405265808105
155.29042053222656
7.427130699157715
6.921848773956299
0.5690088272094727
5.589366747216218e-09
8.541917395632481e-09
3.5241163320876012e-09
1.152952133764984e-08
6.596977630834999e-09
1.4572464346329639e-09
278.4033203125
601.0787353515625
1386.659423828125
4002.025146484375
7101.4541015625
14340.7490234375
25858.447265625
33040.76953125
28541.818359375
18324.109375
8206.4853515625
2124.05859375
708.6607055664062
131.23927307128906
74.450927734375
59.61346435546875
63.53511428833008
2.985269069671631
134.51971435546875
3.052067756652832
0.8921331763267517
5.54534818064667e-09
4.141141207725241e-09
2.936933807262676e-09
1.019704942706312e-08
7.733060719550267e-11
8.607059065468547e-09
1.0982709852669359e-08
3.4790229030967623e-10
163.55809020996094
192.65548706054688
1380.729248046875
3627.3779296875
8755.8447265625
13436.466796875
16855.73828125
13156.9306640625
6934.978515625
2816.57861328125
456.14599609375
237.15512084960938
1.5912513973148634e-08
3.2180277997895246e-08
2.6195522195848753e-08
3.57578358034516e-08
0.01839386112987995
3.359755806897624e-09
7.587779293771746e-10
1.0189464383358882e-08
1.9510277837753165e-09
5.5087379102758405e-09
8.713964660955753e-09
6.748381409238391e-09
1.0786790349825992e-09
3.588379593466584e-09
1.7071725144646166e-09
6.606504676653913e-09
6.482019365705582e-10
2.2439323732470484e-09
7.678210955930354e-09
3.9052703380584717
7.846449851989746
455.6361389160156
784.1656494140625
543.9190063476562
114.45166015625
85.18103790283203
30.247011184692383
9.991030225364739e-09
1.1949800260424581e-08
9.856134575159103e-09
7.49538653366244e-09
1.7460366485977374e-09
1.1721502879424861e-08
7.100940280224677e-09
1.0155432050851232e-08
4.276579534945313e-09
9.310544696328193e-11
3.222241140576898e-09
5.890326892910025e-09
