1.1511539810271643e-07
1.3210014060405229e-07
1.2267685178812826e-07
2.2217403028435e-08
7.933815027172386e-08
7.311565752843308e-08
1.040776638205898e-07
5.195887453623982e-08
8.75572894187826e-08
9.473374973367754e-08
7.232113574673349e-08
6.876545910472487e-08
5.779397227456684e-08
3.107645696331929e-08
7.266993407029076e-08
1.0272667338995234e-07
9.977806314509508e-08
1.1571849967140224e-07
6.843367117426169e-08
9.54580414713746e-09
1.2765701740136137e-07
1.6370442779134464e-08
7.747721042505873e-08
1.365722397395075e-07
7.810860580548251e-08
3.4436096196799326e-09
6.194311907847805e-08
2.302085988503677e-08
1.1846405101323398e-07
1.1552133116765617e-07
1.2397640603012405e-07
1.261610833580562e-07
5.0999933165485345e-08
1.1503247776545322e-07
1.3337415616376802e-08
9.289222901998073e-08
3.2345194966865165e-08
5.174179662503775e-08
1.0251230975200087e-07
5.577021866542964e-08
6.120739026727051e-09
5.4450648434567483e-08
2.9352207775446004e-08
7.59151248530543e-08
6.42402966377631e-08
1.277616519246294e-07
1.7375025862520488e-08
2.1048425224989842e-08
7.3592367755281884e-09
1.2891025846784032e-07
1.0588099996766687e-07
1.3181374924897682e-07
8.785593763604993e-08
2.1187883447737477e-08
6.617719261470256e-09
1.1040830827369064e-07
3.7957505583108286e-08
6.90062904595834e-08
4.025827138320892e-08
3.7697049037888064e-08
3.858326991235117e-08
5.93866040787816e-08
6.896026150116086e-08
5.386287416087043e-09
0.0004825823416467756
41.65150451660156
175.28524780273438
259.66961669921875
615.0361328125
845.7470703125
883.942626953125
600.029541015625
547.7648315429688
273.6934509277344
137.50994873046875
4.989882640415999e-08
1.1211594141968817e-07
1.2868068210991623e-07
1.1175517045103334e-07
1.3221649908246036e-07
6.55408385341616e-08
2.3512592761676387e-08
9.753937035839044e-08
4.8969656774033865e-08
2.983150437785298e-08
3.9463277090590054e-08
8.887529645562608e-08
1.127729518657361e-07
9.164069325606761e-08
31.916427612304688
74.1158218383789
391.5247802734375
899.0601196289062
1943.3070068359375
3968.4013671875
5298.35986328125
8205.9697265625
10346.8759765625
11760.3388671875
13961.5751953125
11340.63671875
9461.830078125
6876.64453125
4342.45263671875
1167.4967041015625
55.13948440551758
2.481709771018359e-08
5.258405977315306e-08
4.214632198795698e-08
5.586304041571566e-08
4.904110539882822e-08
8.610696511368587e-08
8.394155059932018e-08
9.171333914537172e-08
6.399992713568281e-08
0.04753051698207855
0.11957910656929016
110.77972412109375
124.91188049316406
703.5182495117188
2441.5751953125
5865.94921875
8752.2080078125
15660.9248046875
20451.44140625
24326.3046875
26057.59375
26021.103515625
25806.7421875
22099.205078125
16319.1796875
11485.1865234375
7305.38427734375
1976.4959716796875
586.5715942382812
17.605777740478516
1.1545504463583711e-07
8.84420714442058e-08
6.23711393643589e-09
1.2572269270094694e-07
9.408635293084444e-08
8.041983790008089e-08
3.5826640129089355
6.19205877683271e-08
1.5515191555023193
164.98965454101562
655.2444458007812
3234.67431640625
8257.6435546875
13465.9970703125
16621.77734375
22090.6328125
26234.6640625
29180.193359375
31360.62890625
29501.830078125
28541.822265625
28817.12109375
26321.59375
18581.40625
12260.5927734375
5937.1396484375
1029.495361328125
604.3814697265625
1.1333478511232897e-07
1.1938746524720045e-07
1.1890566042893624e-07
1.0201994626868327e-07
1.1837543389958682e-08
9.430493719264632e-08
3.692997552207089e-08
3.6183223528496455e-08
5.340814113616943
482.2142028808594
2748.14892578125
8021.80517578125
11869.04296875
15102.4345703125
20443.595703125
22744.80078125
24097.671875
23760.34375
22323.890625
23280.962890625
23676.080078125
23768.828125
27084.818359375
25372.595703125
16412.67578125
8448.734375
3626.853759765625
455.1048583984375
43.86532211303711
3.201651210815726e-08
1.1496251772769028e-07
9.97354590026589e-08
3.6419400828435755e-08
2.0824094448812502e-08
1.014261385989812e-07
1.025622964334616e-07
7.843443870544434
864.0364379882812
4567.8896484375
8707.3037109375
12069.2626953125
13715.4560546875
17140.1484375
16397.8828125
18039.681640625
13690.01953125
12300.93359375
9755.40234375
12179.361328125
17815.291015625
24196.802734375
27886.017578125
22963.228515625
12695.4638671875
5764.89306640625
1298.7056884765625
60.89091873168945
1.7461309198552044e-07
4.3446078734632465e-08
5.960880145039482e-08
5.497386013075811e-08
9.842079862210085e-08
1.8242367616494448e-08
5.163001048913429e-08
34.71076583862305
967.3206787109375
2964.70556640625
6229.64501953125
8640.5419921875
9543.474609375
10757.4580078125
10379.380859375
9431.2109375
6563.74169921875
4565.9052734375
3781.001708984375
4505.71435546875
10730.171875
19458.291015625
27029.9765625
25988.017578125
16541.419921875
5603.00390625
1852.5364990234375
56.330482482910156
1.1424323531628033e-07
1.2039495800308941e-07
4.352347815483881e-08
3.9327307632675e-08
1.4596889919005207e-08
34.8092041015625
8.293423547911516e-08
99.61914825439453
1076.75439453125
2995.1904296875
4510.50390625
7059.58203125
6909.9677734375
5476.95361328125
5044.32958984375
4854.59130859375
3684.182861328125
1950.3699951171875
1180.3035888671875
2072.660400390625
5969.5185546875
16208.0634765625
26466.64453125
27754.173828125
18276.859375
7130.74072265625
1784.236328125
0.008703521452844143
5.048790896466926e-08
4.860750379975798e-08
9.736943695770606e-08
1.1654889675583036e-07
9.926225175149739e-08
1.3112382646340848e-07
6.784647865742954e-08
97.76687622070312
1012.6438598632812
2475.32177734375
3328.428466796875
4555.84130859375
3845.927734375
3264.51123046875
3536.249267578125
2024.0968017578125
1288.705322265625
1073.277099609375
633.9163818359375
1105.546630859375
5623.0634765625
15876.505859375
28990.69140625
27709.875
18118.794921875
6941.78125
2001.9691162109375
17.642024993896484
3.3543138044933585e-08
1.4919976365490584e-08
1.32875769054408e-07
1.0077712175871056e-07
9.415312973715118e-08
4.3479843725435785e-08
5.672745473361829e-08
263.06317138671875
593.232177734375
1263.5703125
1755.76904296875
2860.287841796875
2271.114501953125
3151.044189453125
2380.270263671875
1794.5228271484375
996.2869873046875
1040.933837890625
716.9573974609375
934.6952514648438
5945.99853515625
18511.416015625
29819.427734375
28765.98046875
17867.1796875
4989.31689453125
1505.2581787109375
0.0
8.76303900554376e-08
9.076873652702488e-08
9.858751326419224e-08
8.117331873336298e-08
3.4177357832732014e-08
2.5001742898211887e-08
230.3717803955078
381.92218017578125
438.00323486328125
942.7494506835938
1447.1671142578125
1666.4884033203125
1486.465087890625
1334.517822265625
1747.0179443359375
1924.4281005859375
1121.825439453125
1416.8360595703125
1566.4747314453125
2274.955322265625
9191.75
21236.85546875
29471.609375
26212.451171875
16713.609375
4813.19970703125
1723.129638671875
0.024099672213196754
5.982602147014404e-08
1.2095235035758378e-07
1.6631796384558584e-08
1.2194891496619675e-07
4.656438790107131e-09
1.298135430261027e-07
157.6755828857422
371.2264404296875
836.4544677734375
1616.2083740234375
1963.322021484375
2283.923095703125
3473.89208984375
3634.71728515625
5447.0458984375
5244.88720703125
5236.26123046875
4141.9619140625
3968.161865234375
5685.296875
12268.0810546875
25367.00390625
28935.521484375
23368.0234375
12158.4697265625
2511.515380859375
525.68505859375
273.77862548828125
119.27595520019531
1.1088310714058025e-07
1.2964039797225269e-07
6.41327559947058e-08
3.41337376141837e-08
1.1813965983265007e-07
288.7846374511719
633.8723754882812
1343.663330078125
3475.5595703125
6685.8779296875
8725.1982421875
10420.201171875
12058.7236328125
11570.69921875
12630.0791015625
12425.109375
10482.279296875
10268.6337890625
12971.55078125
21856.5703125
29558.15234375
30336.37109375
20024.978515625
7634.7080078125
2760.792724609375
494.1429748535156
561.1578979492188
544.42138671875
4.325407587657537e-08
6.811713859633528e-08
1.3587724367880583e-07
1.0694434848801393e-07
64.53453826904297
434.4111022949219
809.46923828125
4917.22216796875
9930.388671875
13997.107421875
18006.15234375
18324.6953125
19477.28515625
21461.21875
20153.7109375
19319.3359375
19149.998046875
18011.49609375
20291.53515625
26855.703125
31114.998046875
26708.98828125
16287.0810546875
6318.11279296875
1708.325439453125
1317.515869140625
979.1427612304688
594.8045043945312
9.343163043240565e-08
7.29771940655155e-08
5.758450427606476e-08
1.2092013434994442e-07
78.28190612792969
461.94903564453125
1988.7825927734375
8904.9423828125
15954.4443359375
20915.1640625
22199.390625
25399.703125
23993.447265625
22590.283203125
23300.697265625
22256.47265625
24092.03515625
24938.859375
28206.90625
30554.169921875
30724.26171875
25299.564453125
13836.0654296875
6048.5947265625
2208.34912109375
1918.924560546875
705.9877319335938
234.8739776611328
1.061695087400949e-07
1.178637774046365e-07
1.1127291088541824e-07
3.1757778629071254e-08
78.49449920654297
357.127197265625
4690.8134765625
14153.6025390625
22059.42578125
25351.767578125
24858.06640625
21836.662109375
20201.802734375
19243.40234375
20787.408203125
23662.919921875
26134.013671875
28539.166015625
29225.78515625
30516.337890625
28383.26171875
20465.232421875
13329.1455078125
9963.0693359375
5647.72021484375
3323.205810546875
1633.5970458984375
532.9022827148438
5.554455739797959e-08
6.604658486786263e-11
1.198987575889987e-07
1.1282402567758254e-07
66.95320892333984
950.2584838867188
6803.58837890625
16807.521484375
24493.083984375
25872.638671875
21749.84375
16897.04296875
15351.3876953125
17916.9609375
19953.171875
25414.51171875
27493.791015625
30174.11328125
29988.20703125
27352.0
25908.736328125
21466.244140625
17395.640625
13366.25390625
8770.873046875
4614.54443359375
1872.8551025390625
914.1722412109375
5.937414826462373e-08
7.802934476330847e-08
7.602099572068255e-08
1.2087059531040723e-07
78.92337799072266
864.9012451171875
8052.10595703125
16302.833984375
24920.59765625
26292.900390625
23624.865234375
18693.84765625
17821.029296875
19963.232421875
23432.208984375
28491.4609375
29524.6796875
30382.2265625
26597.544921875
23443.681640625
20644.3046875
20211.681640625
17197.259765625
14015.451171875
10870.5537109375
6206.96630859375
2096.562255859375
723.4448852539062
1.864327714429237e-08
5.353427212639872e-08
3.672912640695358e-08
1.783270953126248e-08
7.505569934844971
1018.2141723632812
6986.0986328125
14166.3857421875
21298.322265625
27244.861328125
27253.578125
26614.978515625
26965.25
28393.73828125
29721.779296875
29869.654296875
26786.4609375
23627.55859375
17393.98046875
14818.5400390625
15262.736328125
13820.869140625
14438.2412109375
12896.2041015625
10865.08984375
5562.5791015625
2528.410888671875
321.4198303222656
2.4053136371549044e-08
3.3394869092262525e-08
4.798150854412597e-08
7.3556928634643555
5.397599697113037
571.3992919921875
4852.97509765625
9853.1875
19075.35546875
23892.953125
28591.201171875
30229.427734375
29333.189453125
28737.0703125
26349.3671875
21969.4921875
17621.275390625
11914.6572265625
8470.904296875
8013.04931640625
8653.1513671875
9427.6083984375
10160.4560546875
8423.142578125
6822.05859375
4541.4599609375
1665.5372314453125
13.239277839660645
7.404463531202055e-08
9.584129401218888e-08
1.1676186773001973e-07
3.816576921167325e-08
9.157812286275657e-08
106.133544921875
2510.69140625
5503.1494140625
11313.4267578125
16177.171875
21582.95703125
23581.365234375
22232.93359375
20802.701171875
13889.5615234375
8943.474609375
4552.423828125
3708.27587890625
3608.273681640625
4612.2021484375
4864.53564453125
5137.9375
6383.3955078125
5389.22705078125
3919.461181640625
3148.27978515625
947.8541259765625
0.0
1.1517595766008526e-07
5.604460540098444e-08
4.1130014949430915e-08
4.693270128086624e-08
1.952151507111921e-08
20.80362319946289
77.62496948242188
1449.984619140625
2964.07373046875
5991.83935546875
6895.9150390625
6345.4140625
5808.63623046875
3780.794921875
2720.703125
1180.57861328125
511.3417663574219
175.26580810546875
439.0509033203125
533.608154296875
1551.79833984375
2524.0322265625
3317.18505859375
3076.045654296875
1504.0538330078125
940.7571411132812
83.20244598388672
1.8969803932122886e-05
1.1382275744153958e-07
8.113730842751465e-08
1.4129215131220008e-08
9.285169966233298e-08
16.28002166748047
33.20418930053711
27.059743881225586
37.074893951416016
728.3087768554688
691.6315307617188
890.738037109375
856.33154296875
211.59652709960938
152.74716186523438
76.7020263671875
0.03659410402178764
0.005587483290582895
0.007407940458506346
0.005485936067998409
0.006699205841869116
237.86134338378906
390.6850891113281
370.4686279296875
54.00648498535156
57.25122833251953
0.9603054523468018
1.2968034468485712e-07
8.524193617631681e-08
7.977958205174218e-08
9.078839724452337e-08
1.127627626829053e-07
1.0468365729821016e-07
4.3578115338505086e-08
5.2876192313533465e-08
7.640703358902101e-08
8.979871779501991e-08
1.035410406302617e-07
13.96080207824707
32.256805419921875
27.875038146972656
14.658638000488281
0.0
4.46087057071054e-07
4.417291847857996e-07
3.83166110395905e-07
3.1966800406735274e-07
2.524617173094157e-07
5.648618284226359e-08
1.3389102093697147e-07
2.725475383158482e-07
1.8236438847907266e-07
1.4758867905584339e-07
5.9394380969024496e-08
1.0864682309374984e-07
1.29789427205651e-07
3.989622143762972e-08
2.9342222873651735e-08
8.968306275392024e-08
1.0374567693816061e-07
1.1265498045531785e-07
1.2082379896583006e-07
4.829644240089692e-08
9.095647612866742e-08
3.8934793167300086e-08
1.0816740569907779e-07
9.42730835618022e-08
5.6202956955075933e-08
1.0327429578183e-07
1.276193586363661e-07
3.254622171766641e-08
3.549958549342591e-08
2.0140650036637453e-08
2.2194996951441226e-09
5.135793657018439e-08
1.2478022881623474e-07
1.559179452215176e-08
5.423720850217251e-08
1.1416058098845383e-09
1.2546412619940384e-07
1.211184752492045e-07
1.0892025414932505e-07
1.113230254645714e-07
2.6740041292327987e-09
8.672658680097811e-08
2.604983784237902e-08
8.609583801444387e-08
9.264796574370848e-08
9.843414972010578e-08
4.2880373030129704e-08
3.89190457639188e-09
1.0313613074686145e-07
4.110680507096731e-08
1.3024276768192067e-07
3.250873703564139e-08
1.8432938730938986e-08
5.6130708969703846e-08
1.29423625594427e-07
9.627390085142906e-08
5.0932758455246585e-08
1.3060311232493405e-07
8.96990073329107e-08
1.4545298299140086e-08
1.1816099743100494e-07
6.868486934763496e-08
8.811900187311039e-08
5.531352442744719e-08
3.088816669105654e-08
3.189353492416558e-08
1.2493975631855392e-08
7.788705680411567e-09
8.664995476692638e-08
1.2431574702986836e-07
2.5482652432629038e-08
1.1042958902862665e-07
