3.0050877342091553e-09
1.2578020402997936e-08
4.47198011954697e-09
8.949733176777386e-10
8.865962186632714e-09
1.3460859094038824e-08
1.3127619880037855e-08
3.5306400025802986e-09
7.710784011294436e-09
3.179635721384244e-10
6.912725059038394e-09
8.97917828979189e-09
4.704486133988439e-09
5.69486147128373e-09
4.584100210536235e-09
6.172066857601521e-09
2.336890403409342e-10
1.2330834131546453e-08
3.2201985522561927e-10
8.686137142888128e-09
3.956984517827777e-09
8.315408805970037e-09
6.174949440662658e-10
8.958924269109048e-09
7.79156916763668e-09
1.2202965748997485e-08
8.275520713141304e-09
9.8893169209191e-09
6.222240500619591e-09
1.00586738938091e-08
3.803808379387874e-09
8.783099580966791e-09
1.1687246725955447e-08
5.996390495255355e-09
9.276814871839179e-09
5.357453369825294e-10
4.06863875923591e-09
1.1345663963879815e-08
1.2811493199649249e-08
9.990356097944186e-09
7.661026479865995e-09
1.2060586307427457e-08
1.275059435812409e-08
1.633790525090717e-08
1.005885330584988e-08
1.2064979237891293e-08
2.2109222896915526e-08
1.1700808322245848e-08
2.6058799562633794e-09
1.3000740928248433e-08
5.147116621806447e-10
5.39373079533334e-09
6.6622227734569606e-09
2.1736474842271036e-09
8.602819789871319e-09
6.750964676172089e-09
1.1212609507538218e-08
7.128162948788486e-09
1.4382058044493107e-11
1.0753440804478487e-08
7.853044436956225e-09
3.540942650204215e-09
2.1127370075646468e-08
2.320443570624775e-08
1.8125186684869732e-08
9.330479144864512e-08
1.210688367336843e-07
1.6614102094081318e-07
1.1609984795768469e-07
1.0488250268281263e-07
5.802922142805755e-09
20.870569229125977
21.620939254760742
10.171643257141113
1.767393165152953e-08
9.988139204608615e-10
7.996217021855045e-09
2.8765345660985986e-09
9.291955649359807e-09
2.2792072673638586e-09
7.574787019848372e-09
9.673832401801974e-09
7.4355837043071915e-09
1.7305553656754569e-09
7.1911614440978155e-09
5.441619155277522e-09
9.593952299269404e-09
5.207920317218395e-09
1.430270225172281e-11
1.2990447828542528e-08
2.1537763572609947e-08
1.7804648422270475e-08
67.76543426513672
121.40357208251953
8.508975982666016
4.9095377922058105
5.7142720222473145
29.936838150024414
32.99977111816406
247.99948120117188
318.5626525878906
159.4144744873047
273.2862548828125
154.36874389648438
0.001645831041969359
1.2084702127879154e-08
1.2296552220902868e-08
9.026116742916201e-09
1.0309622489046433e-08
2.6919231288502488e-09
1.2037217445026727e-08
7.269080337657385e-10
6.436120081332319e-09
6.571744481931319e-09
3.020753869265036e-09
5.461613383772601e-09
4.229616656914459e-09
1.5559073686599731
190.31585693359375
613.70458984375
847.9505004882812
1515.7376708984375
1214.5167236328125
675.4221801757812
545.2052612304688
185.86354064941406
223.38441467285156
486.73291015625
841.7648315429688
1934.42529296875
2422.593505859375
1839.5706787109375
1516.031005859375
493.4794921875
98.5997543334961
0.683559775352478
0.0
1.570753249691137e-10
3.3295211032680072e-09
2.188497161270675e-09
5.2518789317446135e-09
1.358162649012229e-08
1.0297559249750066e-08
1.3428432588113992e-08
137.11325073242188
1221.246337890625
2186.34033203125
4113.98193359375
4364.21630859375
6088.1875
4865.638671875
2740.417724609375
1906.7161865234375
1563.1146240234375
1357.2691650390625
3034.358154296875
5257.41064453125
9936.1337890625
10530.5166015625
8342.4853515625
4596.6337890625
2135.99560546875
623.531982421875
0.455680251121521
1.7406451391366318e-08
8.782615523728055e-09
2.5713149387485146e-09
2.1429846785991913e-09
8.99416363608907e-09
1.0203996758662015e-08
7.313277539111596e-09
27.789487838745117
776.0667114257812
2202.733154296875
4242.4736328125
9065.83203125
11229.486328125
12700.078125
11848.4560546875
9778.52734375
7375.91162109375
6672.5185546875
6418.8330078125
8034.96337890625
11199.93359375
15144.2080078125
16986.490234375
13282.220703125
6986.45947265625
3225.532958984375
751.7183227539062
149.7445831298828
0.0051675233989953995
1.0770752290056862e-08
4.5786756608379164e-09
3.467010234459167e-09
7.098872156774405e-09
6.37848218687509e-09
1.5874922709713246e-08
119.51173400878906
1301.4693603515625
3543.977783203125
7641.3974609375
14891.5322265625
21218.25390625
20941.767578125
18015.583984375
13588.4814453125
10134.189453125
10345.3662109375
10618.3974609375
12603.294921875
16411.73046875
20804.501953125
22028.630859375
18537.28125
9022.6162109375
2744.9716796875
1391.57470703125
528.7697143554688
197.1352081298828
2.0908847986333967e-09
5.655131363191401e-10
9.047279370122396e-09
1.2709142627187475e-09
0.4652499258518219
0.26569443941116333
290.1881408691406
2067.6455078125
4582.3125
11079.1552734375
21423.26953125
25901.328125
26251.912109375
19146.287109375
14321.234375
11396.615234375
11016.1044921875
11109.697265625
13855.904296875
16940.9609375
24460.033203125
28405.56640625
21701.73828125
12367.2939453125
4853.541015625
2012.9337158203125
318.7661437988281
279.7337341308594
8.825995934103048e-09
2.2138313404695964e-09
8.441560228611422e-10
9.124292432716175e-09
0.300012469291687
0.5328922867774963
402.9911193847656
2097.77978515625
6011.109375
17476.365234375
27553.171875
30025.533203125
26179.791015625
15973.4677734375
10479.83984375
6962.72705078125
7952.2294921875
7986.86962890625
10272.5859375
16155.5703125
25877.212890625
31156.6015625
26544.578125
14834.0927734375
5081.5908203125
2027.078125
15.16688060760498
0.06296297907829285
6.32199848027426e-09
3.9261514039878875e-09
3.6991574248190773e-09
9.9106420847761e-09
0.4134535491466522
0.41435208916664124
726.9791259765625
3113.82421875
9003.3564453125
20690.345703125
30016.64453125
31150.576171875
22952.65234375
12171.9423828125
6270.59033203125
4890.8447265625
4091.474853515625
4658.189453125
6607.392578125
13427.732421875
26279.310546875
32355.546875
28618.34375
17362.51171875
6561.5390625
2226.36328125
17.323640823364258
0.0
3.041600166397984e-06
9.260852529280328e-09
3.580139962267026e-09
1.371718960641033e-09
0.35850343108177185
258.150146484375
1050.920654296875
4342.7802734375
11296.310546875
25967.298828125
31203.5546875
30728.4609375
19804.8046875
8386.61328125
4114.7490234375
3779.914794921875
3046.41015625
3327.5439453125
5402.92724609375
13461.3671875
27550.0390625
33026.00390625
29779.267578125
18132.619140625
7069.13720703125
1678.8272705078125
71.0140609741211
0.00020290250540710986
1.1190291843377054e-05
7.49047224246624e-09
4.5734258047325227e-10
3.0300282283235447e-09
170.48167419433594
251.56448364257812
1661.32470703125
5713.4765625
14277.099609375
27799.5234375
32615.9296875
30089.361328125
16921.83984375
8721.9970703125
5269.94287109375
4761.8671875
4798.03564453125
6521.90087890625
9039.5224609375
15112.318359375
29160.55859375
33807.50390625
30303.80078125
19595.361328125
9089.3603515625
1915.2344970703125
390.31634521484375
386.3246765136719
1.1043014502831738e-08
9.045494131498799e-09
1.5670450492777377e-09
8.872305556906213e-09
263.23065185546875
255.217529296875
1815.7978515625
6336.888671875
17270.05859375
28547.638671875
31120.59765625
28881.060546875
20786.298828125
13834.330078125
11496.65625
9932.0322265625
10399.7236328125
13560.61328125
14297.244140625
20867.638671875
31491.8359375
36324.64453125
30541.494140625
19096.609375
10738.3076171875
3911.13232421875
1061.0382080078125
434.5096130371094
3.443545892878319e-09
1.1233081131933886e-09
3.2027276386514814e-09
1.1396846133493455e-08
111.66252899169922
204.6429901123047
2297.17578125
7720.5537109375
17899.470703125
27636.296875
32380.451171875
30422.423828125
24534.810546875
21250.1484375
19467.162109375
19592.060546875
21016.541015625
22554.814453125
24120.40234375
28747.447265625
32604.9296875
35493.94921875
31046.92578125
21438.74609375
12913.6787109375
5913.6455078125
2118.278564453125
597.7332153320312
5.645139911081287e-09
9.23330212287965e-09
1.5032304290230059e-09
3.136055193309062e-09
9.90646409348983e-09
262.0891418457031
2901.198974609375
6798.208984375
15652.2294921875
26622.9609375
30882.810546875
31486.880859375
28760.396484375
27143.4921875
26779.669921875
27704.46875
29047.123046875
28289.75390625
28941.93359375
29551.888671875
34733.69921875
35593.96875
32151.1015625
21253.86328125
12053.552734375
5577.2265625
2109.876953125
903.1989135742188
1.53731480878605e-08
2.5695472416487064e-09
1.120315751279577e-08
2.6685902376755166e-09
1.5951238940825618e-10
6.304183841621125e-09
1796.842041015625
4692.9140625
13007.9462890625
22251.185546875
26939.4921875
29216.666015625
29922.23828125
29662.23828125
28839.9296875
28334.77734375
26965.00390625
29116.408203125
26819.6953125
27459.6796875
34009.91015625
36416.11328125
30876.123046875
21370.294921875
11585.697265625
5685.9453125
1867.5008544921875
716.2617797851562
9.901991226968221e-09
3.376235291341345e-09
1.2864028064996091e-08
1.9631707370848517e-09
9.423138713771095e-09
5.980693273954785e-09
284.5107421875
3018.2958984375
8063.52783203125
13281.90234375
18427.248046875
20417.779296875
21788.3203125
22402.515625
22972.32421875
21871.462890625
18422.80078125
15867.6103515625
14745.669921875
20982.171875
31243.53125
34873.94921875
32377.2734375
21318.41796875
9386.1884765625
4284.03662109375
1550.9359130859375
534.7444458007812
1.265546245576843e-08
1.0457106291994478e-08
1.2793558212820244e-08
1.170080476953217e-08
1.3052500413834878e-08
5.949700732088559e-09
93.96271514892578
1013.7957763671875
3860.13427734375
6594.38623046875
8967.3271484375
12113.376953125
11694.7236328125
12233.369140625
10120.4521484375
9273.033203125
8040.21240234375
8066.67236328125
8524.4833984375
13208.2509765625
26974.5703125
34432.5078125
32157.650390625
20483.734375
8406.9619140625
3341.86279296875
1816.4300537109375
371.04302978515625
9.817502366615827e-09
6.249587514162158e-09
1.3525808029157815e-08
1.3112251728841784e-08
9.665265254810151e-10
5.809128761291504
95.67070007324219
244.78933715820312
1501.127197265625
2672.929443359375
2838.267333984375
3499.90673828125
3200.622802734375
3528.438720703125
2852.518310546875
2740.213134765625
2271.96142578125
2683.234130859375
4032.822021484375
10486.259765625
23502.32421875
33180.26953125
30666.86328125
18983.05859375
8671.2763671875
3124.2548828125
815.2846069335938
321.7506408691406
2.124201536178589
1.0357318558362749e-08
8.16929190960991e-09
1.933289639488578e-10
1.2731595333548285e-08
7.813294899960965e-09
34.815696716308594
31.60993003845215
919.1921997070312
1235.2725830078125
1217.2720947265625
1183.823486328125
1112.9033203125
1447.97607421875
779.9439086914062
1039.247314453125
1236.582275390625
1009.5133056640625
2182.421875
9897.2373046875
21691.892578125
33779.28125
30438.240234375
21029.2265625
9540.1962890625
3800.72412109375
1033.0567626953125
374.01690673828125
3.204538106918335
1.2135118687695012e-08
1.2749643119036591e-08
6.4983183278854995e-09
9.913518006499089e-09
1.1449712289390845e-08
4.680472898144217e-09
17.25749397277832
276.1746520996094
470.05926513671875
634.5867919921875
913.1449584960938
710.32275390625
422.81561279296875
262.861328125
204.6103973388672
109.5167465209961
328.92596435546875
2577.387451171875
9591.3408203125
20837.123046875
29552.169921875
30536.306640625
21333.6328125
10805.8115234375
4304.3798828125
1445.9342041015625
453.9765319824219
3.0747926235198975
5.160590177410995e-09
4.865734037906577e-09
9.867402894769839e-09
1.3770008744362627e-10
4.5231947076729284e-09
6.922475037640652e-09
9.10218034277932e-09
105.13138580322266
365.4508056640625
261.0816650390625
259.0169372558594
209.68759155273438
222.47235107421875
275.1844177246094
334.7145080566406
244.18177795410156
940.8970336914062
2797.310546875
8894.81640625
19332.17578125
29026.875
29347.18359375
21315.740234375
11806.43359375
4486.30419921875
1914.1282958984375
75.5262451171875
2.2837657928466797
3.1288718282951322e-09
1.1216386930357203e-08
4.8461199497751295e-09
9.327111527568377e-09
3.4714071617258924e-09
7.970204940477288e-09
5.853133089317453e-09
130.41551208496094
156.4507293701172
123.10784912109375
172.06227111816406
265.55535888671875
205.8707275390625
251.38449096679688
308.70654296875
302.5364990234375
830.0659790039062
2887.785400390625
8048.17724609375
18616.4609375
24790.537109375
27284.763671875
21705.630859375
10818.9169921875
4127.24755859375
1822.0877685546875
384.5165710449219
9.854074001225399e-09
1.0145981832465623e-08
8.339227974829555e-09
9.689074431662448e-09
9.372551623698655e-09
1.2009317984507106e-08
9.781558674148982e-09
1.0488043322709473e-08
6.1556226782499834e-09
173.26644897460938
105.90196228027344
137.1273193359375
150.63623046875
323.9067077636719
321.340087890625
378.892333984375
567.8060302734375
1382.560546875
3298.559326171875
6493.328125
12973.3955078125
18522.275390625
19407.482421875
15016.748046875
7808.2421875
3672.33642578125
1149.702392578125
2.8475358486175537
5.308880446364128e-09
2.1645751857590767e-09
1.3099503703983828e-08
4.965369782006235e-10
7.790076139713165e-09
8.883534796666481e-09
6.204440072821171e-09
4.08874756274713e-09
5.590035101477042e-09
1.2355727996293808e-08
2.3160791397094727
2.1579396724700928
2.7885003089904785
2.5202486515045166
39.451053619384766
51.26036071777344
325.18988037109375
817.5421142578125
1694.5614013671875
3025.182373046875
5408.52197265625
8166.79541015625
8958.783203125
6164.20751953125
3890.171142578125
1614.14306640625
257.8082580566406
5.0119428634643555
9.506012865756475e-09
5.073625963802897e-09
7.739372698267744e-09
9.886368168565696e-09
8.791612771119617e-09
5.907954570005813e-09
7.936915125128507e-09
1.4330058251132982e-09
5.439719785726993e-09
3.2815559158905216e-09
1.1292462076539778e-08
6.309941458226831e-09
6.380945993811338e-09
2.3904430435095492e-08
3.527295433514155e-08
0.00025631632888689637
0.0005800195503979921
0.5002281069755554
15.330767631530762
498.85498046875
815.7361450195312
1901.0069580078125
3433.46923828125
3033.38720703125
2091.477294921875
307.9307861328125
0.0
1.3054430425540886e-08
6.6511471885633e-09
1.1669744282016836e-08
8.462326839264733e-09
1.3093286455045927e-08
6.0152585135142544e-09
1.0292433572089976e-08
5.933780133915434e-09
9.585384042054557e-09
4.827473532031945e-09
1.2496578882803533e-08
7.698290005464514e-09
8.911086091245579e-09
9.276127643786936e-10
2.2778204211704178e-08
1.5317654700197636e-08
4.5558994944683295e-12
7.600664098106336e-09
3.800668224585024e-09
6.683412357233465e-05
120.8741455078125
111.93399047851562
207.60572814941406
173.755615234375
53.71098709106445
0.23883114755153656
6.420828757569552e-09
4.360993344221242e-09
7.691737025083967e-09
1.2224268708393993e-08
8.207193147313774e-09
1.1288400436626489e-08
