2.4112117857910675e-10
7.228205256559761e-10
1.1184492915150557e-10
1.8394669121235552e-10
7.525617351511471e-10
1.1299507995943259e-09
3.8352093723048597e-10
3.301262041510711e-10
1.1702231406118813e-09
9.418529289817457e-10
3.9652522931810097e-10
9.69465063782593e-10
1.4497461009455037e-09
1.4949569360211967e-09
5.713696182851891e-10
3.7179387346597537e-10
1.875917060578658e-10
7.4822154028098e-10
1.2569715268639925e-09
5.973505579071059e-10
5.735062424960802e-10
1.4497522071721392e-09
1.1671773547661246e-09
1.0767702285363612e-09
1.4710291361755279e-12
1.008294669979648e-09
6.883899561493934e-10
9.613256857221586e-10
1.231141188995366e-09
1.493445700440077e-09
1.2467199494992087e-09
9.78534031581546e-10
4.3172923569478883e-10
1.3514205310372063e-09
2.7667634849848355e-10
7.033189586280741e-10
1.027947948983865e-09
8.784352134583173e-10
1.0219837198732762e-09
2.0472477879618367e-10
8.044450522382007e-11
1.3670974352564258e-09
2.425467604538767e-10
1.6307167172158188e-08
8.253434202742937e-08
5.073365372254557e-08
1.0197039879145109e-09
7.460815298898638e-10
3.4166602880247865e-10
1.097115509551827e-09
1.2125945803020954e-09
1.0515180948189595e-09
6.872162838789109e-10
1.8466833617836187e-10
1.8565769754896877e-10
6.355042048156179e-10
9.653680077548188e-10
9.699490099990271e-10
9.527565403288918e-10
8.076987967342575e-10
2.1394527816021025e-10
1.35477436560838e-11
1.0249602278022962e-09
1.062147925168233e-09
1.1000304001029804e-09
1.4761103450666724e-09
4.30702751241796e-10
4.79133233088902e-10
4.054403757169922e-10
4.132237885201562e-10
1.1582732550863284e-09
1.802360571900863e-08
8.481334390353368e-08
7.387738776287733e-08
5.118616576600676e-13
1.0955287371716693e-10
6.943937091996588e-10
1.918811463885728e-11
2.4868190839910653e-10
1.0661451582683057e-10
6.11035999575904e-10
6.660415552417476e-10
3.9099073978476895e-10
7.565618687088715e-10
2.1259101423698468e-10
7.197091256294641e-10
46.334842681884766
6.440044053590555e-10
5.144926706890374e-10
1.2875956967306479e-09
5.746036424447709e-10
4.4480494287846284e-10
19.098522186279297
4.348121166229248
3.9772896766662598
5.316901206970215
3.452033042907715
12.079055786132812
90.44910430908203
71.10134887695312
507.5840759277344
526.6112060546875
591.8118896484375
365.0793151855469
71.7119140625
9.255475044250488
2.051183875528828e-11
9.70168390068693e-10
8.386968897156066e-10
1.207489552790264e-09
2.245053032368105e-10
4.116514629171064e-10
3.4992969633051985e-10
1.5042554979416423e-09
71.30458068847656
69.89590454101562
1.2105839664044993e-09
0.30512669682502747
7.423675537109375
12.702281951904297
15.319664001464844
150.67422485351562
140.08767700195312
144.25021362304688
880.91943359375
2021.9156494140625
5421.494140625
15486.6904296875
25700.10546875
26644.380859375
18033.3359375
9487.0693359375
3182.2490234375
774.1752319335938
213.4400634765625
81.75141143798828
57.60926055908203
1.5068649661387212e-09
1.176905933819583e-10
6.578872169260563e-11
1.2616568900725156e-09
1.3882698324252374e-09
1.772223479079571e-10
4.029606648359163e-10
0.21501922607421875
16.14225959777832
57.24960708618164
112.75321197509766
282.41693115234375
254.0847930908203
254.0382080078125
644.8474731445312
796.13134765625
4283.66259765625
11138.0439453125
30289.873046875
48977.390625
50715.46484375
33908.24609375
16068.662109375
6136.3798828125
579.6661376953125
317.6072082519531
56.14756393432617
66.93241882324219
1.2352063816223335e-09
8.723264333099223e-10
4.734786451798811e-10
5.034022643179981e-10
1.3587689862148977e-09
9.69719748944442e-10
2.800006866455078
1.377524971961975
84.44961547851562
125.5622787475586
154.2720947265625
638.9724731445312
463.6349792480469
780.4627075195312
1301.0987548828125
2659.61865234375
6744.96826171875
17665.728515625
41040.21484375
57686.33203125
55024.9921875
38349.1171875
17590.505859375
6504.720703125
1387.9798583984375
679.0397338867188
198.60443115234375
254.3414306640625
5.632186939052986e-10
1.052954390345917e-09
4.991752011740402e-10
8.799109357804369e-11
3.13038567290036e-10
3.4917635449716045e-10
0.15652930736541748
0.1915062963962555
16.604766845703125
583.929443359375
671.4420166015625
1204.3602294921875
1165.1165771484375
1386.62109375
2018.8792724609375
3331.09521484375
8622.4521484375
22550.95703125
51508.3828125
61218.6484375
55308.4296875
34155.59765625
15605.978515625
5412.28955078125
2023.7635498046875
510.83935546875
559.8582153320312
254.36097717285156
202.19664001464844
1.0773341108105683e-09
9.542310275278965e-10
4.052210303417958e-11
1.498301260838275e-09
1.0201617328675638e-09
0.13041582703590393
5.144810444335235e-08
17.884525299072266
549.7398681640625
799.954345703125
1133.400146484375
940.7105712890625
1923.53466796875
2493.837890625
3618.48046875
10005.9033203125
31615.841796875
57663.2890625
61259.1328125
51488.75
28743.759765625
11923.8984375
4213.462890625
1696.3466796875
330.67779541015625
262.59716796875
232.42236328125
119.45288848876953
3.3941793819991517e-09
1.0656475701864565e-09
1.0466720823387732e-09
8.239054438696769e-10
1.3888107330828348e-09
1.2706113938776298e-09
6.162954591104608e-09
83.93328857421875
95.14083099365234
354.0099792480469
555.7109985351562
563.9502563476562
963.321044921875
2351.944091796875
4411.3583984375
15809.5400390625
43029.53515625
61353.609375
61945.95703125
46091.15234375
21649.615234375
7522.21484375
3018.126220703125
417.9482727050781
134.50735473632812
53.12431335449219
0.0
2.5781270451830096e-09
3.4095906098485784e-09
6.802458596411043e-10
4.40645686605734e-10
1.1710289682387298e-10
9.635789943729378e-10
7.183155181778034e-10
6.773051008934772e-09
0.9874624013900757
0.5159886479377747
78.39379119873047
70.98362731933594
684.9854736328125
1378.5889892578125
2098.6552734375
4948.1552734375
21710.7109375
52957.0
61127.6015625
61558.94921875
37625.55859375
14045.7705078125
5024.318359375
802.2092895507812
301.4600830078125
42.10395812988281
104.56769561767578
2.2845008107452713e-09
2.0739086892263003e-08
2.1119983273365506e-07
1.5889432347648835e-07
1.3654122277273473e-09
1.2700031026824377e-09
3.3455263559467596e-10
0.035045769065618515
4.523929119110107
0.1305929720401764
0.5822007060050964
2.7432684898376465
61.61960983276367
578.1447143554688
1245.646728515625
1970.6876220703125
8065.41748046875
30459.685546875
58943.91015625
61524.328125
57937.5859375
29657.705078125
9137.61328125
2655.88720703125
365.5223083496094
23.698240280151367
3.645024538040161
3.679866313934326
2.5555007709954225e-07
1.7320762424333225e-07
2.447421252327331e-07
1.0004087558357355e-09
4.495818994865175e-11
8.320741318179614e-10
4.167609313210363e-10
0.08783134073019028
0.0
269.03326416015625
0.0
258.5877990722656
623.7201538085938
747.7279663085938
1635.658203125
3474.2626953125
10800.1328125
43796.9296875
61684.81640625
62412.63671875
52938.9140625
21022.828125
5204.66845703125
1290.224365234375
337.8105773925781
5.090094089508057
391.063232421875
3.8830742835998535
0.004696890711784363
2.9612878815754584e-10
5.099671795960603e-10
2.9241731258622394e-10
0.0
8.553894814689045e-10
1.5761636440458915e-10
0.07221115380525589
1.3686628219655717e-10
2.1031054675546557e-09
776.7948608398438
671.0479125976562
626.3878173828125
732.076416015625
1234.1319580078125
3754.21533203125
20680.560546875
53941.19921875
61638.5859375
61859.0390625
42025.6875
13803.3662109375
3137.52001953125
1171.3502197265625
509.3372802734375
774.513427734375
547.5839233398438
9.48350715637207
13.592432022094727
6.144708633422852
4.68038108270008e-10
6.298027099838066e-10
5.655482193667183e-10
9.925046340342192e-10
6.444223626944634e-11
4.980376111518581e-10
4.3403247662610056e-10
350.6063537597656
667.2266235351562
593.9967651367188
706.3900756835938
777.5910034179688
1991.0921630859375
7866.5205078125
30957.38671875
59913.51171875
62321.37890625
58904.44140625
30582.37109375
7146.54443359375
2395.884521484375
1074.9466552734375
711.7275390625
801.6085815429688
1023.7184448242188
1151.328857421875
430.0728759765625
11.41605281829834
0.0
4.708828327260051e-10
4.24942386834104e-10
6.792933437971271e-10
1.8306958726732603e-10
2.003862770161291e-10
5.367611910500614e-10
315.50067138671875
502.9024353027344
631.8589477539062
685.9893798828125
1618.7855224609375
5135.8154296875
13077.9892578125
45184.3828125
60918.015625
61939.02734375
52948.24609375
20520.54296875
4425.26416015625
1726.19677734375
733.8504638671875
722.8038330078125
517.4769897460938
1041.592529296875
611.6044921875
691.9853515625
0.000303016509860754
1.2731553589162559e-09
4.9012904845824323e-11
1.1798053645151185e-09
2.558393497054112e-10
1.0788198112621217e-09
2.493238671075204e-10
0.6729989647865295
233.52528381347656
299.8800964355469
458.54638671875
428.0160827636719
3199.477783203125
7100.70361328125
21512.388671875
53528.94140625
62179.890625
62359.03125
41975.84375
12295.373046875
3018.58154296875
531.2437744140625
378.6813049316406
417.2698974609375
460.3807067871094
368.3877258300781
328.7366638183594
0.0
402.8062744140625
3.3946176425381225e-10
7.215764097345811e-10
9.62854351804765e-10
6.544726566248826e-11
1.3283472100056315e-09
4.08913708449532e-10
0.8902342319488525
1.5185707807540894
145.54383850097656
252.6057586669922
1613.120849609375
4667.814453125
9315.21875
31317.41015625
58215.40625
61670.84375
59779.76171875
30342.029296875
6579.09912109375
824.9591064453125
271.2897644042969
57.64509201049805
33.93899154663086
9.043113708496094
8.292253494262695
2.4109690189361572
368.850830078125
124.79436492919922
0.0017599486745893955
1.439972696637426e-09
1.101318369833848e-09
2.4214535931932346e-10
1.490265272297009e-10
2.7018579040749557e-10
5.623854160141661e-10
0.3860425651073456
0.9614210724830627
41.0594482421875
2045.1680908203125
5515.20947265625
16083.55859375
40658.8125
60787.5234375
61562.265625
52461.35546875
21188.251953125
4738.8447265625
962.109375
329.7733154296875
121.22648620605469
78.51944732666016
10.338692665100098
91.28317260742188
138.6268310546875
286.53253173828125
162.89418029785156
0.003488514805212617
0.004347385838627815
8.316535238250822e-10
0.007178314961493015
9.707734616171138e-10
6.820521369910182e-10
1.7154283549203342e-09
3.2109947204589844
36.0838508605957
652.6484375
2344.712646484375
8063.505859375
23733.20703125
48342.85546875
61366.48046875
60274.78515625
40670.9140625
14802.966796875
4472.404296875
818.996826171875
329.6802978515625
182.05264282226562
90.22224426269531
44.683860778808594
30.67932891845703
211.65225219726562
87.93059539794922
0.005479029379785061
1.3258643072333598e-09
0.00433401670306921
1.0593772525879785e-09
1.008700345472846e-09
3.2705010921674216e-10
7.615811314920506e-10
8.800931930541992
66.32707977294922
590.9523315429688
1199.0260009765625
3877.41015625
11979.666015625
31238.314453125
54250.3359375
61210.48046875
57177.0703125
31239.84765625
10474.443359375
3790.01416015625
1303.7940673828125
667.3568115234375
380.15106201171875
232.09217834472656
170.39759826660156
25.408023834228516
164.76051330566406
53.38438415527344
37.25407028198242
6.284037179504764e-10
2.0170708159295003e-10
0.0
1.3199183968026773e-09
5.958837867581224e-10
1.4341061671530042e-09
13.950568199157715
90.64584350585938
920.341796875
1267.8946533203125
6405.88525390625
15687.111328125
35803.51171875
57466.2421875
61586.0859375
50823.0234375
23980.130859375
8458.748046875
3470.169677734375
1323.1949462890625
528.1201782226562
174.3795928955078
196.67623901367188
179.67527770996094
149.979736328125
138.3501739501953
135.08587646484375
65.95143127441406
9.961153030395508
1.4683489979461228e-09
0.0
5.180851858632707e-10
4.145226939478164e-10
2.2419208711710326e-09
53.24256134033203
47.35678482055664
841.9935302734375
1700.7593994140625
6745.57177734375
18717.54296875
36955.6640625
56898.79296875
58449.37890625
40951.046875
19356.84765625
7578.6591796875
3413.068115234375
1223.70458984375
327.7318115234375
163.86135864257812
241.60997009277344
263.12347412109375
172.25204467773438
148.65159606933594
4.599844932556152
38.169464111328125
42.21457290649414
8.455289801645449e-10
7.613290553543095e-10
1.4016585669907045e-09
1.4249937896337883e-09
2.388965913979746e-09
33.948970794677734
367.84521484375
1201.55126953125
2459.45556640625
7119.75048828125
16752.33203125
34361.44140625
50188.640625
50600.9453125
31656.36328125
13008.0859375
4749.587890625
1774.483642578125
829.1105346679688
592.23193359375
155.12132263183594
164.47409057617188
130.26051330566406
21.83954620361328
15.212910652160645
0.0003157164028380066
29.02141571044922
10.973976135253906
1.49117851400149e-09
1.3095077244784648e-09
1.4388404911969133e-09
1.0556524543403611e-09
9.134316081294003e-10
3.052212371734697e-10
1.641141444963523e-09
305.9694519042969
614.375
2510.44921875
7574.015625
11527.5654296875
15618.26171875
15082.7880859375
9724.1611328125
5123.4296875
1741.4622802734375
648.6912841796875
571.0160522460938
154.0413818359375
103.70833587646484
105.68675994873047
84.68877410888672
2.6819369792938232
0.012351235374808311
7.921593381254866e-10
7.900857190712429e-10
1.2575658292490743e-09
1.8777990273832756e-10
2.6683458220766454e-10
1.0299185948525746e-09
9.584029125875304e-10
1.6492972265691463e-10
4.773799688884139e-10
7.1518962974082e-10
1.2444604235994916e-09
3.627198097433393e-08
272.7107849121094
628.8952026367188
776.5142822265625
914.0193481445312
1059.77978515625
458.1143798828125
167.70005798339844
115.9292221069336
57.29189682006836
49.17835235595703
49.17835235595703
1.1807653466089363e-10
0.7683873772621155
2.5291783809661865
2.8194425106048584
6.144270647823191e-10
1.0804521860530159e-10
1.4741037279719649e-09
1.8980446381267058e-10
1.1621853479582e-09
1.2366027091204046e-09
1.035657559711467e-09
9.400524629554763e-12
5.189278451389612e-10
4.823353938476771e-10
1.160768148267266e-09
1.1778279462859587e-09
6.386622342091641e-09
1.3452662095403412e-08
1.7080662217949794e-08
1.0666804683978626e-07
0.006559411063790321
0.008926184847950935
94.09477996826172
65.0290756225586
23.200542449951172
1.2984151531725274e-09
2.3698507045644135e-10
3.4692324013541054e-10
1.2555338990694054e-09
9.492191477278311e-10
1.4565681993872204e-09
5.790909418657009e-10
1.1420190348943038e-09
8.493969416711877e-10
1.3315878399922099e-09
1.4351622112940277e-09
5.599974373104999e-10
8.935525097619745e-10
5.036488448517673e-10
1.4091908751012738e-09
1.0457749111125736e-09
1.3006434818052526e-09
1.3683700839095536e-09
8.28125124030521e-10
7.241505173283258e-10
1.3271527210534373e-09
1.101426616578749e-09
6.895068960233175e-10
1.2316486719399222e-09
0.00023429257271345705
0.000249056814936921
1.2530710913338794e-09
5.936171554310476e-10
2.645338115225826e-10
1.2939878057949272e-09
3.139776771909908e-10
7.829881742971168e-10
6.842498789794149e-10
1.2503696966703615e-09
1.3341503457553472e-09
9.910771092691562e-10
3.7374134342904597e-10
1.388873904772936e-09
3.1864559602023945e-11
9.236418296865168e-10
