0000
0000
0000
0000
0000
0000
0000
0000
0000
0000
0000
0000
0000
0000
0000
0000
0000
0000
0000
0000
0000
0000
0000
0000
0000
0000
0000
0000
0000
0000
0000
0000
0000
0000
0000
0000
0000
0000
0000
0000
0000
0000
0000
0000
0000
0000
0000
0000
0000
0000
0000
0000
0000
0000
0000
0000
0000
0000
0000
0000
0000
0000
0000
0000
0000
0000
0000
0000
0000
0000
0000
0000
0000
0000
0000
0000
0000
0000
0000
0000
0000
0000
0000
0000
0000
0000
0000
0000
0000
0000
0000
0000
0000
0000
0000
0000
0000
0000
0000
0000
0000
0000
0130
0000
0000
0000
0000
0000
0000
0000
0000
0000
0000
0000
0000
0000
0000
0000
0000
0000
0000
0000
0000
0000
0000
0001
000B
0061
00F1
0127
0054
003E
0001
0000
0000
0000
0000
0000
0000
0000
0000
0000
0000
0000
0000
0000
0000
0000
0112
0443
05B2
0692
07B3
086D
0483
04BC
0818
08BE
0796
066D
02E8
0017
0000
0000
0000
0000
0000
0000
0000
0000
0000
0000
0000
0004
009C
00AA
06C4
0D4E
13E0
24DA
317F
44D5
4833
4848
47EF
3D17
28F4
17E6
0C29
043A
0196
001C
0018
0014
0000
0000
0000
0000
0000
0000
0000
0004
007F
0205
0C6A
1A45
34A3
526A
716E
7821
7EB0
80C0
77EA
6EF6
5290
2BF0
1720
0D4D
02AF
0030
0013
0015
0000
0000
0000
0000
0000
0000
0005
0023
00CC
0563
17F0
348F
6071
7C24
8BE3
88AB
8671
80C7
8760
857E
70AC
4543
2366
0E33
03BD
001F
0015
0003
0000
0000
0000
0000
0000
0000
001B
004A
01F7
0BE6
2CBA
600D
80E8
93EF
8471
712E
5EB8
5EFF
7F10
8B80
7B60
56B3
28FD
119C
0800
0087
0051
0053
0000
0000
0000
0000
0000
0000
0014
01C7
031A
19F1
46A2
7710
9137
8913
63BB
4475
336B
4742
6F0F
8A26
7F9D
59E4
2834
10B3
0969
03CE
01FC
025E
0000
0000
0000
0000
0000
0000
0001
0378
0663
2BD8
60FB
8854
96A2
6BEA
4340
1E84
2B9B
49D6
7D1C
91A5
8463
570A
24F9
0FCC
080C
0320
027E
025F
0000
0000
0000
0000
0000
0000
00A7
0311
0D3D
2E23
6F51
9157
8F31
612D
3246
23CA
3768
6D8F
9A52
9888
7FD0
4DD8
2174
0EE7
0606
03C8
01AD
02BF
0000
0000
0000
0000
0000
0000
011A
03B4
0BBB
3167
7041
9265
9343
75A3
57A7
6093
7569
8844
A451
9AA7
7E8F
3E6E
1ED3
0E91
08FF
044E
0189
0072
0000
0000
0000
0000
0000
0000
0051
0334
0CE7
2C12
6525
91C9
9BF9
8DCC
8A86
8B1D
8E1E
9746
A523
9BF2
6FCA
3A48
1A80
0DBA
0800
0406
014E
0019
0000
0000
0000
0000
0000
0000
0000
0098
0970
2040
46DD
74D6
84BC
8DFE
83B9
7E4A
7F20
8C61
9F21
9372
6015
2D00
10BA
0659
0355
019D
0015
001A
0000
0000
0000
0000
0000
0000
0007
0073
038A
0BC5
20C9
4393
5295
58A8
551F
5104
6039
8C9A
A201
870E
47C2
1C42
0808
0334
013F
0036
0000
0000
0000
0000
0000
0000
0000
0000
0000
0005
01C8
02EB
0DCD
16FC
22B1
2491
23E1
27DD
548F
9B92
A244
754E
3033
0E5F
0440
023C
005E
0001
0002
0000
0000
0000
0000
0000
0000
0000
0000
0000
00BF
0130
0223
07BD
0C5A
0E63
11E0
2021
66D4
9D76
A124
661E
200E
07A0
0178
0012
0000
001A
0000
0000
0000
0000
0000
0000
0000
0000
0000
0000
0004
000B
00F7
0157
03D9
086C
0CA6
2D64
7930
A437
9420
525A
161A
05AC
0095
002B
0000
0009
0000
0000
0000
0000
0000
0000
0000
0000
0000
0000
0005
0008
009E
01B1
03DE
08A4
1242
3B13
8E1C
A535
89B6
4724
1085
0239
007E
002E
0010
0000
0000
0000
0000
0000
0000
0000
0000
0000
0000
0000
0000
0002
0083
012C
0483
0C0D
227D
4AFA
918A
A5E7
7621
38E6
0C74
0162
0088
0024
0011
0001
0000
0000
0000
0000
0000
0000
0000
0000
0000
0000
0000
0002
0054
016F
0635
0E31
29B0
5BD8
9ADE
9B8E
6577
3568
09E2
00DE
0055
0018
0000
0001
0000
0000
0000
0000
0000
0000
0000
0000
0003
0004
0003
0005
0059
00C6
05B5
134E
32AD
6587
9987
8B35
57EA
2DBE
0A60
0084
0139
0000
0000
0000
0000
0000
0000
0000
0000
0000
0000
0000
0002
0004
0005
0005
0008
00C2
072C
13B4
3490
651F
8CDE
79F6
4A13
1909
0593
014A
00B4
0000
0000
0000
0000
0000
0000
0000
0000
0000
0000
0000
0000
0000
0000
0000
0001
0368
08BE
1430
2C24
51F6
6830
545B
30B1
0F2A
0528
0236
0195
0000
0000
0000
0000
0000
0000
0000
0000
0000
0000
0000
0000
0000
0000
0000
0000
00CA
02BF
0822
12D5
1E14
1A91
11F9
0907
04D5
0181
0000
0000
0000
0000
0000
0000
0000
0000
0000
0000
0000
0000
0000
0000
0000
0000
0000
0000
0000
0000
0000
0000
002F
007D
0058
0000
0000
0000
0000
0000
0000
0000
0000
0000
0000
0000
0000
