9.140458168133136e-09
1.560100137965037e-08
1.5782875451009204e-08
1.3987834890372142e-08
1.6251172851866613e-08
1.301452101643008e-08
5.29699839546538e-09
1.4915885415689445e-08
4.7551416137991964e-09
1.4495247668833144e-08
5.868657559915391e-09
8.000508588956734e-10
2.336742577213613e-09
1.4734122366633073e-08
1.1864011995044166e-08
1.3502060802750293e-08
5.162540173131447e-09
2.3100132917619476e-09
6.567586918748702e-09
2.2307988789549427e-09
1.1274734035282563e-08
1.1720183934471606e-08
1.2794844073127365e-09
1.589434539539525e-08
9.449886206880365e-09
1.0879237066774294e-08
4.535059883181702e-09
1.2207764576999125e-08
5.393764102024079e-09
1.2495602774720282e-08
1.282801598279093e-08
1.3740786286575712e-10
1.4016785065962267e-08
2.744714233671175e-09
1.6829253546291056e-09
2.4710951063156017e-09
1.014945549826507e-08
1.1753398254654712e-08
1.0867297284278266e-08
3.277221605202385e-09
7.25533144674273e-09
4.271445419590236e-09
7.448802019638379e-09
1.0796935567825017e-09
1.6396453972333802e-08
8.241118343299547e-10
6.407343100534035e-09
1.0892160950959351e-08
1.1009614553358915e-08
1.1327975224517672e-09
1.5643523809671933e-08
3.6625094068654107e-09
4.092926553234122e-10
4.17532408647503e-09
6.332480761983561e-09
9.948402990289651e-09
3.5066440862152604e-09
2.3135147131370104e-09
9.836554681896814e-09
1.0710298425919973e-08
9.296261538338513e-09
1.3225949224704436e-08
2.816647581838083e-09
6.725048296019054e-10
1.2586880870912864e-08
1.0862030386249444e-08
1.3216730820886369e-08
1.1174296155047614e-08
1.6799852176063723e-08
1.1678928935054955e-08
7.160768644709492e-10
1.4826485816854529e-08
7.066230711672006e-09
2.7668342283959646e-08
1.8685616609559474e-08
7.891186371011827e-09
6.996451862306685e-09
1.9986887700440548e-09
4.483789339815303e-09
1.3413891331026662e-08
1.0625615942672084e-09
1.6628884935698807e-08
4.534082886920032e-09
1.4688024130293797e-08
6.5938108306795584e-09
5.657933233038648e-09
7.638896626360747e-09
7.614764374608285e-10
1.2593035947361386e-08
34.09113311767578
27.429855346679688
92.99461364746094
92.74494171142578
63.23954772949219
164.23040771484375
173.0044708251953
238.048095703125
178.04981994628906
227.12754821777344
386.0703125
469.8660888671875
433.7060546875
381.83197021484375
376.8044128417969
75.78653717041016
6.97302770614624
5.46369083309628e-09
4.445903201144574e-09
4.0204897744366974e-10
5.692868398909923e-09
9.684400836817986e-09
4.871173242548821e-09
1.3115721841927552e-08
7.1420127589760796e-09
9.875164019845784e-10
1.8047954242206288e-09
12.980685234069824
546.3546142578125
2160.025634765625
5030.84326171875
7945.44921875
13419.6748046875
18638.7421875
20498.078125
21147.650390625
19706.275390625
15893.3330078125
11801.3759765625
7668.10595703125
4475.41064453125
2276.57958984375
1622.8076171875
798.1536254882812
5.557074546813965
0.027058986946940422
34.263797760009766
0.20151354372501373
1.4738747111664452e-08
1.3721523473009256e-08
5.270450298411333e-09
6.331245749890968e-09
2.2178503478187395e-09
6.603862789944515e-09
194.33628845214844
1118.1651611328125
3195.512939453125
7141.7626953125
14618.703125
21483.373046875
30211.23046875
34060.9375
34114.2734375
35046.01953125
32950.5234375
29291.96875
24191.583984375
18260.98046875
11019.3544921875
5546.10400390625
2767.207275390625
762.4564819335938
201.3163604736328
0.15048733353614807
0.1777312308549881
6.270520547246861e-09
1.028934448754626e-08
1.61109987573127e-08
1.18773000323813e-08
1.886961920050112e-09
1.2475921629118147e-08
1.6522820445175057e-08
289.6503601074219
1842.53759765625
4968.12841796875
11157.9541015625
20508.7109375
28461.61328125
30843.904296875
32226.873046875
31799.13671875
31413.9765625
32974.6328125
32979.73828125
30465.36328125
25765.056640625
18645.681640625
10072.0634765625
3745.99609375
1048.1129150390625
520.4436645507812
0.11239524185657501
0.09567156434059143
0.06554938852787018
1.430837048843614e-08
1.548886352509271e-08
9.568906778056885e-10
1.0097794600483212e-08
1.130320637088289e-08
1.896462986650249e-09
488.2655334472656
3082.32470703125
5661.927734375
12769.48046875
16876.927734375
22864.75
23894.900390625
21527.61328125
17871.84765625
18546.435546875
21233.11328125
25696.208984375
28862.1328125
28360.548828125
20687.91796875
13287.0791015625
5008.5625
1144.6480712890625
498.40545654296875
66.7780532836914
0.3663880527019501
0.08787248283624649
1.4338569442884364e-08
3.0162843334125e-09
4.485003479715033e-09
1.3976332979837025e-08
3.0094884362341645e-09
1.1093582941157365e-08
345.115966796875
1340.3544921875
3961.7919921875
7621.25048828125
9573.2607421875
14183.2109375
11706.2158203125
10392.607421875
7890.9677734375
8090.947265625
13283.2109375
22582.330078125
29019.43359375
27434.056640625
21836.57421875
12928.3955078125
5085.544921875
1112.9189453125
644.08203125
49.796749114990234
0.388714075088501
0.04635819420218468
8.355027780737601e-10
5.6476534560090386e-09
1.1816355005578316e-08
1.3560087275266142e-08
1.2002419502721295e-08
9.689700597448336e-09
268.11895751953125
639.8596801757812
2490.536865234375
5500.03662109375
6369.0224609375
6222.87060546875
6827.22265625
5619.81103515625
5487.6806640625
7515.193359375
13880.822265625
24657.376953125
28213.646484375
27079.9375
19984.15234375
10220.73828125
4121.72021484375
1196.523193359375
702.6682739257812
91.8821792602539
0.058663565665483475
1.0502448688498589e-08
7.268638000823557e-05
1.2305721774907852e-08
1.145758932175056e-09
1.2753606171145293e-08
1.0887650780944114e-08
1.3649051666675405e-08
67.13069152832031
238.22166442871094
886.664306640625
1484.287109375
2429.427001953125
5019.38525390625
6352.5537109375
7906.7685546875
10421.1650390625
16279.30078125
23973.31640625
30122.5078125
31653.38671875
25486.228515625
17102.08984375
8698.4736328125
3456.79736328125
1165.66357421875
567.5136108398438
23.490758895874023
0.05439223721623421
1.810547090030923e-08
0.00020999710250180215
5.851239492926652e-09
5.404116265594894e-09
7.73256925157284e-09
4.405856568467925e-09
5.310375694733693e-09
0.7308541536331177
45.89393615722656
272.98876953125
1192.95751953125
2831.109375
5749.0068359375
9726.265625
13839.77734375
21289.228515625
28363.16015625
30890.078125
33025.9609375
30363.404296875
23755.37109375
16369.22265625
10176.0244140625
3299.4228515625
1502.437744140625
448.356201171875
0.21321584284305573
0.061954546719789505
0.037893783301115036
0.00018418148101773113
1.6715045347837076e-08
9.524503852276212e-09
4.4260195508627476e-09
1.671550542425848e-08
3.227678790906907e-09
2.4020787581235936e-09
14.457988739013672
102.96504211425781
602.0653076171875
4257.09912109375
9978.2138671875
14577.7919921875
21357.787109375
28280.603515625
33802.4375
34143.4765625
32046.57421875
29478.19140625
26062.587890625
20492.388671875
14401.3505859375
8216.205078125
2830.083740234375
858.5897827148438
83.86018371582031
2.6797244548797607
0.04271790757775307
0.00021476615802384913
1.704178487216268e-08
7.569517457284292e-09
3.5647620966194893e-10
3.63726182506241e-09
8.770994486262396e-10
3.866803321983525e-09
19.166648864746094
92.94335174560547
2082.079833984375
4839.95263671875
10058.51953125
15977.1669921875
21982.29296875
28454.646484375
30851.12109375
30974.29296875
30838.08203125
29734.30859375
29819.4140625
27104.779296875
24383.84375
15875.2548828125
8798.171875
2826.51220703125
580.8013916015625
43.99238204956055
0.04889408126473427
0.00015639055345673114
1.0822250734454641e-10
1.0444717091218081e-08
8.651185545716089e-09
1.2969754159541935e-08
1.4513132917670646e-08
1.6116516121655877e-08
0.0
97.19400787353516
1431.7445068359375
4072.802734375
9337.4990234375
13133.4697265625
19291.029296875
21952.8046875
24179.08203125
23286.583984375
22518.626953125
23654.833984375
27237.369140625
28175.423828125
30183.732421875
24098.025390625
15153.4892578125
5757.0927734375
1950.81396484375
365.8783264160156
88.86917877197266
3.919202208635397e-05
1.7091352333409304e-08
1.1445056458114777e-08
7.624191056265772e-09
1.6925855161886716e-09
88.85838317871094
2.6191075974679734e-09
5.989523887634277
140.49327087402344
418.18060302734375
1920.3525390625
5412.49755859375
8680.748046875
11571.23828125
11837.7529296875
13243.6123046875
12393.95703125
13089.2080078125
13673.162109375
18025.015625
22529.376953125
28366.984375
29254.67578125
22652.90234375
11289.810546875
3631.18359375
833.3168334960938
82.14390563964844
1.533819317817688
1.0433068631243714e-08
1.2749575617476694e-08
9.649337329165064e-09
1.688300166335921e-08
0.0
3.0824592113494873
6.577563762664795
47.34415054321289
212.07192993164062
695.2412719726562
1909.2362060546875
3711.38232421875
5231.07080078125
4449.5322265625
3559.35009765625
3887.046875
3598.22509765625
5447.96826171875
9433.8359375
17925.81640625
25185.14453125
30691.458984375
28445.525390625
18278.220703125
6069.296875
1954.6693115234375
436.1001892089844
49.312965393066406
28.597091674804688
5.705220296192692e-09
2.736426640836953e-09
1.0886195056514225e-08
39.70553970336914
97.63396453857422
79.56835174560547
279.25030517578125
401.5438537597656
1410.724365234375
2124.52197265625
3043.687744140625
3372.228271484375
2189.74755859375
1557.896240234375
768.6981811523438
905.6110229492188
1662.40576171875
4506.6171875
12418.5400390625
20862.51953125
30971.244140625
29536.5703125
21691.68359375
9030.8955078125
2288.30126953125
566.6244506835938
61.458248138427734
1.2388492454107336e-09
1.3917222041470723e-08
3.56419360691973e-09
1.5691293597797085e-08
104.49857330322266
127.0654296875
505.8293762207031
769.13134765625
3311.07275390625
3930.219970703125
7290.0244140625
6194.580078125
3450.83837890625
2381.871337890625
1355.8565673828125
846.2998046875
862.2433471679688
1018.284423828125
3667.387451171875
10441.810546875
21981.630859375
29776.875
30203.072265625
22431.810546875
9008.14453125
2384.178955078125
779.421875
0.0034228998702019453
1.3128265141659767e-09
1.4161040340354702e-08
1.1952717038354876e-08
1.5279216114549854e-08
129.6731414794922
182.51988220214844
1043.8538818359375
2079.637451171875
4762.6240234375
8909.1318359375
11376.82421875
12222.169921875
10941.306640625
6813.2353515625
3541.05712890625
3224.008544921875
2720.995361328125
4565.47216796875
7982.80908203125
15995.6689453125
24160.84375
32061.646484375
30221.154296875
19531.68359375
8867.1806640625
1473.2841796875
451.0285949707031
0.5464829802513123
1.1905489927244162e-08
1.681564931743651e-08
7.160484427615188e-10
9.949522983276893e-09
1.0713629983172268e-08
537.4789428710938
1426.217041015625
3064.644287109375
6318.69140625
11813.2646484375
16646.837890625
18967.2734375
18826.623046875
15483.765625
10355.013671875
8831.13671875
10094.3505859375
12579.02734375
18723.6171875
26215.630859375
31661.2421875
32520.408203125
25198.67578125
14892.8505859375
5331.92822265625
1299.9896240234375
122.14118957519531
0.4421994984149933
7.730305284781025e-09
1.2284926853567413e-08
5.266563185557516e-09
8.078595570282232e-09
0.036054711788892746
196.12820434570312
853.671630859375
2364.845458984375
7372.50537109375
11176.4248046875
18532.23046875
26578.7578125
27304.01953125
26752.12109375
25488.255859375
23375.51171875
24264.6796875
28198.0234375
31484.33203125
33462.6328125
32492.595703125
28442.861328125
18734.046875
9910.6884765625
2880.4912109375
413.8400573730469
62.05171203613281
1.9677983686960943e-08
2.2934880383740364e-10
8.988463306991434e-09
3.033990392253827e-09
1.2266605509125839e-08
0.06906429678201675
67.75720977783203
657.6299438476562
1578.734619140625
4665.6826171875
9397.0244140625
15752.9453125
25589.794921875
30644.58984375
34715.52734375
35228.6484375
35974.62890625
35072.98046875
34945.5
35055.46875
32308.123046875
26207.552734375
18547.8359375
11164.560546875
3345.847900390625
532.424072265625
260.6812744140625
18.302282333374023
9.157085756328343e-09
4.693084143525539e-09
1.9439962972711555e-09
1.6447540218678114e-08
2.5651152313344028e-09
0.02670997940003872
44.533485412597656
9.390183448791504
267.7406311035156
2142.23291015625
3867.533935546875
8918.2509765625
14216.9794921875
22202.130859375
28435.974609375
31289.55078125
33186.12109375
33516.1640625
31629.822265625
26596.470703125
21180.453125
12353.025390625
6852.8955078125
2220.49365234375
707.4281616210938
10.281943321228027
6.33641242980957
4.550289034455091e-09
4.728847313728579e-10
1.2054923281823449e-08
5.540428116290741e-09
6.631969640125135e-09
6.421676967960366e-09
1.5186097712671653e-08
2.714808033488225e-06
0.19818222522735596
84.76119232177734
223.31192016601562
497.654052734375
1295.5296630859375
2201.232177734375
4671.70361328125
7043.7666015625
8097.9150390625
8923.81640625
8097.89404296875
7860.93310546875
5635.00439453125
4294.6552734375
2259.500244140625
498.7201232910156
297.9208068847656
70.821044921875
1.68812158696241e-10
5.608424280545421e-10
1.1898507179530782e-10
4.865107872120689e-09
9.43067757219751e-09
8.305077514592085e-09
1.6908819233663053e-08
1.2567370255567312e-08
1.0760438762247304e-08
1.620485789999293e-08
1.3679578358960498e-08
1.734909993444944e-08
2.660840658919028e-09
1.591924636556996e-08
5.413785856944742e-06
9.074250556295738e-06
8.43846191855846e-06
7.441526577167679e-06
4.116238415008411e-06
6.451014655795007e-08
6.298967036855174e-08
5.408309178278614e-08
4.142070153534405e-08
4.502432915387544e-08
3.2900359769882925e-08
2.6762730698237647e-08
2.817676092448096e-09
2.877457605521272e-09
4.429874689293456e-09
2.2956576639643345e-09
1.131647486829479e-08
1.6643792122295054e-08
1.3437614354572247e-09
1.5187987756348775e-08
1.4198944242593825e-09
1.3690894640205897e-08
3.109211332841255e-09
7.0193841850141325e-09
1.2406023985889192e-09
1.2168689167424418e-08
1.0495429414447699e-08
1.4799253378328103e-08
1.3370487828012756e-08
8.539273288477034e-09
9.18260911753066e-10
6.3703198271980455e-09
1.6153933302121004e-08
1.721365450180201e-08
1.2922848569019152e-08
1.3920299579694984e-08
1.8023945003164954e-08
4.886735016640387e-09
3.2907490066236278e-09
1.3349798599904261e-08
6.978913003052867e-10
4.9329429430144955e-09
1.289535478399273e-09
5.933144198166929e-09
3.047146535095635e-09
1.599027399379338e-08
1.561172702224667e-08
3.627786737681049e-09
1.5969584765684885e-08
2.611819871489729e-09
4.720456914242277e-09
1.0907046821273525e-08
6.349953896034322e-09
1.364992296970513e-08
1.7517229888852626e-09
2.8149609310190726e-09
1.1798908516880147e-09
1.0002078276727389e-08
1.5518400786618258e-08
1.4930413572145085e-09
1.374198088655021e-09
1.3940098853026939e-08
3.1146099033207975e-09
1.4074635679151015e-08
1.312259811925287e-08
2.1350226031557895e-09
3.5076808124756553e-09
7.66178143152274e-09
1.9753820801327038e-09
3.5324181357765383e-09
1.639592994706618e-08
1.557150142161845e-08
1.6212078790545092e-08
1.6278329795227364e-08
1.3174423330042373e-08
1.2271009097730712e-08
