1.2850714483647607e-06
6.32568912806164e-07
3.3057501696021063e-06
3.4362467431492405e-06
4.065364294092433e-07
1.4226008033801918e-06
1.5376316468973528e-06
3.0302708182716742e-06
3.622563554017688e-06
3.2045961688709212e-06
2.711394472498796e-06
1.664017872826662e-06
2.5342947083117906e-06
1.5176091210378218e-06
2.9988909773237538e-06
3.5954424220108194e-06
1.4662621197203407e-06
3.6143323995929677e-06
3.8903194763406646e-06
3.055254865103052e-06
5.303717216520454e-07
2.1587729861494154e-06
4.1973254383265157e-07
2.630453309393488e-06
3.589290372474352e-06
7.236246801767265e-07
3.5890773233404616e-06
3.36502034770092e-06
1.204650402542029e-06
2.770067794699571e-06
3.3036567401723005e-06
2.410840352240484e-06
2.584165713415132e-06
2.447141469019698e-06
1.957936092367163e-06
1.0540869652686524e-06
3.5590187508205418e-06
1.556882693876105e-07
8.799663078207232e-07
3.383499631581799e-07
2.4387450139329303e-06
3.3807652926043374e-06
3.846463187073823e-06
1.5201019323285436e-06
2.3581189907417865e-06
2.1719436062994646e-06
3.1737802146381e-06
3.97138501284644e-06
2.906257805079804e-06
1.63298739153106e-06
1.6837595921970205e-06
1.5552255661077652e-07
2.838370392055367e-06
3.7159545627218904e-06
3.325821353428182e-06
1.134366357291583e-06
2.1910743726039072e-06
1.0411645234853495e-06
1.5824231240912923e-06
3.3371381960023427e-06
2.1977202777634375e-06
2.7039332053391263e-06
9.781834933164646e-07
3.4285251331311883e-06
1.6286594473058358e-07
7.213426442831405e-07
1.590077545188251e-06
5.133581453264924e-06
7.932631888252217e-06
6.1377918427751865e-06
1.1816346159321256e-05
9.8911677923752e-06
7.35056892153807e-06
4.917277692584321e-06
3.1655822567699943e-06
5.7016050050151534e-06
4.200729108561063e-06
2.3740180949971545e-06
8.944550700107357e-07
6.268164156608691e-07
6.269684149629029e-07
9.186123151039283e-08
8.366309316443221e-07
3.5048904010182014e-06
3.3586452445888426e-06
4.051879386679502e-06
2.224295030828216e-06
3.5177208701497875e-06
5.835634624418162e-07
2.8731267320836196e-07
1.054555980317673e-07
3.3104081467172364e-06
7.493460998375667e-07
21.424158096313477
45.931732177734375
379.3750915527344
337.9070739746094
461.6378479003906
904.8362426757812
1649.6754150390625
2101.06884765625
1932.8870849609375
1427.9412841796875
1137.109375
709.0159301757812
545.0328369140625
252.9027862548828
0.22024226188659668
0.2382703721523285
1.9765234355872963e-06
3.128712933175848e-06
1.8656007796380436e-06
8.849197570270917e-07
2.8652311812038533e-07
3.4963984489877475e-06
2.1229398043942638e-06
3.438330168137327e-06
3.6844037367700366e-06
1.8333441019058228
80.70063018798828
440.7594909667969
900.39892578125
2648.435546875
4355.837890625
8180.994140625
14411.447265625
18805.671875
21567.509765625
20300.046875
16363.40234375
13336.1640625
7223.27587890625
4227.65283203125
2443.380615234375
551.5033569335938
72.89706420898438
7.486695766448975
2.871617078781128
9.659938768891152e-07
2.74445369541354e-06
4.2188864313175145e-07
1.2427141200532787e-06
1.8106111099314148e-07
4.004692527814768e-06
1.0825250456036883e-06
0.6131754517555237
3.1136369705200195
117.01595306396484
843.1431274414062
4271.83203125
7786.38818359375
14185.564453125
23546.734375
28799.03125
32129.392578125
32778.10546875
29845.953125
25377.97265625
20459.853515625
13498.8056640625
8077.880859375
4659.08447265625
1939.7733154296875
655.0912475585938
423.03570556640625
2.8026344776153564
7.021398573670012e-07
9.525065820525924e-07
1.1731958693417255e-06
1.9905846784240566e-06
9.911550336028085e-08
3.2184266274271067e-06
3.487430603854591e-06
1.569353461265564
492.8591613769531
815.89208984375
3374.49658203125
7072.9892578125
13759.0810546875
24175.515625
31342.869140625
33405.15625
32581.083984375
31634.181640625
31056.51171875
26441.349609375
22205.845703125
14863.81640625
9061.318359375
5320.29931640625
3020.14013671875
1462.528564453125
321.0487976074219
27.701520919799805
1.2643291711356142e-06
1.7217325876117684e-06
3.802874971370329e-06
3.16016553369991e-06
1.7179308997583576e-06
3.3941989840968745e-06
0.03871700540184975
1.8497674465179443
519.0189208984375
2278.18310546875
5472.5908203125
10853.0888671875
20379.28125
28695.150390625
33020.58203125
30602.326171875
26889.875
22602.009765625
21088.25
20339.943359375
19395.501953125
14676.0869140625
8179.8984375
4613.4794921875
2734.9443359375
796.796142578125
34.053035736083984
16.688068389892578
6.081932042434346e-07
7.728036734988564e-07
3.5896816825697897e-06
3.0687397156725638e-06
2.4872838366718497e-06
0.0004444784135557711
0.033079735934734344
2.1249561309814453
731.8903198242188
2890.24365234375
7564.4228515625
13399.224609375
24890.767578125
32205.171875
29476.1640625
21038.30859375
13163.7041015625
10652.7763671875
13673.95703125
15384.134765625
16762.193359375
14818.705078125
8776.42578125
4678.486328125
3482.338623046875
905.5087890625
96.12142944335938
135.09555053710938
4.081305814906955e-05
4.032305696455296e-06
3.930057118850527e-06
5.81353390316508e-07
2.8025663141306723e-06
0.0003702917310874909
0.03962574899196625
119.90122985839844
541.5155029296875
3943.881103515625
9210.6044921875
17585.734375
30262.5625
31688.001953125
24762.548828125
12242.345703125
7726.73291015625
5550.06787109375
9786.642578125
13610.81640625
15416.431640625
14374.482421875
9786.966796875
4966.79443359375
2518.9462890625
430.5030517578125
227.15122985839844
144.93370056152344
5.172768942429684e-05
3.7269771837600274e-06
5.999338554829592e-07
1.47870173350384e-06
3.7636493743775645e-06
4.816239743377082e-05
0.03939593955874443
93.55176544189453
426.9614562988281
3646.05908203125
10697.5439453125
19784.052734375
30848.59375
29422.892578125
23355.134765625
12374.6953125
5924.04150390625
7217.060546875
9444.8251953125
13116.9111328125
16236.8671875
14435.4169921875
9995.40234375
5155.37939453125
2928.849853515625
1164.209228515625
376.6257629394531
163.6990203857422
5.0966347771463916e-05
1.827812297960918e-06
3.231012442483916e-06
3.525680085658678e-06
1.956879941644729e-06
0.00010434097202960402
71.68824768066406
132.0608673095703
1056.7965087890625
3824.0
11286.8291015625
22632.001953125
30520.283203125
30005.251953125
22188.802734375
15561.44140625
12148.111328125
11486.2099609375
11926.791015625
15758.9130859375
16380.33203125
13922.2109375
9259.208984375
4325.59326171875
1557.8751220703125
769.2196655273438
473.37017822265625
189.05149841308594
1.329405768046854e-05
2.3997461084945826e-06
1.7730399122228846e-06
2.30479281526641e-06
2.7820847208204214e-06
9.628850966691971e-05
181.18003845214844
129.555908203125
634.6917114257812
4246.5654296875
11066.904296875
22489.29296875
29014.595703125
30850.59375
23296.51171875
20868.9140625
20442.099609375
20106.1796875
19810.5625
19863.984375
18104.44140625
13749.09375
8533.9453125
3525.7373046875
547.658935546875
177.93936157226562
114.71080017089844
15.721802711486816
1.1413580978114624e-06
8.678275094098353e-07
7.53771189465624e-07
2.994198212036281e-06
4.0258073568111286e-06
3.4996560316358227e-06
137.47352600097656
143.467041015625
666.515625
2746.302734375
11111.3212890625
22416.421875
25721.46484375
26893.681640625
25323.396484375
25802.896484375
24444.177734375
24421.431640625
23971.205078125
23367.638671875
20882.8125
13943.9033203125
8257.8740234375
2491.761474609375
952.12939453125
21.510822296142578
8.736104965209961
1.8327168618270662e-06
1.1651413842628244e-06
4.4786014541386976e-07
2.656425408531504e-07
1.007575273513794
0.7037613987922668
2.464678118485608e-06
1.3545010233428911e-06
62.05059814453125
615.734619140625
3379.839111328125
10111.380859375
19843.169921875
24922.505859375
27279.232421875
24507.587890625
24040.2890625
26165.3046875
25649.59375
24888.244140625
25626.029296875
23348.0078125
16455.88671875
8919.541015625
3445.04052734375
827.0018310546875
5.5879011154174805
3.995246515842155e-06
2.290408019689494e-06
4.10523944083252e-06
3.256425543440855e-06
9.641414635552792e-07
1.3920049667358398
1.3701270818710327
462.058349609375
3.903014203388011e-06
13.807764053344727
925.0306396484375
4037.45068359375
8989.3369140625
18881.7265625
25522.646484375
25249.64453125
21356.837890625
21367.732421875
19994.85546875
19492.548828125
22379.609375
25406.271484375
26475.40234375
21457.046875
12788.8583984375
3921.468017578125
782.6008911132812
208.6831512451172
0.0013946091057732701
3.519505298754666e-06
3.3910564525285736e-06
1.882348328763328e-06
2.2419699234887958e-06
1.0519102811813354
1.3507119417190552
555.5521850585938
116.44406127929688
271.62158203125
1248.4219970703125
4549.85888671875
8532.529296875
20176.24609375
23415.275390625
23151.537109375
16963.923828125
13098.814453125
10543.3125
12553.9638671875
17001.111328125
23243.03125
27811.69140625
25274.318359375
15786.849609375
5371.728515625
1415.6810302734375
354.0995178222656
7.207569122314453
3.6688163618237013e-06
4.225354587106267e-06
8.172449383891944e-07
1.9576896193029825e-06
0.12795498967170715
1.384328007698059
1.5206581354141235
130.56109619140625
506.9150695800781
1881.1614990234375
5500.02197265625
10970.0791015625
21049.01171875
23621.54296875
20709.4140625
12589.037109375
6737.11376953125
4711.26708984375
5189.60400390625
11125.193359375
20958.16015625
28853.216796875
29459.17578125
18005.01171875
6846.78759765625
2376.16796875
361.865966796875
20.8102970123291
4.6590395186285605e-07
0.04387621581554413
1.5132751514101983e-06
1.272066469937272e-06
2.9636603358085267e-06
0.8137719035148621
1.4997888803482056
138.4080810546875
378.2638244628906
1890.44677734375
6629.701171875
13295.15625
22646.021484375
23871.404296875
17029.20703125
7038.46240234375
3924.26318359375
3658.5576171875
3363.73828125
6906.04248046875
18480.18359375
29918.908203125
29936.91015625
19349.12109375
9668.9619140625
2235.19091796875
204.34014892578125
0.01747293770313263
3.330503091092396e-07
0.053405553102493286
1.0553618494668626e-06
2.155931952074752e-06
1.1351768307577004e-06
167.86094665527344
0.0006304110866039991
61.696372985839844
744.6370849609375
2640.229736328125
8291.7197265625
14664.6640625
22745.93359375
25291.634765625
17670.515625
9208.5869140625
5651.7646484375
4221.29833984375
5536.32470703125
10811.48046875
22962.55078125
31300.212890625
29437.525390625
19059.30859375
7813.8984375
2743.758056640625
214.376953125
0.004762834869325161
0.008144998922944069
0.051326777786016464
8.223038889809686e-07
2.6604132017382653e-06
0.00013794921687804163
0.00013081518409308046
0.0006239634822122753
77.21930694580078
1676.6607666015625
2838.658935546875
7959.8349609375
16215.353515625
24300.59765625
27600.25
22018.0546875
15415.724609375
11764.35546875
10094.353515625
13894.7333984375
20088.43359375
29992.642578125
31630.171875
26616.529296875
15384.7421875
5166.091796875
1338.6939697265625
47.9079475402832
0.7127822637557983
0.06314627081155777
0.043348174542188644
3.88381249649683e-06
1.3721002005695482e-06
7.824866042938083e-05
0.0001410434633726254
0.00015972387336660177
392.6791687011719
1258.0877685546875
2048.294921875
7187.619140625
14245.2373046875
22143.720703125
29069.734375
30778.501953125
27484.091796875
25386.818359375
25431.087890625
26729.744140625
31505.837890625
33327.18359375
29672.21875
21893.669921875
9644.865234375
3201.256591796875
339.6514892578125
35.33144760131836
1.115770697593689
0.04226629063487053
0.0414874441921711
3.042029902644572e-06
3.892796485160943e-06
2.7042124202125706e-06
3.963154995290097e-06
8.666884241392836e-05
525.051025390625
972.092041015625
1583.068603515625
3342.423095703125
9346.048828125
16390.400390625
25334.423828125
30572.658203125
34090.12109375
33381.40625
32608.14453125
34054.03125
32726.09765625
29841.41796875
21760.5625
11760.9384765625
4552.70068359375
1235.0958251953125
49.64824295043945
33.5411262512207
0.9082055687904358
1.8909105392594938e-06
2.8963604563614354e-06
1.3324871588338283e-06
2.2386934688256588e-06
2.5238707621610956e-06
3.0888643323123688e-06
2.1036355235537485e-07
97.10523223876953
400.5643005371094
1046.7625732421875
1484.84814453125
4031.454345703125
8334.07421875
15426.66796875
22191.193359375
26676.71875
29484.263671875
30056.8828125
28565.013671875
23932.54296875
14874.119140625
9050.0712890625
3376.277099609375
1000.5215454101562
198.10568237304688
8.385726928710938
0.8950034379959106
2.7118503567180596e-06
3.825552539638011e-06
0.2562423050403595
2.721561941143591e-06
2.1243954506644513e-07
2.5605463633837644e-06
1.0100752660946455e-06
1.2309382100283983e-06
0.06373126059770584
0.12445686757564545
0.39733511209487915
26.118886947631836
335.5462341308594
581.98583984375
1497.258056640625
4127.61376953125
5471.78466796875
6428.30712890625
6492.181640625
5357.46484375
3852.797119140625
2001.3416748046875
389.5320129394531
233.43548583984375
0.004885420668870211
0.0013075576862320304
0.04794781282544136
3.03844831250899e-06
9.212682812176354e-07
3.240756711875292e-07
1.8560440366854891e-06
7.056981843334142e-08
5.962497198197525e-07
2.5144511255348334e-06
1.6337877468686202e-06
4.6718540147594467e-07
3.3898681977007072e-06
7.613237471559842e-07
2.418813664917252e-06
9.170744306175038e-06
1.1941813681914937e-05
1.3211673831392545e-05
1.0171017493121326e-05
1.026450718200067e-05
9.005510037241038e-06
1.7414975445717573e-05
1.58317998284474e-05
1.2431688446667977e-05
1.2260235962457955e-05
5.451026936498238e-06
4.816588898393093e-06
3.97191843148903e-06
1.128880967371515e-06
4.913259999739239e-06
4.154140242462745e-06
3.239043735447922e-06
3.4222211979795247e-06
8.896093390831084e-07
3.4467425393813755e-06
3.917601134162396e-06
2.2252272628975334e-06
3.586138745959033e-07
1.0605365332594374e-06
8.195474947569892e-07
6.977678594921599e-07
8.521013938889155e-08
3.3381973025825573e-06
1.4936476588900405e-07
3.497007483588277e-08
3.492773430480156e-06
3.665839358291123e-06
5.52944902665331e-06
2.432391966067371e-06
1.947695864146226e-06
6.465770638897084e-06
6.300941095105372e-06
6.123118055256782e-06
2.4021555873332545e-06
1.687768872216111e-06
3.3914600408024853e-06
9.531348865721156e-08
1.1967676982749254e-06
1.0537085017858772e-06
2.7565346272240276e-07
2.544716380725731e-06
3.532556320351432e-06
2.053293201242923e-06
3.4471831895643845e-06
3.3617791359574767e-06
2.8273088901187293e-06
5.8054602902757324e-08
1.207880700349051e-06
1.7924264739122009e-06
3.0537557904608548e-06
2.3965603759279475e-06
3.746694346773438e-06
1.0749065495474497e-06
3.811788019447704e-06
3.497706757116248e-06
9.975161674447008e-07
3.9629840102861635e-06
2.6725485895440215e-06
2.0554982711473713e-06
2.832274503816734e-06
1.745933445818082e-06
1.129072529693076e-06
2.4458879579469794e-06
2.663708983163815e-06
2.264975591970142e-06
1.446747887712263e-06
1.178805632662261e-06
2.239519972135895e-06
1.3035106576353428e-06
8.457421074581362e-08
3.5336836390342796e-06
4.021683253085939e-06
