3.853805330411575e-10
1.2586109043866145e-08
1.664977877791074e-10
1.9861458255832076e-08
4.532892283748424e-09
2.2198786808758086e-08
2.0019422564132583e-08
2.828033807134034e-08
6.85675782818862e-09
2.414419553176117e-09
1.6419051007687813e-08
6.02857053166872e-09
1.4363005895745573e-08
2.037766222429127e-08
1.7200340707290707e-08
3.064860720769502e-08
2.659191444820408e-08
3.145437688090169e-08
8.426664699356934e-09
1.4336253073565786e-08
1.4504141887528021e-08
2.9699355863499477e-08
3.2215346834618686e-08
2.1247618775532828e-08
3.0409701423650404e-09
2.2192811144350344e-08
1.2977624530563503e-09
1.4472621323591284e-08
2.5180945328884263e-08
1.93884464039229e-08
7.63264029757238e-09
1.2952843242430845e-08
3.142831772606769e-09
1.6086758591882244e-08
2.8848111455204162e-08
2.4227146511179853e-08
2.8945368768518165e-08
1.9122389005588047e-08
6.105527461386373e-08
4.480799731254592e-08
2.8134293117432208e-08
2.8006962082827158e-08
3.005255067023427e-08
2.6955349952118013e-08
2.025480760892151e-08
2.230678930459362e-08
1.8438186089042574e-08
2.7319210005316563e-08
2.7624220688693413e-09
3.172512919036308e-08
1.693437279293164e-09
4.757908289576562e-09
1.7628924098289644e-08
1.8830951020731845e-08
1.3221959527243143e-08
2.2730947790705613e-08
2.635618301383147e-08
3.484523558583419e-09
2.0295216174304187e-08
1.459436127504432e-09
2.799783516138632e-09
2.4473857607176797e-08
1.1712285363785213e-08
2.7484170495029048e-09
9.597139083439288e-09
1.7027756982201936e-08
4.5349352717494185e-08
2.404246401965793e-07
5.094384505355265e-07
6.106714636189281e-07
5.874362045688031e-07
1.868077248445843e-07
1.4459111241649225e-07
1.4352299615438824e-07
4.489469063173601e-08
3.195170705794226e-08
2.7571187999342328e-08
1.7798997831164343e-08
3.25924105482045e-08
5.4553095374387794e-09
1.7229465854029513e-08
2.8933992979318646e-08
6.4463354654265e-09
3.204397103218071e-08
1.7802930685206775e-08
1.2874842303389755e-09
5.868149077770113e-09
3.0240783210899735e-09
1.5370293482419584e-08
3.187587305220063e-09
2.7610060016058924e-08
8.771387172146206e-09
0.0
0.1384064257144928
0.11309343576431274
0.14235042035579681
9.636956974645727e-07
35.399112701416016
40.497901916503906
47.865692138671875
26.214475631713867
1.6808724403381348
1.0018302987191419e-07
2.0108362974724514e-08
2.5904753897521005e-08
9.910412046565398e-09
1.4118078262015388e-08
8.75662209409711e-09
2.5315459950547847e-08
2.759282935471674e-08
1.9114940741360442e-08
1.524240822448064e-08
1.3823081346231447e-08
8.53750847795709e-09
2.9620037533817367e-09
1.4268778159021167e-08
4.78442396811829e-09
3.1725702065443784e-09
8.648355809270925e-09
8.869229617403107e-08
219.1358642578125
222.4818115234375
416.525634765625
573.0531616210938
525.3927001953125
483.42791748046875
473.0662536621094
548.2905883789062
1874.3359375
1688.62451171875
375.3442077636719
321.5084533691406
4.2824950696740416e-08
6.651922035416646e-08
6.175754663217958e-08
2.9670327306163813e-10
2.5181684293329454e-08
1.3919794206174174e-09
3.0375961301842835e-08
7.9736635072436e-09
2.024888701157579e-08
2.9645539356693007e-08
5.073081066342411e-09
1.433049234833561e-09
683.052490234375
1014.7068481445312
582.2825317382812
737.1681518554688
2188.6904296875
2111.65576171875
2419.22802734375
2160.8740234375
2646.66796875
3488.622314453125
3927.828125
5313.4951171875
6349.3310546875
6824.30859375
3357.75439453125
946.9642944335938
122.59587097167969
50.75288391113281
26.062026977539062
25.86067771911621
11.528312683105469
4.9703716697990785e-09
9.016566160369166e-09
7.521191669468408e-09
2.0635539499380684e-08
2.1454900078765604e-08
6.500774816231569e-07
5.492054242495215e-07
818.8689575195312
1198.4881591796875
1937.1715087890625
3444.6591796875
5412.1943359375
8950.8486328125
9260.15234375
12448.0927734375
14849.1376953125
16028.3857421875
16502.083984375
18131.435546875
15548.2509765625
12372.4111328125
7554.875
2183.71435546875
386.0805358886719
138.44189453125
41.78716278076172
31.14327621459961
18.018362045288086
0.2176012396812439
3.142243087950192e-08
1.641724978185266e-08
2.7088427501098522e-08
2.057995729387585e-08
5.772087574005127
33.74359893798828
1143.9310302734375
1715.683837890625
4395.791015625
8278.1357421875
12984.337890625
19217.34765625
24997.814453125
27208.966796875
28349.599609375
27840.412109375
28012.390625
29502.060546875
27639.974609375
21909.634765625
13267.310546875
5702.06494140625
1447.3480224609375
416.2051086425781
279.59130859375
79.820556640625
1.244046688079834
0.7947912812232971
6.936277330282792e-09
2.133638332679766e-08
2.9186345784637524e-08
4.6728498404036145e-08
24.747535705566406
204.7996368408203
943.7593383789062
3600.854736328125
6672.14306640625
13186.556640625
21752.99609375
29650.978515625
30538.44921875
28761.6328125
26238.24609375
25492.326171875
25619.40234375
30121.7421875
32474.603515625
30572.52734375
20406.9296875
8518.42578125
3032.43310546875
645.6534423828125
280.26605224609375
208.6531982421875
85.73551177978516
0.2684587836265564
3.253538594094607e-08
6.075109748593377e-09
3.0597031575041456e-09
7.560700510111928e-08
27.7755184173584
55.00299072265625
1008.2740478515625
3783.957763671875
9661.7978515625
19424.3203125
30312.755859375
32255.841796875
29468.78515625
23367.705078125
16874.919921875
16479.150390625
17354.283203125
21779.638671875
32319.802734375
33881.47265625
27138.1328125
12910.458984375
4478.12255859375
592.4490356445312
279.1407165527344
100.59644317626953
1.1124651432037354
0.033295053988695145
1.5431194100301582e-08
1.6190860208098456e-08
4.81265027829636e-09
7.029699844451898e-08
0.0
87.3541488647461
1178.7332763671875
3795.734375
12772.3876953125
23259.826171875
32484.943359375
29840.4140625
23776.466796875
14149.7978515625
8856.0849609375
8598.0703125
10291.853515625
18941.9375
30740.005859375
35006.1171875
29302.583984375
14966.6025390625
4005.389404296875
629.212646484375
362.17022705078125
94.092041015625
0.6859058737754822
5.935528069045404e-09
0.001800703234039247
1.0836322950069643e-08
3.550471250335363e-09
5.745694053871375e-08
1.0784297899135709e-07
44.776241302490234
1326.614990234375
5212.00244140625
13669.607421875
27523.060546875
33017.12109375
29449.9765625
18778.16015625
10929.3125
5964.28173828125
6563.87548828125
9704.30078125
18584.35546875
30783.716796875
36200.9296875
31193.568359375
17042.744140625
5598.48876953125
1976.2056884765625
369.9801940917969
97.23160552978516
0.022198814898729324
1.48761500895489e-08
0.00687662698328495
9.963921243638652e-09
1.2133688720439295e-08
7.0971992727209e-08
1.520313333003287e-07
66.16205596923828
1473.106689453125
4764.0546875
15226.05859375
28555.642578125
33385.9765625
29701.51953125
18800.03515625
10889.896484375
7955.26708984375
10064.7783203125
12419.828125
22189.048828125
32483.33984375
36706.109375
32687.7734375
18678.068359375
5796.89013671875
2738.170166015625
306.68389892578125
18.56368064880371
0.051054541021585464
3.178064922337853e-09
2.771302298754108e-08
1.0070261069472508e-08
3.085811073333389e-08
2.546830835115088e-08
1.134109979261666e-07
2.091167449951172
1154.5970458984375
5283.79931640625
15429.1298828125
26765.9921875
32875.625
31358.142578125
22466.73828125
15807.01171875
13905.9150390625
16050.48828125
18203.30078125
24848.755859375
35011.38671875
37379.0625
33430.94140625
19993.775390625
6302.2373046875
3333.7119140625
857.0375366210938
74.09941864013672
1.341447114944458
3.2886663348108414e-07
4.16661460889145e-09
2.1393555371673756e-08
1.6106266542692538e-08
1.151648643116232e-08
2.475336025042907e-08
38.6357307434082
960.28125
4549.87109375
14521.638671875
24652.076171875
31293.421875
32413.1953125
29495.58984375
25777.171875
24058.43359375
26625.78125
28023.9375
31105.615234375
34200.41015625
38819.34765625
35769.00390625
21911.09375
6997.79248046875
3583.405517578125
1996.4599609375
1277.3402099609375
2.2831244468688965
1.0706269222282572e-06
6.66059861487156e-07
1.3223640848991636e-08
5.663388868981656e-09
2.1644664727205054e-08
1.6567179850213165e-09
144.78436279296875
858.83251953125
4500.1279296875
10414.052734375
20855.02734375
27083.65234375
31197.30859375
34427.90625
31008.02734375
31245.224609375
29852.58203125
31151.55078125
32022.01953125
35186.58203125
39312.609375
35865.33984375
22510.751953125
8439.9306640625
3996.107666015625
2969.243896484375
2204.31005859375
1277.176025390625
0.0
0.06614446640014648
1.8728984585436592e-08
2.2138377797631392e-09
1.42930263180574e-08
8.92932749962938e-09
68.76671600341797
652.2008666992188
2379.420654296875
7407.818359375
14102.900390625
19551.775390625
25095.685546875
28470.65234375
30007.81640625
29122.5390625
28468.349609375
27155.943359375
26749.25390625
32139.83984375
39461.7578125
36380.69140625
21957.921875
8888.125
4485.4833984375
3026.661865234375
2362.21142578125
672.0218505859375
0.05657865107059479
0.05609354376792908
2.488314621018617e-08
8.390880879005636e-09
3.121097336133971e-08
2.5982465068352667e-09
25.081218719482422
439.9592590332031
1475.341552734375
3787.1201171875
7936.74462890625
10289.287109375
13549.8369140625
16782.599609375
17794.09375
17501.76953125
15308.2646484375
13508.3818359375
17792.15234375
28623.17578125
38576.76171875
37721.51171875
23885.669921875
8463.2060546875
3418.083740234375
1791.1385498046875
920.8994140625
184.33050537109375
0.04604567587375641
0.041916657239198685
4.394634933735375e-10
6.602298707747423e-09
1.8586989725122294e-08
8.971397846835316e-09
2.941374077636283e-08
106.6920394897461
566.21728515625
1259.377197265625
2173.835205078125
4079.410400390625
5960.6181640625
7206.76025390625
7266.7451171875
6915.0107421875
5646.28564453125
5012.5439453125
8821.181640625
24991.712890625
36977.56640625
38210.20703125
23711.537109375
7711.8564453125
2631.071044921875
1272.0926513671875
409.6800842285156
312.382568359375
4.1714010876603425e-06
1.0206965725956252e-06
5.296589389303108e-09
2.3824947348316527e-08
6.523055873230987e-09
2.552586408910429e-08
1.8727767781001603e-08
0.29971155524253845
165.9072723388672
429.7083740234375
864.6536254882812
1481.794189453125
1835.572265625
2785.7880859375
2574.006103515625
2920.00244140625
3036.01025390625
2986.919677734375
7065.05419921875
24180.2578125
37170.65234375
38558.84375
23165.48828125
5741.7041015625
1916.136474609375
954.7464599609375
413.72467041015625
176.18760681152344
177.32205200195312
7.702265492071092e-10
1.5289961297071386e-08
2.355909067830453e-08
3.071617982186581e-08
2.615755789747709e-08
2.9408955271037485e-08
3.4852607200264174e-07
31.159847259521484
154.15553283691406
386.3313293457031
237.07762145996094
758.573486328125
1194.337158203125
1545.8223876953125
1667.7799072265625
2013.705810546875
2269.345703125
4889.90087890625
22972.416015625
36264.0625
38666.5546875
23935.13671875
6728.6455078125
1839.13427734375
1017.2034912109375
334.1705017089844
151.1048126220703
0.0
1.681973671452397e-08
2.307615654117967e-09
4.332959324671037e-09
3.0168042286504715e-08
2.158434675436638e-08
1.9973116494043097e-08
5.102399427414639e-07
3.3256797790527344
5.219371795654297
78.1063461303711
149.10426330566406
150.35549926757812
317.59600830078125
354.4662170410156
664.626953125
1530.5335693359375
2047.0865478515625
6439.83056640625
20883.142578125
34409.03125
39243.94140625
24284.412109375
8594.099609375
2791.507080078125
1363.16162109375
345.19061279296875
136.4179229736328
1.6832073512773604e-09
2.3272804128282587e-08
1.8554704439566194e-08
3.2106466818504487e-08
3.0370273407243076e-08
1.1744236694255505e-08
8.415603325317988e-09
4.326150815359142e-07
3.3829439871624345e-07
5.466230869293213
56.96050262451172
139.92074584960938
199.41357421875
191.95750427246094
358.3643798828125
891.43603515625
1569.1175537109375
2000.161865234375
5126.23388671875
19842.326171875
34429.46875
39808.3359375
26132.1328125
11821.30078125
4354.20458984375
1194.5372314453125
217.51341247558594
0.04956784099340439
9.666150546649988e-09
6.824778964187317e-09
2.48334099950398e-08
2.78521739005555e-08
2.3275275040646193e-08
1.4979422147121113e-08
1.061511500921597e-08
1.7230943782919894e-08
4.095467147635645e-07
5.594738468062133e-07
39.51327133178711
178.57493591308594
118.04756164550781
200.3764190673828
271.3141174316406
821.6165161132812
1711.0830078125
2295.074462890625
5450.50390625
18640.15625
33113.1953125
38438.19921875
25290.8046875
11718.1337890625
4366.3935546875
1062.933349609375
79.44032287597656
0.05272769182920456
2.8244915739605858e-08
3.067701470627071e-08
1.1840082247971395e-09
1.7184053291430246e-08
2.2869615534659715e-08
7.72116770519915e-09
4.775073669804897e-10
7.506371524357291e-09
1.8588234951266713e-08
4.4348348637868185e-07
54.552459716796875
64.12151336669922
90.02392578125
9.703667640686035
92.12261962890625
501.14349365234375
913.223876953125
2196.021484375
4657.87841796875
15179.1513671875
29547.03125
32573.46875
23735.068359375
11016.890625
3945.766845703125
762.330322265625
29.09674835205078
0.022716106846928596
2.078734695487583e-08
2.6097836780536454e-08
1.7660175544165213e-08
2.30184582505899e-08
1.237239821705316e-08
2.4463741254976412e-08
3.1514254317244195e-08
1.590225018333058e-08
3.1475689610260815e-08
5.0601864920452044e-09
6.185947754033805e-09
6.752090797590427e-08
28.49292755126953
113.51529693603516
102.594970703125
232.18594360351562
709.0223999023438
1250.0103759765625
3763.930908203125
9268.4228515625
18629.5078125
22205.65234375
14510.478515625
5304.10791015625
1625.405517578125
688.35400390625
50.593048095703125
9.756798924343002e-09
1.2382284531042842e-08
2.57933443492675e-08
2.9959888792063794e-08
3.090461220267571e-08
1.381433367697582e-08
3.2352158285675614e-08
2.1985595566320626e-08
1.8917170052645815e-08
2.3709173291308616e-08
6.512230754651682e-09
9.207684392720239e-09
6.237364402750245e-08
5.4561212436965434e-08
90.60774230957031
115.5285873413086
116.08967590332031
502.2629699707031
407.7677001953125
840.702392578125
3085.334716796875
7443.69970703125
8091.74072265625
3999.429443359375
2564.118896484375
969.966796875
215.4503936767578
7.961260539701698e-10
1.7254215833872877e-08
2.7940094682321615e-08
3.11842960343256e-08
2.6096003580278193e-08
1.6361962451583167e-08
2.69527209439957e-08
2.7763208620967816e-08
2.9527576828058955e-08
2.1754782864036315e-08
9.598296379920157e-09
2.4150304867021077e-08
2.6556600474236802e-08
2.3516035341231145e-08
3.093460421155214e-08
3.231120615510008e-08
1.3690985234404707e-08
2.023664968930916e-08
2.7387173417992017e-08
6.450362377563579e-08
4.151765509163852e-08
36.68686294555664
35.785640716552734
30.99072265625
43.80757141113281
25.666276931762695
0.08194874227046967
2.6508724104701287e-08
3.4733089737670753e-09
2.2582170799978485e-08
3.2312026387870674e-09
6.574252253699342e-09
5.69373614922597e-09
