4.120434482501878e-08
1.0582127174529887e-07
1.5986903179054934e-07
1.3726008774028742e-07
2.7475760333572907e-08
1.3272948073961288e-08
1.7255882056588234e-08
8.933215411843776e-08
9.803849820855248e-08
1.1740561944861838e-07
1.3203613491441502e-07
3.988647190311667e-09
1.2612083821750275e-07
1.4158695194055326e-07
8.680793683879529e-08
2.3969697338088736e-08
8.107012661184854e-08
1.3664484299624746e-07
2.8339593782789052e-08
2.832111789530245e-08
3.932332148792739e-08
6.287743303801108e-08
3.518018942827439e-08
1.566836544952821e-07
1.1113996833955753e-07
4.273211473559968e-08
8.472045465168776e-08
5.7864422586817454e-08
1.658140575955258e-07
8.151302210990252e-08
7.96784576095888e-08
1.5002823872123372e-08
1.1018008194696449e-07
1.1678478983867535e-07
1.30432013634163e-07
4.7019881321830326e-08
1.663208024638152e-07
4.4152177025580386e-08
9.714280224670802e-08
1.7683005282265185e-08
1.2962902928848052e-07
2.420695643934323e-08
1.2011662420263747e-07
1.3188632408400736e-07
1.965518769964092e-08
5.0384343808218546e-08
1.5593239766076294e-07
1.5943793130190898e-07
1.5521474949764524e-07
1.391107815607029e-07
1.4997154096363374e-07
1.3163156609152793e-07
5.325253837895616e-08
1.2027916795886995e-07
1.3020816425068915e-07
1.665764699509964e-07
1.0813729289793628e-07
1.1803254551523423e-07
1.532059030751043e-07
1.2551011252526223e-07
6.852662437495383e-08
7.001435164966097e-08
9.924533372895894e-08
1.2311893726746348e-07
1.7055781142971682e-07
9.529594535706565e-08
1.9147067931157835e-08
1.0538763461909184e-07
2.7626600740404683e-07
2.878273335227277e-07
3.888641231242218e-07
2.444855340399954e-07
4.221779192903341e-07
2.3142445115809096e-07
2.64656478066172e-07
2.7628087195807893e-07
1.2438334806574858e-07
1.5852201329380478e-07
1.368123037082114e-07
9.381657406493105e-08
1.1916067421680054e-07
5.4619647471554345e-08
1.4590442276585236e-07
1.4350686683428648e-07
1.452759903486367e-07
9.500676156903864e-08
6.101316074591523e-08
1.3989931346714002e-07
5.571379446678293e-08
1.4745953080819163e-07
2.5663418057320087e-08
1.627471419851645e-07
1.049334699132487e-07
3.267008352736411e-08
3.3130618248833343e-07
0.010701430961489677
3.9860864831098297e-07
5.047350555287267e-07
7.298763193830382e-07
1.0475786211827653e-06
1.2736858252537786e-06
7.847021379348007e-07
5.583530082731158e-07
0.058038223534822464
0.033823538571596146
4.3036035890509083e-07
1.6733135055346793e-07
2.2540751842825557e-07
1.0685606355309574e-07
1.5947847487041145e-07
1.3898230122322275e-07
1.179157109731932e-07
1.0286953511240426e-08
1.984065534088586e-08
6.188038526033779e-08
1.399419318204309e-07
1.0155056173744015e-07
7.98230672671707e-08
1.4918734336788475e-07
3.01743227737461e-07
5.46442095128441e-07
1.9954764866270125e-05
1.812223854358308e-05
0.1055169478058815
0.274811714887619
4.649052243621554e-06
0.0644630417227745
30.886127471923828
35.56220245361328
0.05815960466861725
16.01585578918457
22.061569213867188
78.38928985595703
53.18901062011719
19.961219787597656
0.025478102266788483
1.6655873480431183e-07
1.3031703360866231e-07
8.701582232539806e-10
1.2766325596658135e-07
1.527533726175534e-07
1.3515830232790904e-07
1.1871334137936174e-08
1.2475189237193263e-07
1.2822835016024214e-09
7.5635711027644e-09
3.713632423796298e-08
7.768233558635984e-07
0.002677114214748144
40.411808013916016
22.371562957763672
768.0382690429688
1203.118408203125
2195.029296875
1562.3814697265625
1794.4617919921875
1815.4346923828125
1328.17138671875
1610.0054931640625
2057.24072265625
2719.40087890625
1665.6104736328125
596.771240234375
33.54924774169922
4.744693342217943e-06
2.3625943867955357e-06
5.7223395799610444e-08
8.024449016375002e-08
3.635947365410175e-08
1.48944545586005e-08
1.0269265260376415e-07
1.695632647624734e-07
306.55133056640625
1.3695307110594968e-08
2.1772077083587646
2.218755006790161
60.9321174621582
166.61422729492188
721.2520141601562
4309.25390625
8434.5556640625
13860.8564453125
17603.33984375
20098.62890625
21523.921875
20426.205078125
16946.904296875
13482.49609375
8348.64453125
5404.92333984375
3381.964599609375
881.0936279296875
65.96688079833984
1.1505539987410884e-05
6.888674306537723e-06
8.980307342199012e-08
1.0769458658188569e-09
8.542578200376738e-08
2.138016128583331e-07
1.4991682562026654e-08
0.0
107.72335815429688
27.798847198486328
79.7370834350586
175.9956512451172
1354.8211669921875
5695.98876953125
13833.9931640625
25486.46484375
31448.490234375
33369.50390625
32136.5078125
32759.78125
31482.53515625
28614.5078125
24161.40625
16778.984375
9584.2685546875
4968.05908203125
1813.035888671875
524.021728515625
177.080810546875
0.00011088969768024981
1.3336583037926175e-07
1.6085004972410388e-07
1.7136478902557428e-07
2.3884098254711716e-07
2.1653893611528474e-07
31.949663162231445
292.26824951171875
253.6659698486328
210.53671264648438
2121.462158203125
8905.8623046875
21781.916015625
31504.708984375
36436.8359375
35472.078125
31791.0625
29434.759765625
28691.373046875
29025.970703125
30094.376953125
28721.994140625
21850.654296875
13742.1123046875
7032.60107421875
1971.328369140625
759.0563354492188
382.1435852050781
0.00011369437561370432
8.762611969359568e-08
1.333369965550446e-07
1.9726893185634253e-07
1.7103432981002697e-07
1.7111059946728346e-07
26.876354217529297
187.06304931640625
389.76104736328125
1568.0753173828125
10007.5791015625
21803.1484375
32355.8984375
36150.8984375
33367.1875
27460.607421875
19082.23046875
16157.4765625
15909.814453125
18499.263671875
25494.8359375
29102.03515625
23992.046875
16661.279296875
6773.12841796875
1882.09619140625
960.6035766601562
383.9466857910156
4.9654590839054435e-06
4.140732556834337e-08
1.736374932725937e-09
2.1311811337909603e-07
2.842047877038567e-07
1.6291862721118378e-06
0.2204909473657608
103.43912506103516
1524.37451171875
9152.5986328125
21417.0078125
31433.798828125
35831.375
31820.509765625
24038.90625
14317.1533203125
5316.81689453125
3666.317138671875
7547.0205078125
15816.6064453125
24280.9765625
30957.970703125
26864.72265625
15946.3203125
6491.96533203125
1958.0643310546875
715.7388916015625
381.26287841796875
1.6705763528079842e-07
6.9882317710323605e-09
3.4747419164204985e-08
2.9091222586430376e-07
5.737542778661009e-07
7.113007995940279e-07
0.2830572724342346
145.7672882080078
4618.77685546875
15812.96875
30602.759765625
35395.68359375
31320.435546875
19910.544921875
9399.5185546875
2814.3974609375
1153.1986083984375
2775.797607421875
7274.9609375
19281.544921875
29754.33984375
34712.875
28556.833984375
14310.509765625
4582.1044921875
1068.077880859375
137.44436645507812
83.03887939453125
2.1481575629422878e-08
1.294072689006498e-07
2.657214110968198e-07
4.2911230480058293e-07
5.312893449627154e-07
0.0006402033613994718
540.2368774414062
1115.44873046875
8792.34375
22359.833984375
33959.625
32985.18359375
21953.34375
11669.5634765625
4001.09033203125
2345.2841796875
3221.43359375
7261.05224609375
16750.447265625
30080.947265625
36631.890625
36494.17578125
24773.560546875
11804.2021484375
2990.704345703125
491.86822509765625
309.4949035644531
25.04932975769043
1.0169157960149278e-08
1.2104169400117826e-07
7.046574523883464e-08
2.410077968306723e-07
0.0006710255402140319
0.0008264200296252966
689.9481201171875
3725.398681640625
12944.0263671875
25295.826171875
33745.30859375
28304.451171875
18703.734375
10852.3798828125
6524.94873046875
8722.568359375
14559.7412109375
22721.03515625
31089.763671875
37148.72265625
38629.1640625
34233.703125
18304.7421875
7041.3955078125
1633.712890625
924.0833129882812
308.1532287597656
150.0149383544922
1.5361973737526569e-07
7.111519551017409e-08
1.2845183050558262e-07
0.0001960660592885688
0.0008491412736475468
10.034196853637695
908.5648193359375
4832.0498046875
13476.900390625
26689.98046875
32871.82421875
29127.8125
22730.208984375
19763.234375
20753.537109375
26069.765625
30533.451171875
34885.51953125
37757.10546875
38471.953125
38152.66015625
26860.265625
11813.091796875
4637.51416015625
1510.7786865234375
1011.5947265625
197.97540283203125
121.64180755615234
1.5781293427608034e-07
5.727500962393606e-08
5.1581223736718584e-09
1.0606299838400446e-07
1.2294015050429152e-07
15.025338172912598
1206.96875
4824.900390625
11964.6103515625
21560.849609375
32873.87890625
34863.1953125
33813.3984375
32163.6171875
33868.28515625
35265.56640625
35463.96484375
35062.2734375
37189.9921875
38448.69921875
35244.91015625
19836.458984375
5585.21728515625
2200.934814453125
1154.62646484375
384.4527282714844
125.14618682861328
0.0
3.0550762630809913e-07
1.6142158187903988e-07
8.081548230620683e-08
1.5570600453429506e-07
4.756028459951267e-08
11.703629493713379
927.4495849609375
3797.4697265625
8464.81640625
17381.845703125
25479.982421875
32461.0234375
33347.49609375
34317.1875
32316.32421875
29993.15234375
26551.083984375
30958.740234375
37066.42578125
37854.80859375
26472.578125
9607.6181640625
2314.3408203125
577.61865234375
544.7781982421875
217.42071533203125
1.8469451106284396e-06
3.389317839719297e-07
3.9685849628767755e-07
2.0465829919658063e-08
1.1079450956685832e-07
1.235262487853106e-07
1.0401164729501033e-07
1.2694998474671593e-07
185.80015563964844
1330.8785400390625
4588.09765625
7223.09033203125
12670.4169921875
17909.630859375
20161.650390625
19002.2265625
17017.955078125
14465.8779296875
20694.099609375
33078.984375
38336.61328125
33915.42578125
15960.44921875
4127.73193359375
526.4574584960938
222.02931213378906
389.68914794921875
67.88166809082031
0.0
0.1665746569633484
3.503660934711661e-07
7.753356356943186e-08
1.5266189734575164e-07
9.95292950278781e-08
0.06555627286434174
3.827359318364643e-09
6.283893299041665e-07
412.9295959472656
1104.8018798828125
2670.72412109375
4464.4833984375
4664.533203125
4932.3837890625
4988.77587890625
4340.126953125
8221.2939453125
24255.6640625
37296.921875
38565.05859375
27277.990234375
7908.291015625
1362.01611328125
164.87152099609375
53.26401901245117
146.79376220703125
447.65948486328125
0.0
0.2661226987838745
2.3163009643667465e-07
1.1595055582347413e-07
1.19511184948351e-07
6.81551597381258e-08
0.2680988907814026
3.986543788414565e-07
7.486925142075052e-07
0.030839702114462852
1.5917243957519531
515.342529296875
853.4428100585938
814.1057739257812
1061.8779296875
1092.805908203125
3092.392822265625
14500.7880859375
31745.677734375
38574.22265625
34315.4296875
16224.9697265625
3835.3076171875
191.34744262695312
154.5042266845703
58.88340759277344
209.5963897705078
428.94000244140625
5.534584045410156
7.211567343290426e-09
8.079972957375503e-08
1.1165134594648407e-07
3.731195974410184e-08
5.6932336178761034e-08
2.563112388997979e-07
0.09930235892534256
1.1184665709151886e-06
0.007944909855723381
0.41947847604751587
2.9323315620422363
93.79535675048828
203.92649841308594
264.4827575683594
936.2568359375
8156.42431640625
24635.11328125
37152.37890625
38478.734375
25093.369140625
8591.2763671875
940.5867309570312
314.3747253417969
75.4437026977539
62.751827239990234
21.694406509399414
22.99629783630371
4.836974143981934
2.9594099615337655e-08
1.6246431755462254e-07
2.917021468817893e-08
3.423092209686729e-08
1.639066908865061e-07
0.1022396832704544
0.15218621492385864
0.060230761766433716
2.3136324216466164e-06
0.4156310260295868
1.0681804418563843
114.14925384521484
255.3447265625
901.9553833007812
4383.203125
16190.0654296875
30588.34765625
38907.91796875
33035.8828125
16212.5283203125
4056.957763671875
844.3702392578125
415.8177795410156
88.9128189086914
57.38121795654297
0.006135626696050167
0.31167179346084595
6.89923095703125
1.0062267818966575e-07
1.5954006471474713e-07
4.2246952602909005e-09
1.61006923349305e-07
2.3604595611459445e-08
17.713924407958984
16.201112747192383
16.045698165893555
10.906262397766113
9.373089790344238
2.136312961578369
122.2662124633789
499.2692565917969
2490.07861328125
8893.3515625
24009.01953125
34609.984375
36954.625
23982.392578125
9843.7421875
1792.9920654296875
530.7875366210938
355.75543212890625
14.953043937683105
0.0014209415530785918
1.6489049196243286
1.6616575717926025
6.432246685028076
8.010988494788762e-08
9.976765369401619e-08
4.3264343219107104e-08
8.617430324875386e-08
2.420280686976639e-08
9.40248966217041
16.95478057861328
13.098366737365723
10.603936195373535
15.896736145019531
17.187023162841797
510.79827880859375
1093.4547119140625
4528.73779296875
17503.232421875
29841.7578125
37618.9140625
32506.255859375
17468.91015625
4771.3798828125
657.8460693359375
563.6239624023438
296.6419982910156
9.700667760625947e-06
0.0012836792739108205
0.0010168362641707063
1.5027343034744263
0.012125112116336823
2.994512016130102e-08
1.2977265839708707e-07
1.4321248897886107e-07
7.672825041993292e-09
1.052653217925581e-07
5.8058333252120065e-08
6.357667814427259e-08
9.743657112121582
7.433658123016357
31.39046287536621
71.32522583007812
160.36854553222656
2061.594970703125
8771.5947265625
19504.794921875
29985.337890625
34735.7265625
25194.025390625
10702.013671875
3644.67919921875
1286.804443359375
673.5758056640625
1.888580560684204
0.5751192569732666
0.0014806173276156187
158.81924438476562
336.24566650390625
0.0
1.522313795021546e-07
6.58955130461436e-08
5.697395977222186e-08
2.7862760987318325e-08
1.2075376254472303e-08
1.3964302070235135e-07
7.827865289300462e-08
7.995569148988579e-07
6.235612204363861e-07
11.799860000610352
53.3565673828125
120.94051361083984
1422.198974609375
7834.8857421875
17448.599609375
25567.8046875
24479.83984375
15103.9560546875
6933.90087890625
1409.7156982421875
443.3303527832031
34.22107696533203
0.5401096940040588
0.5345264673233032
0.0017619761638343334
363.0667419433594
348.7362365722656
5.252898915841797e-08
1.4354844779518316e-07
9.417729529559438e-08
4.559688093763725e-08
1.3155583644675062e-07
1.341574602520268e-07
3.801095971311952e-08
1.5595284708069812e-07
5.2032991249006955e-08
1.7775277916243226e-09
1.2813026728508703e-07
0.056807950139045715
39.015201568603516
242.2615509033203
1447.0343017578125
5864.97900390625
7737.08544921875
7249.95654296875
3593.930908203125
853.3505249023438
152.96087646484375
1.507857322692871
0.5266745090484619
2.610402134450851e-07
3.3243674479876972e-09
1.5585669643769506e-07
9.415961699232867e-08
1.195418519728264e-07
1.0413892681526704e-07
1.0733644018046107e-07
1.4441633311434998e-07
1.1201039740171836e-07
1.2447662811609916e-07
7.0321584111354696e-09
2.5490413335660378e-08
8.027256082066003e-10
1.1918768194618679e-07
9.373991360916989e-09
1.3732611137129425e-07
8.882850721647628e-08
2.360425854774917e-09
3.607015841566863e-08
0.0
109.88804626464844
166.39085388183594
0.0
0.0642479956150055
3.039918965441757e-07
4.409468488120183e-07
2.589167138467019e-07
8.574939158734196e-08
1.1832929658339708e-07
1.2530780679753661e-07
3.934251591175553e-09
1.0510721892842412e-07
3.651974012086612e-08
1.464500059000784e-07
1.59241082542394e-07
1.5564286570679542e-07
6.794972051693549e-08
