8.595176237413682e-10
8.349224644987885e-10
5.123985680199894e-10
4.4301018409242943e-10
1.2972438678815479e-09
1.7355995529655388e-09
7.26803728312575e-10
1.8877748253487425e-09
2.710988100673717e-10
5.646407993942226e-11
2.1521316673211999e-10
2.0513395426746683e-09
114.96478271484375
132.542724609375
6.278292885575354e-10
1.2205024768618955e-09
1.879158287310112e-11
1.8597821060950537e-09
2.2192416793131997e-09
1.809477456760078e-09
1.0808381273319512e-10
1.5913169670866978e-09
1.6716086292944965e-09
1.2594235654361796e-09
4.469613290591923e-10
2.270382548630323e-09
4.0940481560447495e-10
1.9195340872357747e-09
1.042472996815036e-09
5.868585062351883e-10
3.2753461401413553e-12
2.985913738484669e-10
4.862238944802755e-10
7.827568593299361e-10
264.7870178222656
380.9403991699219
275.8401794433594
72.56999969482422
496.5184326171875
1272.04150390625
1779.2999267578125
886.856689453125
241.03440856933594
317.48773193359375
192.93040466308594
7.5699615478515625
4.875575065612793
1.4547695270650252e-09
1.4390695302068934e-09
2.0426511593285568e-09
1.0524275302886963
0.852306067943573
1.3272448695644812e-09
1.899368662350298e-09
7.838921733949178e-10
1.99818406265706e-09
2.0013797286111412e-09
2.2093138429823966e-09
4.863701108526186e-11
1.2843807961626652e-10
0.2028965950012207
189.03163146972656
400.68267822265625
458.3152770996094
902.7945556640625
1957.608642578125
4598.10546875
7738.21044921875
9887.544921875
10697.1240234375
9710.1328125
5115.17333984375
2052.5205078125
1186.1536865234375
1017.8178100585938
100.00423431396484
1.0375142966978501e-09
1.4314261997938615e-09
0.9077755808830261
1.3616359233856201
5.412197912058048e-10
1.9682799834441767e-09
7.901424514678013e-10
8.442780363715485e-10
2.1385997417411318e-09
1.0615791579127176e-09
2.9983723837112564e-10
1.374848984658783e-10
0.062153834849596024
242.28720092773438
400.37060546875
1615.722412109375
2146.951416015625
5875.0478515625
9939.900390625
16271.66015625
19390.73046875
18619.54296875
16137.1044921875
9187.7626953125
5274.123046875
2418.516357421875
1063.385986328125
408.014404296875
0.49730491638183594
7.15426551334275e-10
0.0
9.42036032514082e-11
1.5311637513448773e-09
1.5805305675353765e-10
2.1888595380659126e-09
1.8588111050377165e-09
1.73957970250882e-09
1.8488045538944675e-09
1.650736547453846e-09
1.5378088802364687e-09
1.8467459783622076e-09
28.07518768310547
700.2839965820312
1450.967041015625
3815.863525390625
9054.43359375
14960.0576171875
23462.396484375
24444.78515625
20137.630859375
15720.3056640625
10754.2333984375
4867.83935546875
1774.904296875
944.870849609375
271.04119873046875
130.99879455566406
0.17975600063800812
0.0005887412116862833
4.3196246579668696e-10
7.486877229290201e-10
1.8493633291427614e-09
1.145208039510237e-09
1.5657060092877373e-09
1.317430053937585e-09
4.059661773414547e-10
9.218260599297423e-10
1.5120793506184782e-09
5.130698088606778e-10
24.969289779663086
992.5875854492188
2333.489013671875
5527.6787109375
13268.2841796875
21447.87890625
27705.96875
24168.640625
17538.283203125
13280.18359375
8046.6533203125
3509.444580078125
1908.6414794921875
272.4429931640625
153.07032775878906
180.96849060058594
115.73041534423828
1.745034117206501e-09
197.1300811767578
179.55857849121094
4.690463573098214e-10
2.1992285770267017e-09
7.457097161989168e-10
7.949318286959439e-11
2.206033800078444e-09
5.526677449019246e-10
1.2116795344851994e-09
42.067138671875
557.6685180664062
1308.8302001953125
2575.05517578125
7247.46923828125
18098.255859375
27209.103515625
30291.3359375
21422.662109375
14241.9208984375
7538.490234375
3877.773193359375
1837.67138671875
306.0002746582031
153.25511169433594
209.8625946044922
190.43942260742188
190.2666015625
369.892578125
293.0330810546875
133.49208068847656
9.304897824469194e-11
1.315288433723083e-09
2.010473787450451e-09
1.0816848527994694e-09
2.069322047049127e-09
1.1610812311602103e-09
36.2075309753418
40.01548385620117
364.47216796875
1645.3818359375
3994.945068359375
10280.251953125
23952.923828125
30191.212890625
28682.626953125
18067.1328125
9922.9873046875
4084.855224609375
1407.775634765625
1038.4813232421875
589.4990844726562
287.9146423339844
391.7802429199219
271.7675476074219
242.7998809814453
379.9010925292969
326.6517028808594
296.09332275390625
0.001823724596761167
0.0033939399290829897
4.980779677588032e-11
4.867655722939901e-10
1.4020204996967323e-09
5.620766629910179e-10
36.20761489868164
61.722713470458984
689.6542358398438
2193.7734375
5414.41259765625
14644.822265625
27775.1796875
32004.43359375
25290.525390625
13758.4326171875
6188.09033203125
1315.2734375
867.7531127929688
914.5640258789062
755.4630737304688
620.505126953125
1242.1348876953125
1229.4913330078125
792.6370849609375
492.8719482421875
279.40985107421875
138.3931121826172
0.002771780826151371
0.0041684117168188095
1.0283345286410395e-09
1.6330301555456117e-09
9.575289450225455e-10
0.0
0.00013968371786177158
121.70122528076172
486.56396484375
3248.1689453125
7434.9921875
21730.59375
30419.84375
30300.48046875
21989.462890625
9430.884765625
4181.97509765625
774.1185302734375
1367.6478271484375
1693.3319091796875
1804.26171875
2807.927978515625
2720.328857421875
3167.200927734375
2066.53662109375
1296.26025390625
770.2030029296875
17.92015838623047
0.5888763070106506
0.003188853617757559
1.3405277998757015e-09
7.534541324183408e-10
1.0660496929659757e-09
4.9969329833984375
7.559964656829834
253.1145477294922
546.4697875976562
3724.7509765625
9615.955078125
25369.04296875
29899.78515625
26445.7578125
16338.916015625
7303.73876953125
3161.485595703125
2585.879150390625
4304.64404296875
5510.330078125
8334.98046875
10663.2548828125
9179.5263671875
8336.0859375
5752.6025390625
3320.079833984375
1385.1285400390625
109.51696014404297
0.6087369918823242
0.003159663639962673
8.464200451641091e-10
1.0127512162227958e-09
1.5833984123858613e-10
2.092328976743829e-09
1.504449725151062
224.52142333984375
1166.9937744140625
4094.747314453125
14359.0458984375
26713.689453125
29971.15234375
24724.361328125
14394.064453125
6029.75341796875
2902.998291015625
4900.2001953125
8551.794921875
14011.90625
17776.435546875
18951.443359375
20780.298828125
18434.388671875
13650.2685546875
7577.23388671875
3459.796142578125
904.1527709960938
19.313262939453125
0.0016070614801719785
1.5366166117303237e-09
1.3227444695118606e-09
1.4374527124161318e-09
2.2333561666698643e-09
1.5897232294082642
135.99949645996094
1126.9501953125
5895.85595703125
17624.97265625
28590.00390625
31259.650390625
22827.98828125
12579.0478515625
5361.51806640625
5916.43212890625
10784.259765625
17506.1171875
22849.330078125
24972.84765625
28135.232421875
27298.197265625
25777.671875
21516.76953125
13756.2578125
6860.75732421875
2394.669677734375
599.1251220703125
4.745447368392774e-10
1.5201047087742836e-09
8.361099590459276e-10
2.0726531602122122e-09
1.6533816538100155e-09
1.5053411722183228
176.47593688964844
1354.908935546875
6553.65380859375
21035.9765625
28717.294921875
30319.859375
20351.205078125
11642.6533203125
7109.0576171875
11293.9013671875
17993.67578125
24664.044921875
27986.822265625
29675.365234375
29230.564453125
29289.443359375
29327.0078125
29281.0390625
18902.669921875
10845.2900390625
4330.873046875
1077.533447265625
1.6729845286889145e-09
1.2589326248146904e-09
6.289793685887446e-11
1.945141159254149e-09
9.364843345238683e-10
2.2740123117870326e-09
0.0
1262.6356201171875
7586.458984375
20334.55859375
27275.1171875
29587.21484375
20129.580078125
12644.244140625
12036.50390625
17060.63671875
24569.546875
27786.748046875
27296.673828125
26525.453125
22642.96484375
23178.890625
26321.87109375
27884.779296875
25159.712890625
13109.73828125
6200.11474609375
1415.87158203125
60.110939025878906
1.0076642853462658e-09
1.32070299141418e-09
5.377035483533632e-10
7.814690561325222e-10
3.07377345798443e-10
1.1246053865932026e-08
1181.3876953125
8063.94384765625
19543.779296875
26066.232421875
29584.935546875
22142.111328125
15772.1943359375
17561.779296875
20841.45703125
27324.521484375
26122.6328125
21648.78125
15756.060546875
13648.4853515625
17052.521484375
22629.451171875
26536.60546875
25357.728515625
16241.8974609375
7603.54833984375
1718.1658935546875
45.06620788574219
2.175446933705416e-09
7.621964170922979e-10
6.198829782810833e-10
1.945164918026876e-09
3.249667201998818e-09
7.456335104905065e-09
998.0678100585938
6926.01318359375
18273.37890625
25803.880859375
29165.896484375
24597.197265625
21095.357421875
20157.2578125
23533.912109375
24811.375
22184.625
15190.3759765625
11811.91015625
9184.8828125
14999.986328125
20548.42578125
28377.11328125
24817.349609375
15145.408203125
6739.89208984375
1677.8743896484375
82.92586517333984
1.5059672398010093e-09
1.4550137761304427e-09
1.3198595549823722e-09
1.4854315555368203e-09
7.726547179842669e-10
3.218456390285951e-09
1413.3363037109375
5911.35009765625
15559.904296875
21628.455078125
28539.5546875
27586.5390625
24853.04296875
24966.65234375
24014.228515625
24760.421875
19525.888671875
15164.447265625
11468.3525390625
13495.4560546875
20530.720703125
27045.849609375
26375.43359375
22856.158203125
13543.7041015625
5844.1552734375
1481.1475830078125
21.561506271362305
4.097092187294038e-06
1.6965195914764308e-09
1.7423512632674942e-09
1.5271299780295067e-09
1.8049871597369815e-09
2.1674344541366963e-09
639.9956665039062
3835.182861328125
9940.5166015625
19497.462890625
27082.87109375
29762.806640625
29773.029296875
29378.58203125
27940.5078125
27152.501953125
23365.68359375
19412.265625
19608.61328125
22551.75390625
26434.970703125
29059.982421875
25190.302734375
18745.373046875
8270.5859375
2097.68798828125
396.59637451171875
1.5865934983594343e-05
1.5417206668644212e-05
2.0152226554159824e-09
1.221352574631851e-09
7.107400779027273e-11
7.566852144869074e-10
1.2354391953905974e-09
167.4322967529297
2711.400634765625
5497.0869140625
11783.482421875
21803.619140625
27829.623046875
32025.67578125
32600.984375
31064.33203125
30517.85546875
28741.259765625
28689.86328125
28503.640625
29945.5078125
30264.8203125
27539.75390625
21194.814453125
8875.5595703125
3193.806396484375
695.2303466796875
337.55877685546875
1.1726295490177563e-09
1.0819757312319211e-09
2.000747623132071e-10
6.976007965731057e-11
2.1405104355665117e-09
1.1737337768380485e-09
4.979525680681718e-10
26.31523323059082
1086.9539794921875
3592.332763671875
7450.9921875
12191.4072265625
20085.16796875
28091.78515625
31736.19921875
33092.3359375
32493.537109375
32837.5546875
32810.29296875
31409.640625
28754.431640625
25678.31640625
17385.482421875
8438.294921875
2566.435302734375
1674.0731201171875
437.2603759765625
379.2220153808594
2.3698571993691075e-09
2.906917484502003e-10
1.058445275869957e-10
1.4559995431540074e-09
3.463340725318176e-10
1.6254182444441767e-09
2.4352244665237777e-09
5.008125025796062e-09
122.11809539794922
1380.348876953125
2754.54833984375
4932.8427734375
8519.13671875
15087.3349609375
21125.58203125
25834.53125
28451.625
28394.55859375
26261.083984375
23327.728515625
17984.287109375
12775.5244140625
5344.1015625
2505.74853515625
1375.9345703125
433.527587890625
476.8798828125
405.95361328125
1.733836518802434e-09
1.5280557930097416e-09
1.8301664628239678e-09
8.37140079479326e-11
1.4770784595441455e-09
1.782243463921418e-09
3.046821017704815e-09
3.912747015277773e-09
5.015647897010922e-09
386.5172424316406
536.6318359375
1661.0992431640625
1994.8553466796875
2446.2255859375
3628.787841796875
6257.1591796875
7765.8671875
8356.28125
8733.0322265625
7738.91064453125
4985.2314453125
2498.9580078125
1544.5208740234375
1231.6318359375
507.51287841796875
405.296630859375
94.32181549072266
1.1400463906241498e-09
1.689677509020271e-09
6.230926330452746e-10
1.0376961512292837e-09
8.788025307460146e-10
1.048452435981062e-09
7.47720108051908e-10
2.021869782709018e-09
1.562322840542585e-11
4.1834842257060245e-09
8.66157723322658e-09
1.1129710486557087e-08
135.74850463867188
142.40635681152344
154.21726989746094
231.3770751953125
228.22491455078125
156.63580322265625
354.01129150390625
283.4757995605469
343.5223083496094
438.1075134277344
441.2032165527344
180.66490173339844
73.3184585571289
79.51690673828125
72.5787353515625
34.38280487060547
1.8243231370007607e-09
1.7012312669706375e-09
1.228586676838006e-09
1.6913318523492649e-09
1.1736216443125613e-09
1.485208955820383e-09
4.2972728153678474e-10
4.115485729982993e-10
1.0437072317515117e-09
5.763028276817295e-09
4.4734624893294495e-09
6.681404762787224e-09
9.281257540294519e-09
0.0005405523115769029
0.0005061891861259937
1.1288708634538125e-08
2.031336521213234e-08
1.8990142791608378e-08
1.6697905280693703e-08
1.2204865562637224e-08
1.0422460228198815e-08
7.647309452352147e-09
15.677826881408691
65.86305236816406
72.9328842163086
60.005126953125
0.0
2.034209911627727e-09
1.0322251942085359e-09
9.000607481546297e-10
4.927245833563632e-10
1.7499568460976889e-09
1.0544466411133158e-09
2.616143968126039e-10
4.4120215814125174e-10
2.0711297121778216e-09
3.7457907886562225e-09
6.153396014951795e-09
5.3704116709241134e-09
3.93159416134381e-09
2.563663059618193e-09
1.7466917912045687e-09
3.845084695086598e-09
7.83952103233787e-09
9.560986669043814e-09
9.705813930338536e-09
5.135041725168321e-09
4.163143163538052e-09
5.012975812235254e-09
2.465179171906584e-09
3.457860220379416e-09
2.856087810698682e-09
9.23332965641066e-09
8.040372811990437e-09
7.646817623552238e-10
4.2626480123431065e-10
8.54686765805468e-10
1.9044348320562676e-09
5.838262512325443e-11
2.157040657202458e-10
1.0492394730832189e-09
4.570856471097784e-10
8.02266086896708e-10
6.479218828125966e-10
3.0120625993390604e-09
1.9674748497067185e-09
1.5199624892048291e-09
1.382882031109034e-09
2.10863171368203e-09
1.3612674321095142e-09
6.055338452881642e-10
1.753812650662212e-10
3.438028306490537e-09
4.6430033151523276e-09
2.6825230925453525e-09
7.382698341551475e-10
1.6099853672457698e-09
2.4898560990749274e-09
1.2711468544424065e-09
1.9664916361961104e-09
1.7528849483028353e-09
1.019716755479294e-09
1.7532013618648534e-09
1.9843962029142403e-09
2.1062394051085676e-09
1.4455316943440266e-09
2.198368598271827e-09
4.974866074647366e-10
1.682334715980005e-09
7.693249925999623e-10
1.8538555135449997e-09
9.760483532517128e-10
1.4791564639793364e-09
7.337682544905633e-11
4.857472757358039e-10
1.3543942634086648e-09
1.8772183807413967e-09
2.2435227009509617e-09
3.088855907162902e-11
3.628241596054238e-10
1.4923223767837612e-09
2.826492095930888e-10
4.3024422913262583e-10
1.3330840875624972e-09
8.785329234928252e-12
2.425433742736516e-10
1.7197895330056667e-09
1.805496863127587e-09
2.0702390912674673e-09
2.1367903002555977e-09
1.9175978582808284e-09
4.391851882168396e-10
5.409626635533016e-10
8.076327384642923e-10
6.432764321218087e-10
