2.158115393058324e-07
4.072552997058665e-07
5.478830189531436e-07
6.151519755803747e-07
1.7494133430773218e-07
5.942575285189378e-07
3.743458023564017e-07
1.7624404335947474e-07
7.268415060934785e-07
7.586776860080136e-07
6.777480052733154e-07
2.0883817342109978e-08
2.9582037086584023e-07
4.6836493083901587e-07
6.777779049116361e-07
6.231137490431138e-07
6.547936095557816e-07
6.262046667870891e-07
8.336531323038798e-07
5.307152832756401e-07
2.961750666941043e-08
2.8698360665657674e-07
1.928297166386983e-07
6.952137141524872e-07
7.600854132761015e-07
5.6061111308736145e-08
5.637014623971481e-07
6.598190083195732e-08
1.8153308189994277e-07
5.635347406496294e-07
2.4604009496442814e-08
3.432734843045182e-07
2.8803938789678796e-07
2.810925536778086e-07
4.6602377778981463e-07
7.299152948725407e-10
1.3707652612993115e-07
6.049936587260163e-07
7.14707880433707e-07
6.32958119695104e-07
2.864593113827141e-07
7.35554522179882e-07
5.262518243398517e-07
8.072501032074797e-07
6.811621915403521e-07
5.002043579338533e-08
1.572699517282672e-07
9.429189873344512e-08
7.756642048661888e-07
1.1592506865554242e-07
9.741737727608779e-08
6.913776360306656e-07
6.037399771230412e-07
2.0957669732979411e-07
1.5703670896982658e-07
5.900157589167065e-07
7.712514360491696e-08
2.3448860986263753e-07
5.696692255696689e-07
7.594297812829609e-07
5.373444764700253e-07
6.04633157763601e-07
1.433090659475056e-07
8.037447400965902e-07
3.990156116628896e-08
2.1925637838648981e-07
8.527654671297569e-08
1.7286922115999914e-07
8.031614129322406e-07
6.185786673995608e-07
1.145040641858941e-06
1.4879620948704542e-06
9.779887477634475e-07
8.004668643479818e-07
3.347582833157503e-07
5.24062784279522e-08
5.492655077432573e-07
7.832732990209479e-06
1.2306601092859637e-05
9.380643859913107e-06
9.170245363065987e-08
7.646633548574755e-07
1.1397889920772286e-07
8.243060847235029e-07
6.019547527102986e-07
8.243997484669308e-08
5.753050231760426e-07
5.795187121293566e-07
2.4115191990858875e-05
2.344372518336968e-07
8.297835165649303e-07
3.773862431444286e-07
1.0523273203943972e-06
1.0272485724271974e-06
1.248988382940297e-06
1.402218799739785e-06
7.561051461379975e-05
21.64154815673828
25.40235137939453
22.809345245361328
32.05967330932617
32.837158203125
46.718963623046875
40.4322624206543
34.49758529663086
31.534656524658203
23.717859268188477
0.0008585613104514778
9.932486136676744e-05
2.6898933924712765e-07
8.491001608490478e-07
6.757247774658026e-07
1.6641800826278086e-08
5.417879833657935e-07
6.755746539965912e-07
1.2498306034558482e-07
5.403303475759458e-07
0.0
5.310057531460188e-07
9.38329792022705
8.232365608215332
16.85529327392578
165.5945587158203
267.7444763183594
398.5020446777344
1275.266845703125
2436.24951171875
3909.3359375
4322.7109375
5834.09521484375
6270.25439453125
5016.9814453125
3287.4541015625
1908.1973876953125
1091.9500732421875
48.524166107177734
50.07944107055664
2.7475106716156006
7.678536348976195e-07
7.335505074479443e-07
5.227133783591853e-07
9.12741526803984e-08
7.177163752203342e-07
6.15588651271537e-05
2.4076899762803805e-07
0.0
0.0
8.921586990356445
41.97737503051758
146.90895080566406
843.4763793945312
1795.935302734375
4962.81298828125
11362.228515625
16521.798828125
23034.158203125
27562.83203125
28529.44921875
27333.669921875
22049.791015625
16132.6923828125
9050.5
6465.8837890625
2794.76171875
1677.067626953125
24.650625228881836
35.77848434448242
0.0
7.627846088098522e-08
1.6314885442625382e-07
3.0065424994063505e-07
6.429237942029431e-08
6.447352802751993e-07
0.013299128040671349
68.06322479248047
113.35929870605469
245.55731201171875
1143.3916015625
2810.02001953125
6487.13525390625
15103.955078125
23526.833984375
30020.099609375
32543.1328125
33274.96875
33505.16796875
32766.6640625
30077.564453125
22718.986328125
16524.32421875
10246.5029296875
6864.0869140625
3296.030517578125
1043.475830078125
167.13613891601562
5.717026283491577e-07
4.067181862410507e-07
3.685580907131225e-07
5.90452842175182e-08
7.440408467118687e-07
106.63278198242188
92.93853759765625
91.75577545166016
200.05160522460938
1347.0419921875
2580.066162109375
7337.978515625
16978.150390625
26164.888671875
31004.798828125
33790.9375
30597.43359375
28823.037109375
27963.111328125
28588.3828125
29515.646484375
26880.390625
20456.3359375
15113.9716796875
7342.2900390625
3372.43798828125
1346.2208251953125
466.0426025390625
4.4304567126118855e-08
2.1991907317442383e-07
7.492429290323344e-07
5.381255050451728e-07
5.728023779738578e-07
97.4728012084961
83.43602752685547
93.98319244384766
359.8793640136719
2501.9658203125
5187.0185546875
13793.1669921875
24866.369140625
31110.49609375
31370.01171875
28588.712890625
20079.451171875
16255.59375
17481.47265625
21939.6796875
26969.509765625
28760.28125
21925.486328125
17087.17578125
9566.392578125
4309.59716796875
1102.84130859375
388.7830810546875
5.442757924356556e-07
1.9824629760023527e-07
7.986492960299074e-07
6.465799060606514e-07
6.300676318460319e-07
88.07936096191406
106.27299499511719
106.84622955322266
579.9630126953125
3342.74072265625
7336.73779296875
18398.99609375
28975.4765625
32911.578125
25792.71484375
15967.5234375
8828.12890625
8077.18408203125
13388.091796875
23945.9765625
29107.193359375
27998.4765625
20105.33984375
13312.9873046875
6804.36767578125
3234.454345703125
877.267333984375
308.3341369628906
7.637837597940234e-07
4.769972861140559e-07
2.4812467813717376e-07
5.574401029662113e-07
2.9263532042023144e-07
0.15979741513729095
53.226688385009766
83.38824462890625
301.3014831542969
3144.4130859375
8927.1123046875
20408.208984375
26815.181640625
26845.845703125
19688.76953125
8308.27734375
5783.8603515625
11167.37109375
21338.625
28131.056640625
31125.12890625
25664.001953125
16890.2734375
7893.95849609375
3205.5107421875
1229.9072265625
768.2315673828125
124.74552154541016
1.2426879081317566e-08
3.354462023708038e-07
7.031121640466154e-07
7.298575610548141e-07
5.740271831200516e-07
0.16680438816547394
0.31825926899909973
14.977084159851074
321.9942321777344
3269.981689453125
8454.4072265625
19825.30859375
24603.98828125
24538.451171875
17985.677734375
10170.0771484375
12360.037109375
22373.970703125
31986.978515625
32623.75
28316.2578125
16968.03515625
7808.34423828125
4614.4970703125
1113.995849609375
514.009033203125
93.41706848144531
3.2444148700960795e-08
3.2392500770583865e-07
5.5534908227627966e-08
8.140390832522826e-07
6.854286880297877e-07
5.133384775035665e-07
0.17833860218524933
0.45174625515937805
88.42423248291016
224.92111206054688
2638.82958984375
6978.26904296875
15176.91015625
23001.900390625
25639.06640625
22641.251953125
18832.365234375
27026.388671875
30991.611328125
32913.13671875
28803.81640625
17033.396484375
8170.09228515625
3496.446533203125
783.1215209960938
323.4078674316406
259.9005126953125
10.958057403564453
0.7187601923942566
0.9962455034255981
3.720663812600833e-07
6.77243406244088e-07
2.740075899509975e-07
1.7492295967258542e-07
8.584320880800078e-07
2.9261457257234724e-06
125.66320037841797
162.92742919921875
2042.06787109375
5404.4755859375
11180.34375
21121.107421875
30325.138671875
30414.248046875
30513.107421875
33656.15234375
33454.47265625
27322.505859375
18646.431640625
7558.65576171875
2410.840576171875
854.9400634765625
336.13641357421875
383.74169921875
262.9064636230469
0.6917432546615601
0.6195357441902161
0.36533424258232117
8.08866332135949e-07
7.231451490952168e-07
1.5532741315382737e-07
3.5085935223833076e-07
0.0007647290476597846
3.365965767443413e-06
11.538901329040527
652.5885009765625
1719.9351806640625
3800.119384765625
10724.3017578125
22138.037109375
30465.884765625
33211.3515625
34289.4140625
34231.4140625
30425.80859375
16986.525390625
6994.416015625
2088.31591796875
527.5313110351562
206.73605346679688
298.4841003417969
239.5145721435547
118.04714965820312
1.2134410098951776e-05
9.672967138385502e-08
8.476903872178809e-07
8.159960884768225e-07
5.037865093981964e-07
5.572131271947001e-07
2.938367629212735e-07
1.8342195744480705e-06
12.39106559753418
63.36676025390625
617.25830078125
1654.966796875
4624.52685546875
12161.189453125
21806.798828125
32976.89453125
35381.14453125
33496.05078125
32228.552734375
20269.84375
11137.9716796875
3098.913330078125
753.3688354492188
34.938106536865234
13.041858673095703
1.2640696695598308e-05
0.004970356822013855
0.004272486083209515
6.51734490020317e-06
1.8879069330068887e-07
1.1894173468363078e-07
5.304983119458484e-08
2.1345717016174603e-07
0.00017766114615369588
0.0002135893446393311
5.889350632060086e-06
16.480443954467773
244.62123107910156
1188.3897705078125
3052.80419921875
9426.466796875
17826.822265625
27728.443359375
33780.66015625
33587.18359375
31533.087890625
27411.287109375
19569.90625
9358.16796875
4699.79443359375
1000.3436279296875
43.81804656982422
16.44002914428711
7.733173847198486
0.00449207192286849
0.003290603868663311
1.4115831845629145e-06
8.128843660415441e-07
5.449143714031379e-07
8.236290796048706e-07
1.0944697237391665e-07
0.00019394744595047086
2.660207986831665
3.0661497116088867
278.1249084472656
1715.8553466796875
2761.66845703125
8476.150390625
15442.4228515625
24449.4765625
29766.6171875
28853.470703125
26684.888671875
25601.4296875
28305.05078125
22887.015625
12984.91796875
5287.080078125
1592.2530517578125
821.5226440429688
613.515625
713.7601928710938
524.3851928710938
10.713889122009277
7.449773788452148
4.649712650461879e-07
1.0557965168800365e-07
1.0853794663034932e-07
6.29519945505308e-07
8.484237332595512e-05
3.280538320541382
163.7930450439453
1439.428466796875
2392.6015625
6408.6142578125
13249.6181640625
21750.9296875
29713.943359375
26635.9296875
21811.107421875
17619.443359375
21278.841796875
26475.232421875
26157.88671875
14769.41796875
6097.29150390625
2216.160400390625
1084.7030029296875
600.005126953125
700.6961059570312
20.07362937927246
10.687784194946289
12.429606437683105
3.0145442906359676e-06
1.3274696186726942e-07
1.1010257594534778e-07
3.723635586538876e-07
1.178959610115271e-05
20.180179595947266
153.23880004882812
1635.6209716796875
3920.81396484375
9326.7685546875
19160.748046875
27783.17578125
29123.310546875
22060.25
12627.76953125
11703.34765625
19810.75
29860.498046875
27932.392578125
16897.193359375
6930.42529296875
2309.689697265625
1111.476318359375
740.979736328125
379.6457824707031
20.54407501220703
11.014142036437988
5.004520517104538e-06
5.34940454599564e-06
3.374640584752342e-07
4.4699284273974627e-08
4.237003565776831e-07
1.0158413715544157e-05
26.204214096069336
506.0363464355469
1854.497802734375
6522.80419921875
13223.2314453125
23229.09765625
30307.70703125
25406.974609375
16877.3125
8479.5576171875
12633.6357421875
24865.62109375
29681.302734375
27396.318359375
15852.2001953125
7023.9814453125
1009.0489501953125
507.87274169921875
284.750244140625
127.50475311279297
112.52813720703125
9.348396301269531
14.261801719665527
5.41894337402482e-07
3.9921997085912153e-07
6.78156538924668e-07
2.0167219005884363e-08
4.773121986545448e-07
12.1476411819458
411.4138488769531
2370.885498046875
7360.35693359375
16135.451171875
24272.58203125
29365.611328125
26390.267578125
19042.28515625
18112.435546875
23222.580078125
29423.5
31092.171875
24963.01953125
11522.0625
5043.2021484375
489.8252868652344
233.6680908203125
172.14633178710938
94.91131591796875
104.38288116455078
16.434612274169922
16.452350616455078
1.9886869040419697e-07
5.477879767568083e-07
2.0214288554143423e-07
8.041551495807653e-07
2.002747550022832e-07
3.677536710711138e-07
88.92630767822266
1935.651123046875
6282.38330078125
14109.2080078125
23594.841796875
31752.1640625
31534.443359375
30133.94921875
30028.720703125
31707.140625
32300.3984375
28174.888671875
17692.4375
8502.30859375
2597.308349609375
261.7538146972656
85.54290008544922
61.57235336303711
87.23945617675781
0.07223249226808548
12.78490161895752
13.457844734191895
1.5277511522526765e-07
3.7302720556908753e-07
5.8173696970698074e-08
1.4863630326544808e-07
7.524987495344249e-07
6.934367888788984e-07
14.000149726867676
946.621826171875
4001.767333984375
10991.9033203125
20284.837890625
28582.4765625
32595.2421875
33211.87109375
32909.53515625
31549.982421875
26414.521484375
18330.6328125
8899.4990234375
3069.865234375
786.9404296875
202.66439819335938
47.98258972167969
0.08253509551286697
0.10693030059337616
0.07791688293218613
1.9313552002131473e-06
8.505222695021075e-07
7.745886705379235e-07
6.56640963825339e-07
2.2758631246233563e-07
6.66379207814316e-07
4.845377361561987e-07
6.708494311169488e-07
7.813047204763279e-07
2.2747159004211426
694.0826416015625
3387.095703125
9724.2177734375
15884.91015625
22244.44921875
23708.7109375
22263.5703125
18199.99609375
13209.833984375
6306.53125
2463.3603515625
660.6805419921875
249.40675354003906
0.821682870388031
0.06459272652864456
0.1291731297969818
0.1364562213420868
0.060575325042009354
7.33749416781393e-08
7.472069114555779e-07
4.513921680882049e-07
8.337957524418016e-07
7.602635037073924e-07
2.190432297766165e-07
6.470368134614546e-07
5.046453921409011e-08
7.626814522154746e-07
1.9136297169097816e-07
0.4244691729545593
0.6391896605491638
641.2167358398438
671.7860717773438
866.2752075195312
808.4856567382812
1123.9039306640625
1090.1981201171875
901.274658203125
704.263916015625
428.46978759765625
7.747826771264954e-07
7.315457537515613e-07
6.741087190675898e-07
2.279013067152391e-08
9.31440311546794e-08
0.00620646309107542
0.010444010607898235
1.7362640392093454e-07
2.849728844012134e-07
1.0551238460720924e-07
3.8338967556228454e-07
1.4449676655203803e-07
5.640475251311727e-07
8.216258606807969e-07
5.885705718355894e-07
8.15775464957369e-08
5.216319323153584e-07
5.860493388354371e-07
6.927650133548013e-07
7.62005015531031e-07
2.442806987801305e-07
0.0003275330818723887
0.001462155720219016
0.0018199313199147582
0.0010374949779361486
3.7092877391842194e-07
1.1483710871118546e-08
8.54799452554289e-07
5.503396209860512e-07
8.15000547049749e-08
3.173617244556226e-07
7.546370284217119e-07
1.5853086665629235e-07
6.468428637163015e-07
6.086037842578662e-07
4.797020025648635e-08
5.040078008278215e-07
4.477612947084708e-08
4.6715584289813705e-07
6.788109203625936e-07
8.404293083685843e-08
1.448733826237003e-07
7.780187161188223e-07
3.5813238241644285e-07
6.594067940568493e-07
8.609804353909567e-07
5.403904879131005e-07
3.902255514276476e-07
6.874598170725221e-07
1.3519297681341413e-07
7.057858510961523e-07
1.2898253487492184e-07
5.564349407904956e-07
1.1113188946865193e-07
5.935615945418249e-07
8.51539368795784e-07
1.7575784738710354e-07
3.4239124602208904e-07
6.23689061285404e-07
7.601778406751691e-08
7.507894110858615e-07
3.1617862106259054e-08
5.241331564320717e-07
7.747159429527528e-07
3.461217090716673e-07
1.660160506844477e-07
4.3020034468099766e-07
