3.5408966869709957e-09
9.526324173947387e-10
1.6025885063442047e-09
1.3074814564362214e-09
1.1390273169098464e-09
2.71728750611544e-09
1.1915244346738518e-09
6.385811879283665e-10
1.073638844495406e-09
1.5971726163854782e-09
3.288127325973278e-09
9.339194972923792e-10
3.735278752969862e-09
1.5350203330655177e-09
6.581727385324143e-10
1.0927754257039624e-09
3.27702931457452e-09
4.104715234376499e-09
3.144197568971663e-09
3.2382065917602176e-09
1.9821463914659887e-10
1.7389599760164742e-09
2.1833976848739667e-09
4.190454649943831e-09
6.265547525252657e-10
2.9325670780622204e-09
3.4051867991991003e-09
4.222173721757372e-09
1.1041898506647385e-09
9.442792103797615e-10
6.715697997705661e-10
3.2668479033048925e-09
6.875191527200286e-10
3.0470745926436393e-09
5.180373907620606e-10
3.9116239136660624e-09
6.643258720906431e-10
7.943456448167296e-10
3.8773784183376847e-10
4.2353369700265375e-09
4.315337864824187e-09
2.068684779032992e-09
2.3898787393505927e-09
3.7894629656420875e-09
1.1544144529196387e-09
3.058558739610362e-09
1.5141388143291579e-09
2.642809082686881e-09
2.828269840549069e-09
3.889455868488767e-09
2.303889745647325e-09
2.2971273772043332e-09
3.0416620333539868e-09
1.0784508008843119e-10
1.1745787675820907e-09
4.447465506984827e-09
1.5124865804239107e-09
2.977940338766416e-09
7.122675227400066e-10
3.94613541843114e-09
7.021906389681476e-10
1.4732992603683215e-09
3.2950984163448993e-09
9.525273902966092e-10
4.319558932763812e-09
3.5651066543351817e-09
5.040907691267194e-10
3.6999689978500783e-09
4.924435303976793e-10
1.4568581896412525e-09
3.6504579359331046e-09
4.23553769834939e-09
3.7772927008461465e-09
4.413074350395618e-09
3.7131606678286744e-09
1.3585554903272623e-09
2.9285325275907326e-09
6.235319205405432e-11
2.77696821093798e-09
8.11037403902759e-10
1.5805509123723027e-09
5.385107360034169e-10
3.619037292068583e-09
3.3436191593239073e-09
3.0616407187267214e-09
2.2119648335205966e-09
3.6960252636220048e-09
1.166570395838562e-09
1.1710328262637404e-09
3.488758615333154e-09
3.6561684790825666e-09
4.022792321478619e-09
2.987574854174113e-09
1.0219329826810508e-09
1.5855279311693948e-09
3.4907807755502063e-09
3.5741942738809485e-09
1.3004002319405572e-09
3.1028863922699657e-09
1.4635825884568021e-09
5.408766212688931e-10
2.8837554566507606e-09
8.321009992151573e-10
3.844847995537748e-09
4.082288285189861e-09
2.476872484891146e-09
2.9986368943468733e-09
2.299657131388244e-09
4.260158448232687e-09
3.775745938128239e-09
2.909667395911697e-09
2.598580906010284e-09
9.889271623819695e-10
4.927323549175355e-10
8.733916367908989e-10
33.11531066894531
40.04265213012695
23.335954666137695
9.487690925598145
0.25821661949157715
0.6377473473548889
0.34034982323646545
0.6778618097305298
0.7637434601783752
6.8175249099731445
12.809662818908691
6.578384876251221
4.313157830893033e-09
2.2221415818535206e-09
1.5039111067594035e-09
2.0109935938705803e-09
2.438362622925183e-09
9.318709137673409e-10
96.89188385009766
51.510250091552734
4.353126747957958e-09
2.80242540284803e-09
3.0274038831379357e-09
1.9212789137412756e-09
2.593421033481036e-09
2.7413147307697727e-09
4.2825902824006334e-09
3.02984903832737e-09
26.81287384033203
24.147676467895508
43.08944320678711
307.1714172363281
461.5195007324219
380.28582763671875
591.9859008789062
725.0755615234375
803.2091674804688
763.5414428710938
733.7431030273438
576.135986328125
572.9829711914062
518.422607421875
609.5455932617188
87.19729614257812
19.299345016479492
8.537660598754883
92.72225189208984
49.1769905090332
4.908044193285832e-09
5.3790065734915515e-09
4.981017820426814e-09
3.931080794217223e-09
5.035414307741348e-10
2.6951754161785857e-09
3.2068292465936565e-09
327.5325012207031
0.0
124.23778533935547
743.3789672851562
1631.63330078125
2891.1484375
5801.8427734375
7022.23193359375
9395.171875
9793.8994140625
10356.4462890625
9575.5576171875
10940.9560546875
10036.896484375
8842.2841796875
6919.6201171875
4011.4248046875
2408.79052734375
1372.1514892578125
269.9166564941406
66.89344024658203
1.1344235772980937e-08
1.1732799620745027e-08
4.31556568258884e-09
3.1300768643660604e-09
3.836596818018734e-09
4.360034999706386e-09
4.435639482380793e-07
308.6060791015625
756.7332763671875
1931.8167724609375
4639.916015625
8246.3349609375
12907.05859375
19242.29296875
22571.822265625
27394.1484375
31405.828125
32773.12109375
35765.9375
37277.6171875
35582.140625
35862.73046875
31965.130859375
24265.8046875
13907.05078125
5618.68798828125
2395.071044921875
434.7016906738281
115.12457275390625
133.3035888671875
2.6762148053194323e-09
2.962055711819289e-09
2.118905717551911e-09
1.2315062303258628e-09
1.3528584918987008e-09
587.6310424804688
1437.1746826171875
4831.97900390625
8928.2236328125
15394.0634765625
22821.14453125
31189.21484375
36855.1015625
42175.22265625
43679.26953125
46235.3359375
46226.02734375
46911.5859375
48349.20703125
48031.6171875
44954.578125
35054.546875
23411.138671875
9174.2626953125
3099.9375
1079.517822265625
86.58131408691406
132.44500732421875
65.58438873291016
5.46685852143014e-09
3.128763470527929e-09
1.4447743001966273e-10
0.0
315.1510925292969
2390.6474609375
5463.13623046875
10498.759765625
17083.896484375
24004.0703125
32331.8515625
38953.125
42706.828125
42956.41015625
41380.05859375
38803.984375
38572.08984375
41995.10546875
43740.984375
44627.65234375
39744.9140625
26984.392578125
11115.4072265625
3900.4111328125
1267.8824462890625
241.54052734375
115.90933990478516
81.66937255859375
2.9924869249242647e-09
2.525327724711701e-09
3.3086453576913755e-09
0.02070578932762146
54.07822036743164
2181.88818359375
4657.92626953125
7921.5771484375
14752.0634765625
21667.927734375
25427.591796875
28632.236328125
29291.150390625
25882.056640625
24361.548828125
21226.736328125
19954.662109375
26262.498046875
39062.4453125
46379.9921875
40431.359375
25390.419921875
11572.6201171875
3518.404052734375
1328.943359375
247.0167999267578
115.09705352783203
133.3035888671875
2.1155213136836437e-09
1.495586876565369e-09
4.263885688970959e-09
1.3873150406240597e-09
34.67149353027344
956.2412109375
2061.242431640625
3976.433837890625
7297.51953125
12613.90234375
14906.052734375
16367.412109375
14691.2236328125
13086.17578125
10576.9599609375
6880.37890625
8856.0830078125
17499.548828125
36179.7265625
45267.2734375
37670.86328125
22610.4921875
8941.994140625
2953.237060546875
1017.1682739257812
220.32070922851562
1.5457712411880493
1.9256070071804743e-09
1.1134729804851418e-09
3.3294138557238284e-09
1.7245828098921834e-09
2.1763187085799274e-10
1.2610667943954468
243.44940185546875
536.9840698242188
1565.14306640625
4082.77685546875
5308.84033203125
7754.08203125
8753.9990234375
8379.138671875
6049.12255859375
3795.0361328125
4256.56005859375
7666.501953125
20763.611328125
40102.359375
44720.5078125
34080.9765625
18329.265625
6273.75341796875
2319.864501953125
682.75830078125
0.0037984687369316816
1.8764584064483643
3.0816620366636016e-09
3.4854200081646525e-10
2.4985009616784737e-09
3.3768736695805046e-09
3.0658426908303227e-09
2.292303236117732e-09
138.57180786132812
113.95697784423828
819.9319458007812
3148.841552734375
3474.7880859375
4472.0498046875
6170.6787109375
5760.2607421875
4057.015380859375
3514.618896484375
3673.962890625
10522.6005859375
27186.474609375
42778.73828125
45223.4140625
30956.22265625
16332.8056640625
5105.14892578125
1688.617431640625
535.2555541992188
223.35012817382812
66.503173828125
2.929192222111965e-09
3.908493972915039e-09
3.2851807940659228e-09
4.470452452665086e-09
2.3193138520838374e-09
2.4337436510535326e-09
7.933684265104546e-10
0.01529849972575903
663.904296875
1394.3050537109375
2885.188232421875
2756.593505859375
3963.86083984375
3410.051513671875
2845.450439453125
3456.540771484375
5176.0498046875
14739.83984375
34001.078125
44951.80859375
41554.39453125
26847.783203125
12923.4892578125
3934.23828125
1896.426025390625
1076.9810791015625
642.2936401367188
542.9360961914062
310.81695556640625
4.221829108530528e-09
3.6004337289341493e-09
2.2608290795034236e-09
4.168183131980641e-09
2.4951360977354398e-09
1.0332558142422954e-09
0.011885127983987331
8.992179870605469
1101.661376953125
1576.2017822265625
2624.16943359375
2771.143798828125
3142.685546875
4360.35107421875
5286.419921875
7696.87158203125
21536.470703125
39693.30078125
47099.52734375
39547.546875
23199.259765625
9163.3291015625
3767.997802734375
1893.67822265625
877.9821166992188
623.233642578125
489.322998046875
327.8570251464844
3.4167229046033754e-09
1.371553093321154e-09
2.901492601736777e-09
5.6317606828004685e-11
1.8461426831706262e-10
4.204393722062605e-09
0.0062895542941987514
1.8641661405563354
438.2672424316406
1258.7410888671875
1726.6962890625
2452.487548828125
2964.052490234375
4432.7548828125
6141.8681640625
12236.3505859375
29185.65625
44750.7578125
46154.3359375
31955.63671875
16751.2734375
5924.384765625
2648.46826171875
817.2369384765625
205.483154296875
73.1711654663086
41.25275421142578
25.32965087890625
6.071320113321121e-10
3.765946665623687e-09
2.994245296150666e-09
2.9054478822843066e-09
4.715550727674156e-10
1.897256657334978e-10
0.0007348639774136245
5.258835315704346
396.87469482421875
942.4614868164062
1007.2086181640625
1785.05126953125
3356.12109375
5176.90673828125
7388.18359375
17051.287109375
37233.51171875
47691.16796875
44993.00390625
27941.990234375
10738.556640625
3100.89208984375
1450.8118896484375
424.8461608886719
251.65135192871094
176.4141845703125
125.36320495605469
100.57080841064453
1.6396399515894444e-10
4.299642419880456e-09
5.976458772316562e-10
4.162019173747922e-09
5.893365795373029e-10
1.647041614205591e-09
4.0979082349679175e-09
6.5631232261657715
364.785400390625
441.80126953125
1189.8304443359375
1434.4930419921875
2848.173828125
4580.46142578125
7842.8154296875
23956.322265625
41854.0703125
47315.34765625
38193.5390625
20703.96484375
6052.88330078125
1843.5987548828125
747.556884765625
395.0223083496094
283.1709289550781
244.99102783203125
128.2262725830078
135.86376953125
1.3129904941067139e-09
1.564662732711497e-09
6.513554140497035e-10
184.17630004882812
2.6481004056222446e-09
2.753368200103523e-09
1.2257630466194769e-09
3.700197703793151e-09
12.497685432434082
528.9953002929688
909.4456176757812
1033.6041259765625
1995.4111328125
3940.25634765625
10360.005859375
28439.814453125
44872.39453125
46603.0625
33600.546875
15410.8203125
4137.29296875
935.8102416992188
521.3037109375
441.1352844238281
271.1260070800781
67.42218017578125
9.746050834655762
2.5325658321380615
4.373215123365526e-09
4.431559563755627e-09
4.148195120734499e-10
4.366763839414034e-09
7.429491466481863e-10
2.208169425088613e-09
1.1435825619798834e-09
3.961171390898244e-09
4.219699256680087e-09
6.518845081329346
41.45211410522461
485.6730041503906
1259.4222412109375
3010.585693359375
16124.779296875
34910.296875
46249.89453125
42500.61328125
28007.416015625
9636.1416015625
2210.46337890625
362.0146484375
248.623291015625
237.15853881835938
85.33596801757812
64.69312286376953
88.05634307861328
27.522607803344727
3.6048786178355385e-09
2.8576701005533778e-09
4.365879213708013e-09
2.861369141626824e-09
3.3457681070103718e-09
2.9790800937234962e-09
1.9023004824703094e-06
2.5518027690907275e-09
6.0785376732042096e-09
7.533409451809803e-09
15.391756057739258
403.530029296875
1796.6820068359375
6979.013671875
22469.771484375
38295.76171875
45625.49609375
38792.22265625
19083.5390625
6246.47216796875
1456.4871826171875
341.8255310058594
286.9869689941406
199.91018676757812
86.33423614501953
58.48658752441406
90.28752899169922
35.8015251159668
2.3321584663449357e-09
2.7962514526080895e-09
1.993256670829169e-09
3.009764881767296e-09
3.0097246916938047e-09
2.479416449929772e-09
2.7292368365294806e-09
1.0133987665176392
1.829686164855957
2.291520833969116
7.3079142570495605
839.416748046875
3449.635009765625
11210.853515625
27677.173828125
39542.89453125
44735.2421875
33179.2421875
14072.78515625
5082.548828125
2160.305908203125
621.6152954101562
220.0289764404297
123.57842254638672
92.62456512451172
44.27242660522461
73.65440368652344
39.632015228271484
1.5100481975949265e-09
2.1632691193929077e-09
3.4886187272320512e-09
1.1492479190522431e-09
4.457405555768901e-09
1.937420224251696e-09
1.709287378304225e-09
1.732869267463684
2.367373466491699
4.23821496963501
10.257623672485352
1369.6318359375
5693.06005859375
14262.943359375
30838.90234375
41789.51953125
41532.6328125
27734.369140625
11157.9716796875
4609.16796875
1502.2646484375
610.821533203125
128.3372344970703
116.88745880126953
97.96060943603516
1.796852707862854
59.400516510009766
30.20297622680664
2.477782423682129e-09
8.660051009634628e-10
4.111736284784229e-09
3.962385974887184e-09
2.226677953132139e-09
1.5410109854840925e-09
5.050754037227989e-09
67.9489517211914
42.03321838378906
1.5086445808410645
186.671630859375
2111.77880859375
7252.19482421875
19362.349609375
33792.3828125
40514.81640625
35440.41796875
23182.79296875
9724.4990234375
3789.9951171875
894.1543579101562
245.24244689941406
114.19718933105469
5.056949138641357
5.21955680847168
3.866177797317505
42.589168548583984
10.897579193115234
1.4406038584269254e-09
1.455116360737918e-09
1.230821222719669e-09
2.3391013570517316e-09
1.2019936157514621e-09
1.817731742903561e-09
2.2575652458556306e-09
0.8376214504241943
46.8982048034668
64.47252655029297
436.2516784667969
2015.984619140625
6333.046875
19405.435546875
29416.7578125
35303.78125
29417.904296875
17127.814453125
6902.916015625
2257.97119140625
487.1146240234375
173.30075073242188
44.54249954223633
10.280261993408203
8.728825569152832
1.9913926124572754
1.392447590827942
4.78440009832326e-10
4.057031155468849e-09
2.616899363871994e-09
2.266562049157983e-09
3.5460363534411954e-09
2.7776361211095946e-09
2.125398523844524e-09
3.358325173508092e-09
1.4965412242773368e-09
4.071595949284301e-09
10.931979179382324
185.93572998046875
1212.3692626953125
3443.874755859375
10849.125
17146.341796875
18352.77734375
14375.4677734375
8672.1953125
3811.38427734375
690.1541748046875
370.0180358886719
85.85455322265625
6.336451053619385
2.5043334073160395e-09
1.7342266511732873e-09
1.949675310086718e-09
2.3587649611300776e-09
1.4969633310712993e-09
9.44451183926276e-10
2.4657356156865262e-09
3.6761318433775614e-09
3.513054291914841e-09
2.3682200644969953e-09
3.212411003872262e-09
2.8785933636754635e-09
2.3747974697840846e-09
2.236448581882655e-09
6.756536441443473e-10
3.4335867482582216e-10
0.7822058200836182
43.48373031616211
382.3424377441406
1120.1622314453125
1532.1842041015625
1306.9588623046875
29.57364845275879
16.13846206665039
3.997123521060075e-09
5.304481853762866e-10
2.1050734488881062e-09
1.8252631628357108e-09
6.360601489951989e-10
1.1553483725279534e-09
1.2125949133690028e-09
3.4659395353742184e-09
3.008737703424913e-09
2.207936056208837e-09
3.793664493656479e-09
