5.001604685972438e-10
6.567862254058809e-09
5.138922620773201e-09
3.7989380530234484e-09
4.732135239216007e-10
6.420044496024957e-09
7.541046009862384e-09
3.9761176573449575e-09
4.595141156471527e-09
6.5100649315752435e-09
5.726834118036095e-09
2.9056451689157825e-10
2.661065590103817e-09
4.795317476435912e-09
8.710245302800956e-10
4.320598545604071e-09
4.39840919241874e-09
2.6526021379424947e-09
5.272813741186155e-09
2.2339887717492957e-09
6.092836457582962e-09
2.085733141754531e-09
5.99880323193247e-09
1.8236330223686537e-09
5.889755350096948e-10
3.4813905092079267e-09
5.8512408251942816e-09
4.161962330329061e-09
3.6202854047928668e-09
6.600892721309037e-09
2.426648437747758e-09
6.786564199501299e-09
6.643910310799583e-09
4.593305735767217e-09
1.1874327077165958e-09
1.1547717226889631e-09
1.6034917837970397e-09
9.157910541013337e-10
4.177066692534481e-09
3.004108073412226e-09
5.210485820583699e-09
3.111682245204861e-09
1.538366323217133e-09
6.521132522863127e-09
8.55175663616592e-09
1.3005296395363075e-08
5.174721096068424e-09
6.959316678489813e-09
5.7565658906355566e-09
6.768204663387678e-09
3.698532813345423e-09
6.25449958491231e-09
5.514630085912131e-09
1.5283438958846318e-09
5.033595318337802e-09
1.2518405201333849e-09
3.0748648072176366e-10
1.2796567139261583e-09
3.119276392737902e-09
2.7850907691195914e-10
6.671488694820482e-09
6.9581127526419095e-09
4.181218218879401e-11
1.5055620083970211e-09
5.957677018386676e-09
9.749542284609447e-10
1.3422366551552045e-09
1.9489774238934388e-09
5.503135280804372e-09
5.796014335146538e-09
6.5576792884769475e-09
7.932823287148949e-09
1.2015836325929286e-08
6.574932154279622e-09
6.559904286440599e-10
6.507148597734158e-09
4.704575840008829e-09
1.5613315085261092e-09
2.1220531998267234e-09
6.958535969658897e-09
1.0646885595377853e-09
3.497664602392092e-09
6.469035085387986e-09
1.0400005301391957e-09
1.1090811602443296e-09
2.9635023324203758e-09
6.550076481204314e-09
6.693932963486304e-09
2.20946638762598e-09
7.291922621277536e-09
6.487884007810862e-09
5.460813579105661e-09
4.584195245627143e-09
6.227697468830229e-09
6.264661678301309e-09
1.9635606474111e-09
5.6736970677206955e-09
6.7824172944597194e-09
1.8862138517761196e-08
1.489774614782391e-08
1.5670050146354697e-08
1.6290062632151603e-09
8.303809306831056e-10
5.350296206074745e-09
5.096387756253762e-09
3.9087062475573475e-09
7.509635691071992e-10
4.808219600249686e-09
6.077930159165135e-09
5.723542972901896e-09
7.636677956668336e-09
5.567843075482415e-09
5.474261488558341e-09
1.4371119849698744e-09
5.798696189884822e-09
6.229987636885426e-09
2.9708369098102594e-09
7.663390810819237e-09
3.2294376062225183e-09
9.159961678051332e-09
8.63776516979442e-09
1.2428207796233437e-08
1.802614768564581e-08
1.366052959639319e-08
1.7852949341090607e-08
2.8537966656472236e-08
1.8231336440521773e-08
1.8886494146386212e-08
8.695852038442808e-09
5.181590712055595e-09
1.610320765621509e-09
3.010544924464398e-09
8.028155917827462e-09
7.0250414374584125e-09
5.030123428895195e-09
3.872161258300366e-09
6.864352197766266e-09
6.049534650998112e-09
1.119900769341875e-10
2.7754674114532918e-09
1.0505372127767032e-09
7.967909110284666e-10
2.6349258330782277e-09
1.3529609654838737e-09
1.0683475011319388e-05
9.123607014771551e-06
14.709245681762695
25.5378360748291
27.7818546295166
258.1538391113281
376.4558410644531
282.7378234863281
147.42669677734375
173.4446563720703
87.81739044189453
147.2620849609375
7.0533037185668945
18.211727142333984
1.1796877252834292e-08
1.7130984630853163e-08
9.320625160569307e-09
1.7988480038866328e-08
1.4565844530523009e-08
1.595044096802667e-08
7.051264905300059e-09
5.595974725269848e-11
4.546401921601273e-09
7.31687688215743e-09
8.087246983201624e-10
6.83765355447008e-09
4.545421600341797
23.51300048828125
44.283912658691406
46.40339279174805
39.030364990234375
226.94021606445312
219.67245483398438
555.9019165039062
459.4617614746094
1086.224365234375
990.7325439453125
1073.9549560546875
821.89892578125
703.0925903320312
482.2343444824219
379.69171142578125
384.39581298828125
337.21759033203125
277.89849853515625
0.08252805471420288
4.3383643344441225e-08
3.6893741395260804e-08
3.131970771619308e-08
3.5443898926956763e-09
7.50163664520187e-09
5.995588470142366e-09
5.773226341432292e-10
2.659217596054077
326.4462585449219
1708.7657470703125
4265.17236328125
6727.47802734375
8014.28759765625
8440.458984375
8445.001953125
10921.9814453125
14012.076171875
12053.271484375
9980.6630859375
10378.2568359375
10595.93359375
11537.7646484375
10900.064453125
9961.3408203125
8650.9521484375
5913.20068359375
4415.95458984375
1628.425537109375
569.8814697265625
403.2426452636719
243.6304473876953
54.961273193359375
5.083289789098444e-09
1.1156289225766614e-09
2.3913961921806504e-09
4.026299953460693
1939.7142333984375
5647.3544921875
11153.8974609375
17377.77734375
18027.53125
22956.271484375
27420.494140625
28354.8203125
29267.73828125
27785.919921875
29784.822265625
29479.978515625
29120.2109375
27445.5
28767.513671875
28322.767578125
24965.5078125
18987.796875
12995.5673828125
6160.86328125
1859.291015625
591.6124877929688
350.58245849609375
55.3625373840332
9.705873438292656e-09
5.188156571023228e-09
0.0005231547402217984
169.94955444335938
3454.70361328125
10515.533203125
17062.822265625
22075.03125
28215.943359375
33299.6328125
38054.60546875
40797.5546875
40915.140625
40145.71484375
38698.53515625
39624.8828125
39605.22265625
38997.94140625
38479.15625
38187.82421875
34304.625
29418.818359375
20685.7890625
11471.7900390625
4195.90673828125
852.3873901367188
363.15203857421875
29.231369018554688
5.341224795785138e-09
5.341824760307645e-09
0.0006238849018700421
455.4716796875
5006.3037109375
12788.6337890625
18702.87890625
25420.2109375
29506.060546875
37763.578125
40748.66015625
41049.40234375
39704.38671875
38374.4609375
36224.08203125
35856.41015625
36118.93359375
37908.97265625
40442.37890625
41821.01953125
38797.44921875
35116.3828125
24737.099609375
13582.5234375
5271.765625
1006.3662109375
202.43453979492188
0.0006960578029975295
5.108137024478765e-09
7.029892223897605e-09
3.733508348464966
1040.047119140625
4130.76904296875
9959.1416015625
16726.544921875
22684.591796875
28238.458984375
32005.51171875
32586.822265625
30158.298828125
27303.423828125
24248.125
24058.04296875
24391.3359375
24992.58203125
22995.421875
27763.056640625
32974.92578125
36954.9765625
35276.8203125
26220.6796875
13209.369140625
5076.7119140625
665.2211303710938
171.13389587402344
0.0007637132657691836
9.018836233387617e-10
6.810414454605507e-09
1.8616064245691177e-09
1003.9254760742188
2974.345947265625
5986.1640625
10751.2099609375
15151.2197265625
20112.623046875
23223.080078125
22298.3046875
18979.5703125
17071.533203125
12650.111328125
9606.1533203125
7285.3203125
7509.41943359375
9814.849609375
16192.2841796875
27094.341796875
33953.1171875
34691.4375
27178.51953125
13447.0029296875
4669.43359375
338.6094055175781
0.46113884449005127
6.470252778001395e-09
3.664866632391295e-09
4.6803139142070904e-09
6.602328461724483e-09
0.0
1358.16650390625
2812.58837890625
5648.8798828125
9666.548828125
11563.84765625
13652.587890625
13801.6298828125
11033.1572265625
7060.07568359375
4865.4619140625
2983.347412109375
2066.2666015625
3143.17138671875
5075.09619140625
14065.8251953125
26850.2734375
34551.2421875
33452.890625
23431.24609375
12134.67578125
2925.296875
488.4759521484375
58.49007797241211
5.778630907116167e-10
3.723267028021837e-09
5.5390403375099595e-09
3.52080209431449e-09
5.8829443538854775e-09
279.2756042480469
1316.084716796875
3696.015380859375
6526.03564453125
7800.20458984375
10881.2236328125
7819.6767578125
5544.4677734375
3474.95263671875
2077.605712890625
1387.0142822265625
778.9236450195312
1822.1768798828125
4796.85791015625
15910.8388671875
29972.359375
37258.2109375
34277.67578125
22945.916015625
8709.384765625
1619.978271484375
257.106201171875
3.5609686374664307
1.750854128346191e-09
6.801321283944617e-09
2.1996346966091096e-09
4.1382719473403995e-09
6.942439956247881e-09
30.294172286987305
494.5643310546875
1602.9127197265625
4692.37109375
7148.25537109375
8129.4765625
6451.12109375
3933.957275390625
3041.789794921875
2007.7384033203125
2093.734130859375
1580.38330078125
3177.435302734375
6644.8037109375
20992.5546875
33254.2890625
38513.9296875
32570.64453125
21010.654296875
7170.89697265625
2324.98779296875
814.1427612304688
238.39964294433594
3.604673226575983e-10
3.1818732093569224e-09
4.736925074411147e-09
6.149362161522731e-05
5.87085269287968e-10
0.03859422728419304
274.5478515625
418.05096435546875
2461.917724609375
4493.99755859375
5144.5703125
4060.7646484375
2744.513671875
2642.129150390625
1720.85400390625
2468.81787109375
2417.004150390625
4425.2314453125
11345.9873046875
25542.3046875
35866.76953125
38919.015625
28780.671875
16252.2314453125
4459.3876953125
1909.8948974609375
734.8854370117188
147.19676208496094
9.573905002113747e-10
6.390725726390656e-10
3.645961310638768e-09
7.207848096157932e-09
2.672431707382202
1.9454362565340944e-09
358.8065490722656
470.98809814453125
938.9960327148438
2263.273681640625
1524.7740478515625
1445.08740234375
1861.44091796875
1234.91845703125
1374.676025390625
1633.3482666015625
1744.9603271484375
5351.26611328125
16522.375
30658.5390625
39281.50390625
37819.87109375
23781.6875
9566.2109375
2864.856689453125
349.00714111328125
113.27933502197266
25.978675842285156
3.094366984868202e-09
2.4903388240460345e-09
2.24029950146587e-09
8.523508010505054e-10
0.5100190043449402
3.683827409783902e-10
221.21163940429688
384.2358703613281
407.8003234863281
247.48764038085938
117.65438842773438
626.6800537109375
737.4191284179688
695.7963256835938
775.3570556640625
674.2788696289062
1150.6005859375
7009.36767578125
20715.236328125
33044.265625
38754.7109375
35244.3046875
17325.576171875
6199.95703125
1620.4140625
245.71054077148438
47.95490646362305
41.3881721496582
2.2411417166523506e-09
4.5854640084996845e-09
2.932816656198156e-09
3.505732371067438e-09
3.949421234494821e-09
9.191106209449629e-10
95.92269134521484
140.9316864013672
97.64274597167969
248.74612426757812
202.99533081054688
196.7383270263672
351.1805725097656
449.1245422363281
372.6245422363281
557.7508544921875
3265.249755859375
9278.1064453125
24148.60546875
36145.75390625
39504.3828125
28941.21484375
11839.908203125
3372.1787109375
472.0627746582031
77.10912322998047
19.973464965820312
17.374141693115234
5.33191846230352e-09
6.906412330920375e-09
3.688015448588544e-09
1.9761750569280423e-10
6.693272158742047e-09
6.926675233387414e-09
69.35310363769531
31.198442459106445
109.64459228515625
262.6201477050781
244.49766540527344
93.13569641113281
292.1619567871094
501.4773254394531
980.6683349609375
1717.991455078125
5149.3896484375
15255.267578125
27474.498046875
37965.55078125
37816.5859375
23153.4296875
8589.681640625
2121.66064453125
357.6103820800781
123.44084167480469
17.330677032470703
16.497758865356445
5.382381651486412e-09
7.970050175387655e-10
2.9970157466863157e-09
7.710330152121969e-09
2.8561835119234047e-09
6.2389493571402e-10
2.935268139658831e-10
0.06981595605611801
197.25674438476562
247.35935974121094
213.2544403076172
294.3954772949219
456.3465881347656
1063.9488525390625
2361.604736328125
3190.6484375
8224.38671875
19421.03125
31421.96875
38969.828125
32990.6796875
16839.458984375
6456.31005859375
946.2947998046875
430.158447265625
242.40013122558594
0.0
81.96382904052734
0.0
1.1775077579656568e-09
2.571829194053521e-09
1.4224453837030637e-09
1.680089622979608e-09
4.242461049130952e-09
8.421464081642682e-10
4.170125134095315e-09
118.43965911865234
462.6428527832031
470.20294189453125
465.5616149902344
984.036376953125
1501.6231689453125
2987.586669921875
4474.81640625
11915.669921875
21366.060546875
33410.83984375
36713.84375
29312.0625
12659.8935546875
5286.84716796875
1365.3609619140625
467.9474182128906
322.59674072265625
87.14073181152344
125.01451873779297
92.18709564208984
3.89297127867394e-09
2.1769355207368335e-09
2.929052778100072e-09
7.70289432239224e-09
4.109736551072274e-09
5.76277514596768e-09
6.646558858847129e-09
119.46501922607422
479.91168212890625
501.8384094238281
468.0292053222656
1531.4327392578125
2026.37353515625
3467.25537109375
6362.99072265625
13707.6064453125
24531.826171875
34327.09375
34748.26171875
21426.404296875
10497.859375
4438.72509765625
1172.9927978515625
502.8197326660156
373.6400146484375
124.47216796875
103.2072525024414
119.77877044677734
6.142153008426021e-09
7.213571517894479e-09
3.3881579764027947e-09
5.010099890512265e-09
1.5456335100694218e-09
3.841799767201337e-09
0.023644698783755302
199.93325805664062
355.9100341796875
408.1919250488281
1120.4833984375
1299.0528564453125
2274.291015625
3226.218505859375
6005.10498046875
14974.7744140625
26411.818359375
32407.345703125
30778.466796875
18353.662109375
9296.8779296875
3500.064697265625
796.0062255859375
512.0881958007812
303.0053405761719
84.7292251586914
53.22215270996094
105.1727294921875
8.290768072072296e-11
2.3103541302305075e-09
3.870182396781274e-09
5.652788015453325e-09
3.942232318365768e-09
1.7281758246667778e-09
3.006184634557485e-09
156.18878173828125
153.2532958984375
453.93756103515625
893.830078125
1044.99951171875
1924.8870849609375
3022.019775390625
7444.501953125
15712.1484375
24163.904296875
28417.5859375
25837.080078125
15093.2919921875
7837.828125
3159.309814453125
848.6648559570312
701.8851928710938
627.7318725585938
0.0
7.482822361737362e-09
3.6908109901645503e-10
2.139239230203316e-09
7.361310672138188e-09
4.814355025750672e-10
5.884522202848075e-09
1.3319497726982377e-09
6.609609748409184e-09
6.70146782510983e-09
40.56517028808594
242.43505859375
181.74798583984375
191.3411407470703
828.700927734375
1231.1102294921875
1370.5892333984375
5458.24951171875
12908.3076171875
21114.974609375
21693.12890625
19185.576171875
10669.62109375
5531.42626953125
2049.094482421875
694.1669311523438
679.7981567382812
553.555419921875
9.96260740571131e-10
2.9861071393355587e-09
1.8507575472170856e-09
5.818473702845495e-09
5.8672795510972264e-09
5.6129825232176245e-09
4.2247041975862487e-10
5.380172307667408e-09
6.839871780073281e-09
3.6821194981939698e-09
3.031280304890971e-12
3.066392473272117e-09
32.10954284667969
254.85186767578125
292.6042175292969
319.2353515625
206.50299072265625
1784.781005859375
3483.96044921875
8083.98095703125
8834.3837890625
6880.62109375
3377.271240234375
1794.2061767578125
718.4508666992188
141.38607788085938
146.38980102539062
60.29164123535156
7.476100627457072e-09
7.414445946096748e-09
7.729399342792931e-09
5.141608028225164e-09
3.0623634739157524e-09
