3.893075639638255e-09
8.384897220992116e-09
3.363660017186021e-09
1.1498653584851581e-08
1.1889316198221422e-08
1.0620155865836978e-09
7.16608994366652e-09
6.701811550158254e-09
8.991192679275173e-09
1.0137000572285615e-08
5.214282339238707e-10
6.598607882324359e-09
1.7124400786272531e-09
7.603597751426605e-09
2.5524482527572445e-09
5.216784781936212e-09
1.2378681413238724e-09
1.0551533868863316e-08
7.35979499566497e-10
6.443144684453728e-09
5.560192750664328e-09
8.945599816456706e-09
3.224629008258262e-09
7.95384735852167e-09
1.1211515271725148e-08
1.1377686348623683e-08
1.1446879000232002e-09
4.601541814253096e-09
7.233122545358128e-09
6.0887974662193756e-09
9.038252812842984e-09
1.056067411298045e-08
2.2462904869513522e-09
2.4710580248665792e-09
4.7757025001260445e-09
5.086044474467144e-09
3.322489838808451e-09
1.2273847493915468e-09
4.6690677990568474e-09
1.3262065889918517e-09
8.135713436274727e-09
2.3966562068267194e-09
2.151971711938927e-09
3.071940035681564e-09
3.2122884352503434e-09
1.1518789477804603e-08
2.8513764682713827e-09
4.692139121686978e-09
1.0250923665466871e-08
1.3694448908196932e-09
3.159228656457458e-09
9.056558836206818e-10
6.343128688968136e-09
1.2167485685665724e-08
1.1036366487360283e-08
2.1517536641368906e-09
1.104780711358444e-08
8.390205863406663e-09
6.106845695796892e-09
5.392513546809141e-09
9.96256233065651e-09
9.399740541482515e-09
3.6587211038607848e-09
3.1858775617621404e-09
1.0804871664049642e-08
1.3431649126260936e-09
1.052344344998346e-08
7.399309609468219e-09
2.3772356527729244e-08
1.944717986646083e-08
7.51016759892309e-09
4.78960737737566e-09
1.9901058578852826e-09
5.7811253562078946e-09
1.106409985851542e-08
5.9046900702242056e-09
9.187174576652524e-09
7.323608386400338e-09
1.0084876933547093e-08
4.705331124732481e-10
4.630622552070918e-09
1.069565880307266e-09
6.379709205361905e-09
7.029448134687755e-09
3.6891225629887003e-09
1.1767439245247147e-09
7.1116836863893695e-09
6.453453771371187e-09
6.953178033342056e-09
1.114889691677945e-08
1.0842801323462936e-08
1.097154012086321e-08
5.637388778012564e-09
6.2722400606674e-09
1.89357578506133e-08
2.4481614957494457e-08
2.2710825220428887e-08
1.01570503829862e-06
2.04205730369722e-06
0.033518869429826736
0.04560580849647522
0.04177003726363182
2.3682424910020927e-08
2.0808352818590947e-09
9.120520338967708e-09
7.724373141115848e-09
5.368519406800942e-09
5.086556953415311e-09
8.919754712621852e-09
5.746473075163294e-09
7.16697856617543e-09
5.365149990943507e-10
8.026726852627952e-12
9.142351764523937e-09
3.4735749832037754e-09
4.730814628928215e-10
9.497213682152505e-09
3.1214375528776372e-09
18.19826889038086
14.71445369720459
20.071035385131836
0.0
1.0581897497177124
63.2294807434082
505.23602294921875
355.45074462890625
515.8077392578125
607.8076782226562
468.9826354980469
251.65516662597656
472.72247314453125
277.322509765625
2.7585222721099854
1.5691091093117393e-08
1.2590711584437031e-08
1.6073276043471196e-08
3.805571857640189e-09
6.930473972488471e-09
4.782709339679059e-09
3.737347764598553e-09
5.76948377961628e-10
9.600261030584534e-09
3.992529418184176e-09
9.97900162502674e-09
1.1881570394223218e-08
0.1796407550573349
13.619023323059082
101.55853271484375
316.6688232421875
801.5775756835938
1673.810791015625
2258.02294921875
3430.091064453125
5372.69921875
5715.65771484375
4862.826171875
4034.947021484375
2772.536376953125
2075.266845703125
1145.1568603515625
87.50865936279297
5.0075303903440727e-08
1.7737006530182953e-08
0.047162462025880814
0.044193085283041
0.01735011115670204
8.401163320570504e-09
8.623840308530362e-09
1.667301963159673e-09
6.083678560919736e-10
1.413232975089329e-09
2.3334512100348093e-09
8.802359661785886e-05
73.51445770263672
376.0784912109375
2095.423583984375
2170.527099609375
4844.7939453125
9176.0380859375
15086.361328125
22414.568359375
23943.951171875
26401.416015625
24555.353515625
19131.91796875
11528.8740234375
5028.0341796875
2343.430908203125
823.3324584960938
440.2583312988281
292.99493408203125
100.17286682128906
0.060557879507541656
0.07396554946899414
1.0955170992588137e-08
1.0881187062494746e-09
1.0176313125498382e-08
1.1066431326867132e-08
2.459680514821372e-10
0.0016133405733853579
106.99961853027344
542.6961669921875
883.64453125
2980.099853515625
7756.77099609375
13504.66796875
22379.021484375
30282.734375
34844.3203125
34965.0703125
34858.00390625
36966.81640625
33903.1953125
24458.455078125
11595.1845703125
5369.3232421875
2760.005126953125
1001.7174072265625
783.6129760742188
437.4088134765625
26.94552993774414
0.07914223521947861
0.04059313237667084
6.160646992547925e-10
1.7242683947316095e-09
8.854942734615179e-08
0.019230101257562637
0.0
76.76228332519531
425.9499816894531
1622.61328125
4732.8466796875
12488.630859375
24279.9296875
33018.08984375
38153.19140625
36304.01171875
32417.390625
31652.103515625
35483.8828125
37587.52734375
31507.861328125
20592.68359375
8901.7578125
4642.9013671875
1516.60009765625
1190.3043212890625
790.4802856445312
290.47003173828125
113.55633544921875
0.03861336410045624
7.494186604617425e-09
1.1952777434487416e-08
0.020182520151138306
127.66055297851562
181.563720703125
133.26779174804688
644.29638671875
1990.392822265625
8410.9306640625
18793.11328125
31049.84765625
37691.03125
34935.78515625
26893.650390625
21543.759765625
21668.91015625
27814.97265625
35239.26953125
33319.75
23853.8046875
13369.3955078125
4402.27197265625
2073.139892578125
1070.5479736328125
635.0877685546875
191.89456176757812
87.3616714477539
2.3780579727628037e-09
6.868910329416167e-09
1.115414982599816e-09
0.04491683468222618
140.45945739746094
164.65931701660156
214.98439025878906
1010.5443725585938
3531.433349609375
12566.05078125
26920.634765625
36406.72265625
36534.26953125
25991.634765625
15182.3798828125
10710.4404296875
13521.9443359375
25627.982421875
35272.5703125
36279.73046875
28177.326171875
13966.455078125
4098.63671875
1119.652587890625
474.431884765625
252.98110961914062
91.09593963623047
0.0
0.002688488457351923
3.874332854536533e-09
5.277085435295703e-10
6.486762682555991e-09
86.62418365478516
172.84767150878906
617.2554931640625
1206.376708984375
3907.796142578125
14182.869140625
30093.408203125
38125.80078125
33205.03125
21494.978515625
11516.5283203125
8073.70654296875
15651.4814453125
27599.62890625
37247.0625
38317.1171875
27619.876953125
13599.953125
2631.66064453125
446.7317199707031
139.3489227294922
66.04710388183594
18.51369857788086
0.004623431246727705
0.003468400100246072
1.1040948599827516e-08
1.109964209433656e-08
2.3156654371803143e-09
0.0
0.018195724114775658
269.17449951171875
855.3634643554688
4680.79296875
14312.4609375
31282.140625
38956.16796875
32750.54296875
20149.212890625
12949.724609375
14242.96875
22926.927734375
33154.12109375
40985.328125
38616.67578125
24740.060546875
12336.1142578125
2545.039306640625
693.095947265625
724.34912109375
10.403003692626953
11.44689655303955
0.0071717058308422565
0.0020375207532197237
1.8749686248042963e-09
9.746623064188498e-09
7.362014109446591e-09
9.89239801185704e-09
5.917466960880802e-09
8.202759742736816
1007.254638671875
4552.92041015625
13981.1796875
28694.541015625
37066.9921875
35145.06640625
28103.166015625
24673.748046875
24716.591796875
31079.931640625
40018.7578125
43780.828125
39989.09765625
26305.5625
12451.8056640625
2961.84326171875
750.4794921875
486.20343017578125
442.8994445800781
18.216796875
0.31417012214660645
3.3014804223796546e-09
1.9744996748727317e-09
9.980347215332586e-09
4.523152519197993e-09
6.450303402516511e-09
3.92063581600155e-09
10.71824836730957
377.5970764160156
3231.646484375
10760.134765625
23280.88671875
33796.9140625
36355.08984375
34893.265625
33190.11328125
35750.32421875
36935.27734375
39819.09765625
44281.46484375
40090.7578125
24206.373046875
9769.6123046875
2078.615234375
1303.0543212890625
677.4273681640625
208.6891326904297
24.29367446899414
0.014013274572789669
1.1218918238853348e-08
1.1992132620264329e-08
9.478669404927587e-09
2.184374015001822e-09
2.1390769155971157e-09
9.587677318734222e-09
2.24942946434021
480.0917663574219
1908.1864013671875
5878.47900390625
15702.7734375
26403.189453125
31809.66796875
32520.884765625
33545.16796875
33604.25390625
31498.76171875
35576.85546875
42146.76171875
40221.046875
24742.51171875
8961.7841796875
1435.1319580078125
1336.3280029296875
379.2188415527344
289.2654724121094
150.6281280517578
3.7198305130004883
6.24638341051309e-09
5.357819521378815e-09
1.6421289883439272e-09
1.1544724287659847e-08
1.0236673730901202e-08
1.0862816424150878e-08
1.806187629699707
273.72259521484375
808.5770263671875
2045.3543701171875
7477.84814453125
14043.259765625
19328.01953125
21595.1015625
23214.732421875
21580.259765625
23292.58203125
31718.470703125
42655.76171875
39477.99609375
21430.92578125
7788.02099609375
1540.83984375
789.59375
326.4261169433594
242.68850708007812
204.48104858398438
12.168519973754883
2.2436023872085542e-10
1.1999867766121497e-08
6.650447748057786e-09
2.566287404803802e-09
4.088580141115017e-09
8.49933190494312e-09
0.0005608413484878838
145.5594940185547
703.2040405273438
1097.4017333984375
2611.71533203125
5635.87841796875
8163.30615234375
10081.87109375
9495.962890625
8841.20703125
15564.1728515625
32202.392578125
42912.99609375
40554.0546875
18422.0859375
5411.94970703125
1486.2802734375
806.9043579101562
143.11521911621094
23.414817810058594
13.448322296142578
0.6578730940818787
1.1599615490354154e-08
1.0337800837589839e-08
4.884880944189263e-09
9.048447324744302e-09
2.7643165534385616e-09
1.0573503850253019e-08
8.81215633796728e-09
0.0012223983649164438
5.675751686096191
112.25228118896484
563.8558959960938
1748.6025390625
3575.052978515625
4193.615234375
4758.68505859375
5076.91796875
13682.6435546875
32278.650390625
43805.0703125
39777.01171875
17306.26953125
5028.3955078125
1299.67431640625
712.4969482421875
129.14730834960938
45.30792999267578
2.3737189991379637e-08
0.9705260396003723
8.960625130782773e-09
2.0395121147487316e-09
8.039068077891898e-09
3.3149805123144915e-09
9.347680407501002e-10
3.2393412396913845e-09
7.772856136512019e-09
3.151767957731977e-09
0.0035104823764413595
8.959488868713379
33.95969772338867
762.439208984375
2483.302734375
2410.07568359375
2450.0283203125
3658.391845703125
14110.7080078125
32238.546875
43306.25
36664.6171875
15402.6455078125
4502.404296875
1337.364990234375
349.18255615234375
143.83665466308594
103.22444152832031
0.30613797903060913
0.8422256708145142
7.980673011331874e-09
1.0496941094118029e-08
9.39301858515762e-10
1.1469376559603006e-08
1.0199288080769975e-09
1.793757253842898e-09
9.866959471693804e-10
4.959217037026065e-09
6.742577163265651e-09
121.29279327392578
50.76804733276367
722.3867797851562
1461.5667724609375
1703.916015625
2699.56884765625
3296.09375
14249.845703125
34584.16796875
42714.16015625
35947.29296875
14188.01953125
4355.79638671875
1436.447021484375
481.8365783691406
232.78543090820312
147.30032348632812
19.87391471862793
14.55081558227539
1.1978704250736882e-08
1.7616298697564758e-10
4.11937417510444e-09
8.808288320949487e-09
1.1000111044268124e-08
3.824251582074112e-09
9.314825355488665e-09
3.4395439829637553e-09
84.28597259521484
109.37162780761719
316.1432189941406
903.098876953125
1542.5096435546875
2064.297607421875
2798.3466796875
5100.5576171875
18673.39453125
35538.97265625
44157.828125
32480.912109375
12582.490234375
3807.79443359375
1696.47607421875
915.329833984375
219.65176391601562
165.4119110107422
18.274658203125
14.86336898803711
6.754094172833902e-09
5.1437423209677036e-09
1.0654900961526437e-08
1.7738801538769167e-09
9.207112405817952e-09
7.273939672813867e-09
4.17446477385397e-09
6.210209679835543e-09
43.070716857910156
85.08348083496094
97.64307403564453
652.5543823242188
1746.7862548828125
3044.517333984375
4137.4423828125
6332.22314453125
20209.126953125
37185.05859375
44272.0625
32739.291015625
11992.2333984375
4542.7802734375
1920.463134765625
1497.4873046875
168.98590087890625
126.32756042480469
4.479126073420048e-05
0.9455856680870056
5.454422247197499e-09
8.638432191787615e-09
4.9557757897389365e-09
5.67454261357625e-09
2.29277721808252e-10
1.5515280171740642e-09
8.816769536679203e-09
197.44679260253906
55.612510681152344
99.61283111572266
48.01340866088867
291.55157470703125
1407.2763671875
3432.9365234375
5233.87158203125
8729.509765625
20790.896484375
36970.9296875
41843.5859375
30662.892578125
13043.3388671875
4306.1083984375
2230.198486328125
788.9124145507812
155.1068572998047
81.2416000366211
1.4814270921092998e-09
0.645305871963501
1.1077340822396309e-08
1.213512579312237e-08
2.3979565000331604e-09
8.373787885318507e-09
7.377231714400523e-09
1.1803924504505403e-09
0.0
280.1912536621094
210.28443908691406
105.24710845947266
321.815673828125
403.5236511230469
1113.6405029296875
2939.322021484375
4903.2783203125
9128.7080078125
18193.470703125
33674.46875
35786.83984375
27445.908203125
10239.8388671875
4275.70751953125
2182.32763671875
1011.7371826171875
0.0
78.39214324951172
4.666139918896306e-09
0.8038048148155212
6.080565384536385e-09
8.420178332357864e-09
1.075242561654477e-08
8.69709282369513e-09
1.0199550537492996e-08
2.2560631141033127e-09
1.0270666539469175e-09
6.482487879821974e-09
0.00012817727110814303
0.09185347706079483
14.695917129516602
41.24882125854492
518.9678344726562
1128.6268310546875
2298.98046875
4700.25830078125
10889.564453125
19514.76953125
24859.94140625
17372.783203125
7095.447265625
2587.831787109375
1584.078857421875
194.92906188964844
112.093994140625
95.8639907836914
6.063317403715018e-09
0.7794376611709595
3.418431926416332e-10
8.011178387334894e-09
9.854947080611964e-09
2.9869806628113338e-09
4.653887941685753e-09
2.089118433801218e-09
7.0846453148476485e-09
5.220177179410257e-09
6.820720432898497e-09
5.557413196299876e-09
2.20342499801518e-09
9.827441971310691e-09
5.3611555195232086e-09
11.351706504821777
9.8148193359375
542.1748046875
2071.119384765625
4830.39990234375
5500.20947265625
5017.4599609375
2814.6533203125
6.595861911773682
5.503440856933594
5.402772895735097e-09
109.96907043457031
54.80589294433594
1.1985964221139511e-08
2.6998610014317137e-09
7.458407225158226e-09
6.980050315519293e-09
8.028203879462126e-09
2.517323016704154e-10
8.172056809030437e-09
2.0069537143285743e-09
6.284281095503275e-09
9.902510811343745e-09
4.4011727595716366e-10
9.011642987388768e-09
1.0609063627597948e-09
7.788857558921336e-09
5.315766937741273e-09
3.7666985086559635e-09
4.697478850346215e-09
0.01085537951439619
0.22291350364685059
0.2701326310634613
0.025825990363955498
0.005545135587453842
7.998789897101233e-08
3.23590647610672e-08
7.041169425292537e-09
1.0095146052435666e-08
9.663254196823345e-09
6.6062204595596086e-09
8.01740396294548e-10
6.4632765806038606e-09
7.0683787711800505e-09
1.856395703825342e-09
