4.066142977876552e-08
3.676939286378911e-08
8.337013923664927e-08
1.1140139122289838e-07
6.717655054444549e-08
4.110626861120181e-08
7.226146436778436e-08
2.8673234453435725e-08
1.1145021261427246e-07
6.44189368514958e-09
5.250657508781842e-08
5.916835377206553e-08
9.985518545363448e-08
6.353039760931267e-10
7.012322811306149e-08
6.952907583013257e-09
5.103800759798105e-08
3.8522326661905026e-08
6.966178744960416e-08
3.726537656234541e-08
5.861182827970879e-08
1.1013701595175007e-07
2.6036072853230507e-08
7.202570628805915e-08
7.79170079567848e-08
5.314760187502543e-08
4.224880001402198e-08
8.553639219144316e-08
9.63000701403871e-08
5.1224233743596415e-08
8.70309904144051e-08
8.017097030688092e-08
1.1633193253146601e-07
1.1129722921054963e-08
4.492531857636095e-08
6.810807207102698e-08
4.066546210879096e-08
2.9546644242373077e-08
4.430467370752922e-08
4.052629343220815e-09
2.95301982866647e-09
3.028916850666974e-08
5.6685436788939114e-08
5.998322905043096e-08
6.74561135838303e-08
2.223076656093781e-08
5.699001093262268e-08
3.3218969797133013e-09
1.0270871797501968e-07
7.583442851455402e-08
4.567324651816307e-08
1.0240231773650521e-07
4.9846807570474994e-08
9.965482661300484e-08
3.673396875569779e-08
7.946880486997543e-08
3.257317970906115e-08
2.2999129711820387e-08
6.004833608130866e-08
8.268504814168409e-08
4.5049944219499594e-08
2.7607420349795575e-08
6.659551843313238e-08
9.430591063619431e-08
5.256667545694427e-09
5.106892331241397e-08
4.1058665800619565e-08
1.3811985866141185e-07
7.979042493388988e-08
7.570837112780282e-08
1.1680558031912369e-07
1.9166013487392775e-07
2.0631121344649728e-07
9.047265336903365e-08
3.6316393448032613e-08
1.9879001555977993e-08
6.652458495182145e-08
2.327255899103875e-08
1.044685138396062e-08
2.5446295737197033e-08
8.513329419201909e-08
1.5839107803117258e-10
2.3576287588866762e-08
1.1523660248258238e-07
1.5434168387784553e-09
2.6999201097055447e-08
5.479792974938391e-08
6.401991470283974e-08
4.9912642907656846e-08
8.539155516018582e-08
5.617432918825216e-08
1.815337640209691e-07
2.001281842467506e-07
1.7800391560740536e-07
2.3576045293793868e-07
2.7432761839918385e-07
111.43125915527344
372.889892578125
807.6888427734375
488.4376220703125
524.3475952148438
557.0387573242188
240.02902221679688
239.1311492919922
205.78456115722656
132.2341766357422
98.50627899169922
4.922562766296323e-07
1.1377954578506433e-08
6.160096432950013e-08
7.324944562014934e-08
5.8782827494496814e-09
6.160596655035988e-08
1.641675240193763e-08
5.6264497061420116e-08
9.988145421857553e-08
1.6555500081949504e-08
2.4801679501251783e-06
133.1706085205078
201.15280151367188
346.3482666015625
3148.061767578125
6615.767578125
7670.77490234375
11405.3818359375
12912.0029296875
12039.693359375
11779.7333984375
11210.8525390625
10734.580078125
8373.8466796875
6759.89111328125
3888.77294921875
2469.83837890625
1285.95703125
646.2484741210938
0.15718208253383636
0.326349139213562
4.2060886329409186e-08
4.2304979075424853e-08
2.659075626354479e-08
9.977831183505259e-08
3.7361111537848046e-08
0.0825420394539833
110.69351959228516
164.5999298095703
811.55322265625
1776.35546875
5804.67724609375
11972.33203125
16013.0400390625
20586.603515625
22459.1484375
25546.927734375
26269.666015625
27214.466796875
25974.017578125
23018.052734375
18489.1875
15514.8896484375
10036.8564453125
7530.1796875
5194.228515625
1570.2025146484375
50.919151306152344
0.0
6.7011042119702324e-06
1.8403984114456762e-08
7.447415129036017e-08
5.953192072638558e-08
6.1629146230757215e-09
0.19205932319164276
174.2412872314453
833.795654296875
1730.0728759765625
3954.577392578125
11148.482421875
19016.095703125
24154.021484375
30026.796875
31163.466796875
31467.36328125
30016.552734375
29363.546875
29040.330078125
26405.2578125
22334.6875
15485.896484375
10434.140625
8261.24609375
5903.03466796875
2062.115478515625
182.7717742919922
36.869449615478516
8.648940230671087e-09
2.8952239716772965e-08
3.525644487467616e-08
6.335208979635354e-08
6.45599129711627e-08
76.66759490966797
665.2830810546875
1121.5579833984375
2418.5908203125
6809.91943359375
17099.669921875
24048.931640625
28639.65625
29488.7265625
27329.037109375
25765.150390625
24390.296875
23036.080078125
22983.216796875
21008.767578125
17783.173828125
12989.67578125
8248.326171875
5680.333984375
3829.42333984375
708.0408935546875
160.56863403320312
63.16069412231445
7.672964841276553e-08
8.855264077567426e-09
1.1009837663777944e-07
8.343794988263653e-09
4.296595856878582e-10
341.3691101074219
1035.549560546875
1644.4493408203125
2823.94287109375
9085.18359375
18096.123046875
24891.958984375
27070.078125
25633.08984375
21057.802734375
16720.9765625
14087.90234375
14361.57421875
15179.6826171875
14695.7587890625
11528.875
7359.10546875
3173.468505859375
1249.95458984375
497.1239929199219
263.5712890625
58.15040588378906
4.560418128967285
6.271744723562733e-08
9.6504408020337e-08
1.0947282902407096e-07
7.258375944729778e-08
3.517672553243756e-08
612.0303344726562
1174.4537353515625
1450.8607177734375
3426.51953125
8372.2822265625
19553.591796875
24604.611328125
25654.2109375
19406.6484375
13477.1025390625
10033.9384765625
8212.9013671875
8677.0166015625
8280.5654296875
9650.271484375
8259.6435546875
5120.82861328125
2895.427978515625
478.57952880859375
240.73333740234375
88.02263641357422
8.26646900177002
4.2333557104257125e-08
8.879068502665177e-08
7.228695864114343e-08
9.232995523689169e-08
6.895527349115582e-08
7.970810145252472e-08
87.004638671875
260.8954162597656
950.9328002929688
3074.46484375
10120.140625
18908.568359375
25107.109375
23813.970703125
18257.533203125
15344.0
12756.1376953125
13624.619140625
14099.802734375
12044.166015625
9783.046875
8903.0966796875
6000.65673828125
3596.609619140625
980.4937133789062
469.30975341796875
429.46527099609375
318.371826171875
0.0033612570259720087
8.377359961286857e-08
9.360780239831001e-08
6.314169809229497e-08
2.6756008963957356e-08
2.9163953030320044e-08
9.360944747924805
166.3855743408203
792.8194580078125
3903.80419921875
10820.796875
19337.93359375
26980.609375
25158.392578125
23986.029296875
22088.47265625
20754.56640625
22658.05078125
20980.705078125
21931.0234375
20817.2734375
15910.529296875
8119.4150390625
3622.322021484375
828.5292358398438
571.5868530273438
285.57989501953125
409.5079040527344
8.106255222628533e-08
6.074413505530174e-08
2.6836595168333588e-08
1.1407356481640818e-07
3.371437884425177e-08
1.1499016494553871e-07
4.715290913281933e-08
1.7423464059829712
727.4867553710938
3096.16259765625
10805.7626953125
18660.71484375
27356.232421875
30534.884765625
29722.3671875
28596.37109375
27710.708984375
28085.306640625
28421.4296875
28717.787109375
27440.671875
25755.14453125
18848.830078125
8807.1484375
1970.29052734375
577.9317016601562
30.234376907348633
0.0
9.612527662739012e-08
3.402729475965316e-08
1.9894077496473983e-08
1.3635865769856537e-08
3.9192951106770124e-09
7.112614497373215e-08
7.560942094642087e-08
92.05602264404297
825.0546875
2705.775634765625
10262.1806640625
18485.095703125
25887.28515625
27235.107421875
27186.6171875
25691.912109375
24781.40234375
24602.453125
24413.484375
26109.728515625
27813.357421875
30314.4296875
26941.548828125
18248.19921875
6687.70068359375
967.2124633789062
412.8692932128906
0.0
1.0306769127055304e-07
3.6995984942223004e-08
2.3102719737266852e-08
9.175167292596598e-08
3.873714504720738e-08
3.219474464799532e-08
61.17994689941406
144.27667236328125
1001.794189453125
2324.169677734375
8241.951171875
15562.708984375
21287.88671875
22796.814453125
21408.716796875
19443.3671875
15557.46875
14783.326171875
14174.4794921875
16456.755859375
21432.541015625
28720.916015625
32257.841796875
25927.21875
14134.2734375
3067.431884765625
587.1728515625
271.43206787109375
4.7125976010420345e-08
3.8846597050223863e-08
8.182865229855452e-08
8.468872181310871e-08
8.187101485646053e-08
2.831948677339824e-06
51.77222442626953
338.07171630859375
802.3483276367188
1628.733642578125
5217.45947265625
11550.181640625
14574.8544921875
15331.0341796875
13868.396484375
9599.4638671875
7137.76171875
6534.79541015625
5846.544921875
6446.41064453125
10627.2841796875
19536.080078125
30395.369140625
30709.615234375
20346.69921875
8796.232421875
1804.872314453125
480.5350341796875
1.2032947438456176e-07
2.094339990321714e-08
4.7881805187444115e-09
7.988121275559479e-09
5.083338638911528e-09
6.891918019391596e-06
75.1058349609375
441.6914978027344
662.9347534179688
789.8473510742188
3702.22021484375
6233.5078125
8180.08154296875
8389.3154296875
7334.0478515625
4658.08203125
2942.321533203125
1796.7083740234375
1836.994873046875
3223.223876953125
4800.50146484375
10736.0107421875
24297.9453125
32086.46484375
25833.30859375
11700.748046875
2952.211669921875
555.6912231445312
1.8541751245493288e-08
3.560636940846962e-08
1.1537023425489679e-07
1.1296253887849161e-07
8.280411378791541e-08
6.0997094806225505e-06
59.928226470947266
1088.0506591796875
1569.8941650390625
2150.232666015625
5004.0087890625
6306.58447265625
6777.4150390625
4658.50537109375
4875.01025390625
3048.0498046875
1041.7579345703125
346.9457702636719
872.3603515625
402.6124572753906
1509.9332275390625
7107.36865234375
20945.6875
30949.78125
26980.765625
13465.5576171875
3019.913818359375
205.2836151123047
6.28466949592621e-08
6.699298182866187e-08
6.098410665345e-08
3.169109197287412e-09
4.348945736865062e-08
4.587322564475471e-06
256.1181640625
1622.9012451171875
2154.223876953125
3339.706298828125
6390.275390625
8533.119140625
7021.95361328125
7048.47265625
3762.94287109375
1111.1961669921875
783.7344360351562
716.693359375
1110.454345703125
1060.6436767578125
2069.755126953125
9053.0732421875
21059.974609375
31084.25390625
25023.1875
14226.0009765625
2352.845947265625
152.39117431640625
5.848713513501025e-08
3.180283059123212e-08
4.878731729718311e-08
7.337717278232958e-08
2.098487072998978e-08
4.712027035225219e-08
221.75294494628906
1426.2159423828125
2550.100830078125
4920.857421875
8671.3818359375
12080.90625
11747.380859375
9830.326171875
6019.22265625
3107.0458984375
1851.989013671875
2043.6004638671875
1951.7979736328125
3797.2060546875
7698.822265625
15597.52734375
26420.5
31443.86328125
24866.658203125
11664.0556640625
1611.40087890625
17.491172790527344
1.0846915188267303e-07
9.554636193342958e-09
2.1185190490768946e-08
3.9106879512473824e-08
7.102920474011398e-09
5.979206463280207e-08
25.59783172607422
1493.7061767578125
4110.015625
6710.5654296875
12268.525390625
16200.7939453125
19588.798828125
18777.80859375
15299.1494140625
11511.841796875
9233.5712890625
9387.2666015625
9187.9814453125
11511.2744140625
20454.087890625
27237.677734375
33039.640625
28944.57421875
18429.767578125
7481.4091796875
700.1820068359375
0.0
6.969629140485267e-08
4.794996755208558e-08
1.0173370412758231e-07
5.934253621830976e-08
1.1108929331982154e-09
4.1212949497548834e-08
125.01289367675781
1374.757080078125
4218.37353515625
7729.63134765625
14018.150390625
20780.525390625
24679.69921875
26925.12109375
24457.5546875
20997.900390625
19945.91796875
21489.748046875
21308.376953125
26685.828125
29502.43359375
33447.65625
29413.65625
22772.3359375
10996.73046875
1951.02734375
49.91769027709961
1.1810108446752565e-07
7.287004777367656e-09
6.642235206300029e-08
9.070794249055325e-08
3.502546874756263e-08
1.5838766742604093e-08
9.474854323343607e-08
748.607177734375
924.2211303710938
2975.13818359375
6311.7099609375
10980.64453125
17518.158203125
23359.220703125
28507.97265625
29842.716796875
30142.509765625
29619.421875
30628.548828125
30722.455078125
31593.806640625
32510.798828125
29111.6484375
21690.671875
11267.3955078125
2852.2626953125
350.4366455078125
8.467315673828125
9.87427881682379e-08
1.0299746122655051e-07
7.171451699150566e-08
6.148396458627303e-09
2.655136555063109e-08
1.0321848264993605e-07
3.4902861850705236e-11
581.0086059570312
683.3151245117188
1255.648681640625
2545.064208984375
5754.76904296875
10502.751953125
16170.9521484375
21813.173828125
26403.109375
30942.31640625
31469.978515625
31516.935546875
30783.080078125
27833.2265625
22192.396484375
13674.1201171875
7543.20166015625
2908.0087890625
91.75638580322266
0.07941162586212158
0.20313721895217896
1.9973574794107662e-08
3.103524193193152e-08
3.875280896181721e-08
3.522884067796994e-11
4.8020805110127185e-09
1.1155687928976477e-07
2.418133693282698e-09
6.622430159808346e-09
0.052102573215961456
36.860477447509766
769.5016479492188
1106.4373779296875
1555.3656005859375
3554.343994140625
4918.6240234375
7381.82177734375
9597.865234375
11911.890625
11179.7314453125
10071.302734375
7249.8232421875
4350.04345703125
1755.1710205078125
497.9307556152344
45.84348678588867
1.0808693673425296e-07
1.1214071804488412e-07
4.018395571847577e-08
1.6952656167745772e-08
6.021052456617326e-08
1.1199147564866507e-07
2.696808998337019e-08
1.0324290400376412e-07
7.735761187177559e-08
4.989237822883297e-08
5.2181878373858126e-08
9.719290972043382e-08
2.40012177528115e-05
0.0
87.98974609375
75.78069305419922
101.31903076171875
140.40594482421875
102.52798461914062
60.809085845947266
59.63851547241211
29.172685623168945
24.26792335510254
22.376968383789062
0.0
1.3553963640333677e-07
2.893442108131694e-08
8.079420155127082e-08
7.209784769202088e-08
5.6201827192126075e-08
9.574981874038713e-08
3.243439294919881e-08
9.772526254892e-08
1.2117967962410603e-08
9.18304507990797e-08
1.1080503981020229e-07
8.491420544487482e-08
2.010426136678234e-08
1.7245758598960492e-08
5.498696609151921e-08
5.691093463155994e-08
4.591824875888051e-08
1.1088445006635084e-07
1.7866879531425184e-08
5.7979637091420955e-08
3.663649295049254e-08
1.6018304904719116e-08
4.2490885476809126e-08
9.131946399065782e-08
1.899304002961344e-08
2.1200005306809544e-08
8.564651210463126e-08
9.561778568922819e-08
4.125279318145658e-08
2.806900489815689e-08
1.477420585871414e-08
7.457066431015846e-08
1.338715094334475e-08
2.419249867102735e-08
1.141390200132264e-07
6.783239570040678e-08
1.625844348041028e-08
1.0162880670350205e-07
4.9265459267644474e-08
7.110038069413349e-08
1.0170291631084183e-07
7.174242711016632e-08
3.674210447002224e-08
8.276692398112573e-08
1.1531671617603934e-07
8.990035382794304e-08
9.977173931474681e-08
8.887788283118425e-08
7.99543542484571e-09
1.131442530777349e-07
5.307575179358537e-08
1.466793708715386e-08
9.5937366495491e-08
8.987076682842599e-08
1.790900938658524e-08
6.756939541219253e-08
1.1210398298544533e-07
5.7182131030231176e-08
8.610361845740044e-08
6.047156375643681e-08
8.072569812611619e-08
5.64995872309737e-08
9.443498782957249e-08
5.21602139258448e-09
1.1617813555631074e-07
7.140730673427242e-08
