5.726977114761667e-09
1.2713814001585888e-08
5.719740414633634e-08
5.556019289087999e-08
2.3787810832232026e-08
1.0106652403862881e-08
4.432954892052976e-09
4.3246217273917864e-08
3.29776206342558e-08
2.8825807518728652e-08
2.0299211200835998e-08
2.0576900183755242e-08
3.607668119798291e-08
2.323399428405537e-08
4.4556259126693476e-08
1.9698770614695604e-08
2.298718904114594e-08
1.4319170738019693e-08
5.4560700846195687e-08
1.3871659376718526e-08
5.231142452544191e-08
4.6388839991529096e-10
2.9798165712691116e-08
3.821922334168448e-08
2.8661082396297388e-08
4.5986116248286635e-08
1.4103909151685912e-08
2.5016520410758858e-08
3.467943443524746e-08
4.972673939285244e-10
4.483264959276312e-08
1.8813977931131376e-08
5.715874884515415e-09
1.7349801595401004e-08
5.627866528357117e-08
6.104320959821052e-08
1.94555553889586e-08
7.3164145852899765e-09
1.2171470942234919e-08
3.442720242219366e-08
3.406266202432562e-08
1.7981193423111108e-08
7.476872454503791e-09
2.560775058668696e-08
5.308978501261663e-08
2.0074123696645074e-08
5.573660288860083e-08
5.013589543523267e-08
3.94430132999446e-09
5.1942237178081996e-08
1.6030769600661188e-08
4.666441455469794e-08
5.672191605299304e-08
1.4304739615056405e-08
5.1431232606091726e-08
2.0640241515934576e-08
4.4758646566833704e-08
2.5674948389564634e-08
5.331689578724763e-08
2.540469168366144e-08
3.472919729574642e-08
3.785504354425484e-09
5.599464003580579e-08
2.2830795032291462e-08
3.3664360188367937e-09
2.7046528905394496e-10
1.3344982896512647e-08
3.352946720269756e-08
1.2764334478276851e-08
5.7213561888147524e-08
4.2340161598986015e-08
1.378542702212826e-08
2.8037707267003498e-08
1.8526918665884295e-08
1.8131506962504318e-08
1.2382310288217013e-08
1.392735882177476e-08
9.578152493361358e-09
4.741886172610066e-08
3.729451947265261e-08
4.099685924074947e-08
2.803459153710719e-08
4.639423778485252e-08
5.5716235181080265e-08
3.8695091575391416e-08
2.2048272541042024e-08
6.161063659249066e-09
1.3941246379545191e-08
2.2520147968663196e-09
47.34143829345703
50.60298538208008
4.440881085088222e-08
6.724074808062142e-08
8.476810364754783e-08
5.034871151110565e-07
1.2444683079593233e-06
1.131474164139945e-06
1.444231884306646e-06
2.7681139727064874e-06
2.400142875558231e-06
1.2197336900499067e-06
8.600684964221728e-08
4.7679215242624196e-08
3.3106918095882065e-08
4.6600838743415807e-08
4.4750027683448934e-08
1.252419412622885e-08
5.4742120170203634e-08
5.110894818471934e-08
4.626465255341827e-08
1.9865133538132795e-08
2.7479874376012958e-08
5.412554671124781e-08
5.6220546440499675e-08
1.2886284039836937e-08
8.82394513013196e-09
2.0501527786254883
375.1946716308594
1065.7694091796875
1654.8287353515625
2256.29931640625
2177.531005859375
2288.239990234375
2578.758544921875
2625.772216796875
2309.2392578125
2027.51123046875
1353.14111328125
321.9555969238281
1.046888828277588
0.013691878877580166
0.011455279774963856
1.6445649464458256e-07
1.3559674982843717e-07
1.6266250213448075e-07
1.0882474299478417e-07
7.527508927296367e-08
5.165865069045594e-09
4.6108109330589286e-08
4.599255021275894e-08
5.11680617876209e-08
1.098471891225472e-08
4.828767785625132e-08
0.0
1962.2147216796875
4081.605712890625
8861.55078125
12177.75390625
15298.7705078125
20532.701171875
22835.306640625
25615.943359375
24693.68359375
22037.13671875
18828.7734375
14829.4365234375
11255.9423828125
6540.37158203125
2677.600830078125
905.2235717773438
376.34588623046875
844.306640625
588.3325805664062
142.2183837890625
9.799600064752667e-08
2.3156461637086068e-08
3.607490128842983e-08
3.640765555701364e-08
4.4476202276655386e-08
2.0181721183121226e-08
185.24452209472656
842.4052734375
3715.08056640625
11936.13671875
18863.189453125
25524.8046875
31093.61328125
32217.275390625
32284.822265625
31779.98046875
30975.6796875
31207.958984375
29526.96484375
26538.703125
19589.931640625
13792.7470703125
8352.703125
4275.56494140625
2233.21337890625
1521.5758056640625
1084.9254150390625
112.31465148925781
7.035491478291078e-08
2.9826182412762137e-08
2.878044025322879e-09
3.275346216469188e-08
6.613060321569719e-09
5.051536788869271e-08
199.4446258544922
2238.93603515625
7803.3828125
15180.03125
24167.099609375
29729.05859375
30330.294921875
31076.765625
30623.36328125
28719.25
29134.0859375
27839.1328125
30256.234375
29477.1328125
26537.064453125
19466.404296875
11280.267578125
7399.96435546875
3055.034912109375
1566.0465087890625
1050.1806640625
252.41293334960938
0.1158415675163269
5.931326541031012e-08
8.34384579206926e-08
4.5297753104023286e-08
4.066369996280628e-08
4.999497349444937e-08
170.01068115234375
3718.6279296875
6925.4111328125
15256.994140625
23294.154296875
24822.83203125
23820.111328125
20541.474609375
17513.611328125
14608.091796875
15629.2666015625
17353.25390625
21917.55078125
26197.791015625
28100.19921875
23315.85546875
14587.7392578125
8639.6806640625
3062.587646484375
1713.28662109375
947.3395385742188
275.5933532714844
118.07982635498047
1.769927706618546e-07
7.622505648896549e-08
2.671139398557898e-08
3.419722105491019e-08
2.8482582958844205e-09
7.238999366760254
2619.4736328125
5720.67333984375
10984.8681640625
16716.927734375
17048.33203125
13295.400390625
9345.56640625
7316.30126953125
6848.3564453125
7953.8095703125
11663.5654296875
19714.978515625
25618.072265625
27095.71484375
22646.48046875
13927.583984375
7369.08837890625
3098.98486328125
1457.4886474609375
374.1673278808594
437.91119384765625
76.39555358886719
1.5156389565618156e-07
3.038737261817914e-08
3.736015230515477e-08
2.9995865791221377e-09
3.8185273609769865e-08
0.034444551914930344
1167.0751953125
2968.52392578125
6069.5576171875
8422.62890625
8432.828125
8405.4609375
7648.5048828125
4723.4248046875
4988.75439453125
8548.412109375
14518.091796875
21105.94921875
27826.552734375
26883.7109375
21097.869140625
13056.689453125
5612.79736328125
2499.773681640625
1630.5731201171875
513.8079223632812
667.6798706054688
209.98342895507812
4.8248544715079333e-08
2.5432138173187013e-08
1.4990730434760735e-08
1.3658703501562286e-08
5.154196358603258e-08
0.022725535556674004
56.94718551635742
1235.544921875
2653.7236328125
5797.0107421875
7379.107421875
7246.0849609375
8320.078125
10033.802734375
11669.748046875
19214.587890625
24132.630859375
27116.48046875
28196.1328125
24085.43359375
16877.705078125
8827.3515625
3976.4609375
2161.20947265625
997.1290893554688
590.8241577148438
328.635986328125
262.82244873046875
6.609271707702646e-08
2.4937619969023217e-08
1.3492054584673951e-08
1.420580275635075e-08
3.1325225080536256e-08
0.0001100141234928742
0.036138854920864105
247.3977813720703
1504.51025390625
3677.2724609375
6424.4296875
10411.42578125
13241.7158203125
19053.904296875
24229.345703125
28111.419921875
30397.658203125
30365.900390625
25392.31640625
23285.1953125
16750.16796875
8338.923828125
4032.977783203125
2191.60400390625
902.31689453125
693.0223999023438
365.8870849609375
165.9782257080078
8.16630744934082
6.117880957390298e-08
5.6435453643643996e-08
1.3252933861451766e-08
5.18501650503822e-08
9.045709958854786e-09
5.932065860747571e-08
66.66705322265625
668.349853515625
2422.348388671875
5845.251953125
10145.080078125
17215.935546875
23177.8046875
28424.708984375
31680.025390625
31692.662109375
31943.40625
28707.404296875
25975.544921875
21226.763671875
12500.51953125
5831.66162109375
2367.31103515625
1354.73681640625
272.5709533691406
103.26724243164062
9.340413093566895
9.244107246398926
5.247789758300314e-08
2.5171438267079793e-09
3.27661453525252e-08
4.966143762885622e-08
4.228950345464e-08
4.639518991211844e-08
74.5916976928711
694.3946533203125
1576.64794921875
5308.6103515625
10055.35546875
15579.947265625
22847.048828125
29128.884765625
29961.796875
30233.263671875
29429.572265625
29067.513671875
28116.412109375
25942.35546875
23030.20703125
15095.353515625
6416.1259765625
2761.982421875
1089.835693359375
355.2735595703125
12.022178649902344
10.994394302368164
2.068832927193398e-08
4.8405752295366256e-08
3.141209248269661e-08
4.191483071736002e-08
2.475453619865675e-08
8.699131370804025e-08
29.263769149780273
751.9779052734375
1144.1119384765625
3765.6328125
6969.59228515625
12206.4228515625
18089.046875
21861.83203125
22295.638671875
22820.935546875
22632.83984375
24139.58984375
26153.859375
27629.966796875
29436.955078125
24379.0234375
16468.3046875
7799.791015625
2637.21728515625
649.7255249023438
8.002485275268555
7.294135570526123
1.3916731100849233e-09
3.7709074973690804e-08
2.0753736507117537e-08
3.00729574576053e-08
5.5262898257524284e-08
22.262056350708008
24.510284423828125
273.84307861328125
722.9614868164062
1870.203857421875
3368.67626953125
7858.74658203125
10435.96484375
10782.1083984375
11970.705078125
10955.7197265625
10777.6025390625
12989.837890625
18128.29296875
22759.083984375
26927.2421875
29644.892578125
25823.564453125
16495.3828125
6337.94482421875
1824.4580078125
185.2483367919922
5.351724624633789
5.599152430590948e-08
3.551132010670699e-08
4.5107551471801344e-08
5.2635638070341884e-08
2.3956316042017534e-08
14.428812026977539
26.075071334838867
102.09467315673828
349.7263488769531
409.552490234375
1367.9898681640625
4564.314453125
6922.76220703125
5268.0068359375
4052.739501953125
3473.14111328125
3746.893798828125
4492.796875
6273.90234375
12502.1474609375
19897.8359375
28148.505859375
27419.755859375
22080.705078125
11364.5927734375
3343.70556640625
795.447998046875
1.2938571103404684e-07
3.264521808432619e-08
2.1269160654924235e-08
3.6346150977806246e-08
2.5513529067211493e-08
0.0
0.6484705805778503
22.169269561767578
194.3704833984375
746.4920654296875
1586.156494140625
2861.2060546875
4285.39794921875
5587.39892578125
4516.39111328125
2394.590576171875
2291.021484375
1937.0498046875
1250.2047119140625
1472.4307861328125
5022.77978515625
12584.111328125
23613.796875
30157.447265625
25431.9921875
15577.3857421875
3711.273193359375
900.6790771484375
1.9095680272585014e-06
1.2578200703217135e-08
2.1931079174919432e-08
3.6204197417788464e-09
0.03565371409058571
0.12734535336494446
0.14328867197036743
163.07281494140625
476.70440673828125
1603.09033203125
3082.05419921875
3563.619140625
7332.0126953125
7335.77783203125
5040.54296875
3043.653076171875
2982.753173828125
2286.260009765625
1628.1478271484375
1933.8170166015625
4786.4619140625
9191.251953125
23573.65625
30039.7890625
26105.8671875
17372.357421875
3715.224609375
945.6463623046875
0.0
5.1495565145387445e-08
2.5859442587261583e-08
1.5943305342602798e-08
0.03459746390581131
0.14236226677894592
7.656542778015137
331.08746337890625
676.7547607421875
2110.0380859375
3662.69873046875
7028.046875
10079.6083984375
11769.806640625
10211.1640625
7214.47119140625
6165.7734375
4872.1171875
3913.392822265625
4961.57421875
7993.4169921875
17776.3046875
26911.455078125
29990.36328125
27574.56640625
15647.9892578125
4095.058837890625
422.69403076171875
0.0
5.950881742933234e-08
5.150574367007721e-08
9.581320625784429e-09
0.02858964540064335
0.1724572628736496
55.47830581665039
351.6357727050781
658.8507690429688
2823.686767578125
4841.6669921875
8743.1865234375
14021.095703125
15392.1650390625
16915.904296875
17235.4765625
15887.55078125
13514.5283203125
13462.154296875
15531.23046875
20454.296875
25208.033203125
30106.96484375
30787.732421875
23291.9765625
11390.5107421875
2333.836669921875
232.38047790527344
3.2487437806594244e-07
2.6690681664831573e-08
2.758889650067431e-08
1.543966554606868e-08
2.8360787496239936e-08
0.04096035286784172
9.959763526916504
274.2355651855469
415.54107666015625
1525.836669921875
3165.45947265625
8327.2373046875
12918.921875
18740.1015625
23919.974609375
25226.267578125
24247.333984375
25059.5390625
25856.857421875
26911.71875
29658.28515625
31047.916015625
31287.822265625
26347.60546875
16447.21875
6318.30322265625
681.7296752929688
9.678118431111216e-07
4.0061298278715185e-08
3.8528998658193814e-08
1.8789098277238736e-08
3.7333187208332674e-08
2.397715093138686e-08
3.897126589436084e-05
128.67027282714844
451.8233642578125
328.19622802734375
1589.4832763671875
2024.0655517578125
3949.42919921875
8734.5166015625
15444.5048828125
21382.263671875
27699.826171875
28605.169921875
29934.87109375
32110.05078125
31802.57421875
32613.77734375
30633.884765625
24676.453125
15234.0283203125
7276.60888671875
1886.51806640625
29.61460304260254
9.41230950957106e-08
2.3956316042017534e-08
4.1136921424822503e-08
2.781052721445576e-08
1.5614494586202454e-08
2.711215429940239e-08
3.282895733036639e-08
3.883010149002075
399.2309265136719
387.8389587402344
882.6884765625
1300.8330078125
1885.4794921875
3688.828857421875
7833.81494140625
13804.01171875
20712.24609375
25152.51171875
25775.728515625
26953.66015625
26320.734375
22557.484375
16018.626953125
10501.482421875
4942.912109375
1524.078369140625
224.66104125976562
8.151724614435807e-06
5.1973341186339894e-08
6.919224748713759e-09
4.579079515565354e-08
2.0063902539391165e-08
3.8500765242588386e-08
6.138213137774073e-08
5.927815038830886e-08
6.091590876167174e-08
1.8687103986740112
155.7826690673828
216.23727416992188
215.2175750732422
242.7387237548828
261.6791076660156
710.674072265625
1245.948974609375
2296.849609375
2286.122802734375
3406.2548828125
3569.953125
3039.83935546875
2292.98583984375
1788.9862060546875
995.0062866210938
52.85472869873047
1.3863315871276427e-05
2.757742367798244e-10
4.0068940165838285e-08
3.621727273639408e-08
5.738885278105954e-08
5.2762018754037854e-08
3.991089059240949e-08
2.8861393275292357e-09
3.42080781479126e-08
2.414339128620213e-08
3.346623245192859e-08
5.819127935069446e-08
6.028658816603638e-08
5.6695057537581306e-08
5.096426747286387e-08
4.1387544058579806e-08
8.577161025868918e-08
1.0536566463770214e-07
60.28415298461914
74.84298706054688
50.55303192138672
74.8791275024414
2.564579725265503
0.31781455874443054
4.77495838424602e-08
5.3441606695514565e-08
4.323067770428679e-08
2.816550015438679e-08
4.6539238240939085e-08
2.7334611019114163e-08
4.275332443626212e-08
2.7261306545511843e-09
1.0487064550090963e-08
1.7255755935252637e-08
2.9064553430657725e-08
2.320263092769892e-08
2.6750598181024543e-08
4.955561294650579e-08
4.9460577855597876e-08
3.119195568501709e-08
2.750995875544504e-08
3.115798508090961e-09
2.8010795460886584e-08
7.930784917675737e-09
3.203771470339234e-08
3.96599304508527e-08
1.499735446941486e-08
3.660286651552269e-08
2.9099084031258826e-08
3.703370765606451e-08
3.299141582147058e-08
1.718350972623739e-08
1.9303779907886565e-08
6.069281965892515e-08
8.896428482785268e-09
1.985137920712532e-08
1.811381800109757e-08
1.3036846269187663e-08
6.125377893795303e-08
4.7963791161009794e-08
3.6651282897537385e-08
2.5606622600093942e-08
3.057900599401364e-08
