3.3909963725875514e-10
3.939335080360706e-09
1.6310559569632233e-09
3.416943394896066e-09
1.5188770241536531e-09
3.253618707788064e-09
1.434885543716291e-10
2.788033359735209e-09
1.7853789557875643e-09
1.8985557570516676e-09
3.0189731270446885e-10
1.2480894096000839e-09
2.3335844367977643e-09
2.9515165866911275e-09
2.237331209187232e-09
3.550560512266543e-09
3.5725440383771456e-09
2.7386204415336124e-09
3.112273772032381e-09
3.4911233903756056e-09
3.593187081207816e-09
2.627819295497602e-09
1.3191543413171303e-09
2.8738516011372894e-09
1.6675220926298806e-10
3.553326521910094e-09
2.6360782445777886e-09
2.6018303067587567e-09
5.428676397301047e-10
1.237901892103821e-09
1.7227188564561402e-09
3.176153229311751e-10
9.096973174749223e-10
3.328526565482548e-09
2.7684847747622143e-09
2.7755326925671397e-09
2.4415588995019277e-10
6.506769012482039e-10
2.555796241310304e-09
3.605428178232728e-09
4.095166428186303e-09
2.987755820527127e-09
3.825734395945801e-09
2.608343818710779e-10
1.2261832660342975e-09
1.0281264728462247e-10
1.587036391192953e-09
3.514508462032495e-09
1.6229894095332043e-09
3.868636522241786e-10
3.983560148412835e-09
1.8823995695527174e-09
2.5741169196180635e-09
1.031681073904167e-09
1.8877213125989556e-09
1.9479329260718714e-09
3.302527140647271e-09
1.4050738350590564e-09
2.7209205999412234e-09
2.3200774634801746e-10
2.936093368433035e-09
3.207612175870622e-09
4.034053091572787e-09
3.2883531453364867e-09
4.2311221193358506e-09
3.7717007295157146e-09
1.989396203327942e-09
3.4411928168109895e-11
2.5620587873476097e-09
0.009878209792077541
0.013808046467602253
0.011988352052867413
0.11365022510290146
0.10774082690477371
1.9980201721191406
4.617925764005548e-10
2.799300791167525e-09
3.401020354232287e-09
3.6089606858524803e-09
3.1843130354758387e-09
2.8288675846255273e-09
2.840494284228612e-09
7.466209317463779e-10
3.0503028991546444e-09
1.2831664619739058e-09
5.728006957639309e-10
0.0
2.9899052123028014e-09
2.7342808017749576e-09
0.0
2.450752933924605e-09
0.8605816960334778
2.431352452703095e-09
0.0
0.9736173152923584
2.9779155254364014
1.7233432531356812
29.16403579711914
553.8775634765625
579.1549682617188
824.766845703125
482.72393798828125
381.7906188964844
160.15736389160156
0.2915129065513611
3.8441511085451907e-10
1.0069729078354683e-10
3.815084692604387e-09
1.7010269859341065e-09
3.5267162523666684e-09
1.3042404933827356e-09
8.738664791785311e-10
2.0818156087898387e-09
1.1034173574842043e-09
142.7477264404297
0.0
1.7147767650271817e-09
1.8977155685424805
2.676932231437945e-09
0.0
384.2705993652344
1009.6063232421875
1867.559814453125
3653.7744140625
8251.6005859375
14148.783203125
22487.986328125
30253.361328125
23372.078125
11686.3916015625
2663.4013671875
429.5973205566406
9.443246841430664
1.1524174213409424
0.0041945441626012325
0.0014850824372842908
6.552067777221282e-10
4.085317500956975e-11
2.1841215502860223e-09
2.517476449526157e-09
3.972519646566752e-09
1.386260106706061e-09
4.009502951873856e-09
2.2385502340682706e-09
3.3576610380947614e-09
11.685088157653809
15.614890098571777
114.48157501220703
827.4415283203125
1618.5980224609375
2851.6240234375
6708.8984375
14322.0986328125
24079.02734375
42300.296875
49530.8671875
41883.22265625
20709.3984375
5641.5478515625
1147.510498046875
396.37847900390625
10.28273868560791
0.8340754508972168
0.003434194019064307
1.8123016420901195e-09
1.3351300620634277e-10
1.191205689643482e-09
2.875363502852224e-09
4.053774649293018e-09
2.194432635604926e-09
8.642073723308386e-10
1.941797167503978e-09
2.1417514428634377e-09
14.452604293823242
59.663551330566406
949.1265258789062
2252.837890625
2926.851318359375
5463.1328125
9694.9404296875
16595.83984375
31409.458984375
51330.75390625
57996.68359375
47285.23046875
23428.244140625
7639.93017578125
1797.8280029296875
369.0877380371094
13.893314361572266
1.060119867324829
0.3952135741710663
1.5336372172214396e-09
4.228009053974802e-09
1.036963626077636e-09
1.0522863691520001e-09
3.609841092711008e-09
7.712195326803339e-10
1.2020110462529487e-09
0.0010431598639115691
0.0029447826091200113
14.543272018432617
185.8185272216797
1467.281982421875
2436.5546875
3147.0546875
5362.3125
9777.2978515625
17459.37890625
34613.10546875
56446.1640625
61854.28515625
48116.84765625
22058.7421875
6590.8271484375
1696.969970703125
315.4481506347656
18.91732406616211
13.896860122680664
2.920134800632468e-09
1.0698011365661841e-09
3.1315154913613696e-09
2.9919666744149254e-09
3.7089669113754553e-09
3.4705160967263282e-09
2.3702566576133677e-09
5.853732776284204e-11
0.00016517963376827538
9.020061406772584e-05
5.39241361618042
397.3876953125
1781.6221923828125
2543.853759765625
3106.696044921875
4440.0712890625
8454.55078125
17743.416015625
35266.25390625
58292.80859375
62598.76171875
47801.33984375
20830.81640625
4893.0419921875
1503.0457763671875
577.0877075195312
73.29035186767578
16.821809768676758
0.0
3.936438730534064e-09
1.8481211006005083e-09
1.8325052586476431e-09
4.524454144672063e-10
1.0198704103459022e-09
1.097154145313084e-09
2.1653694393108935e-09
4.13747036631662e-09
0.245542511343956
1.6601555347442627
154.54107666015625
247.2311248779297
1224.946533203125
2517.619873046875
3659.41552734375
7736.22607421875
16954.55078125
37931.0859375
61029.2109375
62535.31640625
49218.375
16656.94140625
4639.1376953125
1418.117919921875
359.6365966796875
85.69483947753906
6.6805548667907715
0.3203723132610321
0.2919033467769623
0.020256849005818367
5.9090412563023165e-09
1.3529172226967034e-09
2.9838238546631146e-09
3.3619840245080468e-09
9.846056192586161e-10
3.06370373515108e-09
0.8570274114608765
0.9463985562324524
65.38886260986328
136.84629821777344
472.2181091308594
1519.3272705078125
3029.759033203125
5980.76513671875
18271.09765625
41397.359375
60734.75
62729.5234375
47178.70703125
14405.0244140625
3748.595947265625
1436.7001953125
424.44970703125
98.98271179199219
6.784352779388428
0.0
0.29418715834617615
0.02117919735610485
1.8494534970159293e-06
4.3000551386285224e-07
3.053886310500076e-10
4.022783439694422e-09
7.219598807672867e-10
9.423013480613918e-10
5.851731987860376e-09
0.7068970203399658
0.6663753390312195
3.9984264373779297
342.8679504394531
985.2464599609375
1966.5802001953125
4528.47021484375
17384.21484375
47305.0859375
62540.51171875
62503.3203125
46296.26953125
11389.53515625
2875.271484375
951.3163452148438
196.13453674316406
80.31633758544922
3.0050554275512695
0.23780618607997894
0.3115798234939575
0.02589365281164646
2.3704753857600736e-06
1.018494725227356
3.376011026290371e-09
1.1563782154055957e-09
4.016046606380996e-09
3.854502939049098e-09
1.6263686418533325
295.98419189453125
0.47951823472976685
76.73966217041016
1022.447998046875
1024.996337890625
1247.1572265625
4477.8603515625
18467.88671875
49811.69921875
62852.1328125
62600.7109375
42291.41796875
9255.6455078125
2436.10107421875
468.1061096191406
49.49021911621094
59.267921447753906
60.360599517822266
0.17721424996852875
0.0006917674909345806
38.71858596801758
17.577796936035156
1.4545480012893677
8.747801075514872e-06
3.302551787598418e-09
4.1871027478546097e-11
2.4277044818887816e-09
3.9734079837799072
2.3677902221679688
0.0
404.681396484375
725.088623046875
731.6245727539062
1057.2315673828125
3718.7958984375
21611.763671875
55574.65625
63673.609375
61017.671875
37619.90234375
7780.28662109375
2246.522705078125
1216.8057861328125
424.3991394042969
306.484375
56.375709533691406
69.86984252929688
80.4619369506836
66.3277359008789
66.56352233886719
4.1736361033883895e-09
2.316386416012506e-09
4.192019176230133e-09
4.167447276159919e-09
2.74323297411172e-09
0.0
0.00345299718901515
191.4691162109375
719.876953125
1216.879638671875
1222.199951171875
1487.4615478515625
4183.2958984375
25089.619140625
57513.9375
63668.6640625
59773.55078125
33736.015625
6598.0830078125
2250.580078125
1205.3980712890625
474.5390930175781
280.01544189453125
159.21014404296875
255.74246215820312
60.18115997314453
58.488624572753906
0.0
3.2038500741293774e-09
2.226420381390426e-09
1.9894454972302356e-09
4.05904065914342e-09
3.4589322517319943e-09
0.0
196.15499877929688
122.07691192626953
685.5225219726562
1216.4505615234375
1480.0604248046875
2974.92529296875
6817.61474609375
31532.279296875
61541.76953125
63328.703125
59373.01171875
27993.369140625
6019.3173828125
1915.99951171875
1035.0587158203125
910.8301391601562
582.5086669921875
567.7450561523438
538.7279663085938
70.67645263671875
0.0071146367117762566
4.247197038509398e-10
2.1704811281608727e-09
1.7952224429240715e-10
13.913395881652832
2.7563404891850496e-09
3.854708552353259e-09
1.6346832776292786e-09
143.93028259277344
396.79791259765625
389.9932861328125
1080.136474609375
1578.3763427734375
3583.95703125
9486.7783203125
33634.32421875
61549.3984375
63677.32421875
56989.39453125
23784.359375
6196.19482421875
1680.13427734375
948.4285888671875
1038.2674560546875
767.4520874023438
1024.400146484375
213.04522705078125
0.3861773908138275
0.013898027129471302
1.326599607942569e-09
2.91087309811644e-09
3.6821210525062043e-09
17.865148544311523
1.82548358651502e-08
3.5257690100820582e-09
4.250963137053532e-09
6.732834299327806e-05
0.010174047201871872
436.24176025390625
1031.02392578125
1754.4228515625
4230.24609375
11464.30859375
38492.765625
60373.43359375
63226.640625
51134.6953125
22672.291015625
6096.55810546875
2884.521240234375
1583.140380859375
921.1190795898438
498.4474182128906
424.1275329589844
3.0635344982147217
0.2683041989803314
0.015657523646950722
0.0
1.932307425178692e-09
9.818924562310372e-10
3.3336786664506235e-09
2.482366756595411e-09
3.2750411271820212e-09
2.1539494632349943e-09
15.883586883544922
29.688508987426758
38.52800369262695
615.015380859375
1615.95068359375
4137.2314453125
15109.2119140625
41890.84375
61111.96875
63064.796875
46695.0390625
21315.3515625
5803.333984375
2515.265625
1168.708740234375
870.4310913085938
756.8434448242188
411.0931396484375
2.2456910610198975
0.27624911069869995
2.4400051756856556e-08
0.0037115728482604027
0.007643344812095165
7.078012065342421e-10
2.644683805286263e-09
2.1656485493792843e-09
3.0659375038766257e-09
7.441601779234475e-10
24.835079193115234
3.8113760948181152
112.35926818847656
550.1729736328125
1187.536376953125
5366.27734375
15268.18359375
45015.7578125
61689.0703125
61539.1015625
43696.47265625
19803.02734375
6699.66552734375
2796.497802734375
1496.2535400390625
1315.24951171875
728.3446044921875
274.41107177734375
3.5469353199005127
2.932812213897705
6.3405503070157465e-09
3.195646858245027e-09
0.006244014948606491
4.920664986585166e-10
2.1257824389664393e-09
3.897628053639579e-10
8.671631190892981e-10
3.579263552211387e-09
0.7284559011459351
9.497171401977539
80.9594497680664
627.3311157226562
2785.690673828125
7082.18408203125
19346.322265625
46151.38671875
61256.1640625
61309.625
39658.58984375
18445.892578125
6520.361328125
2973.373046875
1932.071533203125
1325.130126953125
625.6705932617188
225.4229736328125
15.352272033691406
3.3017337322235107
5.349976017754443e-09
8.40562341952733e-11
2.7023581150587006e-09
4.084261373549225e-09
6.486094439317469e-10
1.989272080393789e-09
1.9178523213980725e-09
2.0301889058771394e-09
10.538966178894043
21.522581100463867
79.82976531982422
898.2447509765625
3085.63818359375
8029.462890625
22186.29296875
45720.9375
61915.98046875
60445.734375
37589.625
19747.98046875
9249.7099609375
3553.172607421875
1955.531494140625
887.8749389648438
985.03857421875
324.46368408203125
6.127485752105713
3.801345109939575
0.6903562545776367
1.6410683922885028e-09
2.3309862928755365e-09
2.1481936229861276e-09
3.3905938057188223e-09
2.6132043196014365e-09
3.6009044634965903e-09
0.003474569646641612
0.1460176557302475
34.220245361328125
86.77498626708984
995.4925537109375
2810.431640625
7536.45068359375
22856.4140625
46895.94140625
59857.59765625
56840.375
36891.9296875
18093.935546875
8116.9833984375
3234.047119140625
1616.103271484375
1318.6885986328125
1071.06884765625
626.552978515625
245.08055114746094
3.8484954833984375
1.3597995042800903
1.843885266694656e-09
2.624362949177339e-09
1.990664966200484e-09
4.908580208962121e-10
3.532058201471955e-09
1.111789660335205e-09
0.0049306428991258144
0.004055813420563936
366.0124816894531
533.4271850585938
647.4194946289062
1639.17822265625
5989.22021484375
17208.048828125
36688.703125
51908.6015625
47797.6171875
27579.138671875
15191.4951171875
6409.19580078125
2013.1800537109375
1049.95703125
1257.1859130859375
809.5654907226562
468.7660827636719
418.28778076171875
0.020104607567191124
3.6834792993545307e-09
113.16947174072266
4.162951316999397e-09
3.919245816774719e-09
2.8478077673810276e-09
1.0183442977762525e-09
2.417257283227059e-09
5.130377456197266e-09
1.9295252062789814e-09
252.60997009277344
605.5035400390625
658.0758056640625
538.0868530273438
1099.096435546875
3772.396484375
11435.1357421875
15395.1640625
13925.771484375
8004.55419921875
3053.51220703125
1363.0723876953125
41.278099060058594
56.70729064941406
1.2795439152668564e-09
1.3630169215517185e-09
0.7016754150390625
1.3494000434875488
1.4506332801644817e-09
0.015500999055802822
1.9922572480624012e-09
4.0495207187518645e-09
2.43419617795837e-09
1.7428630760818464e-09
3.759089040045183e-09
2.4376152207850055e-09
2.6126594221409505e-09
4.992091628963635e-09
5.339002573379048e-09
3.282319083197649e-09
0.0011197228450328112
0.002403855789452791
11.271245002746582
570.8016967773438
1230.3695068359375
2089.578369140625
1136.9083251953125
65.07555389404297
37.813838958740234
45.85002136230469
55.95901107788086
3.860801012223192e-09
3.1870583949711317e-09
1.3121713715591454e-09
2.2516097875069363e-09
2.3774595625525308e-09
1.1635618024641303e-09
1.3003217391727162e-09
2.6565776245490724e-09
3.005447224424529e-09
2.814370958503787e-09
2.920172548215305e-09
2.6025972488241678e-09
2.2255248754987633e-09
4.050310309366978e-09
9.982447091161362e-10
5.743995210027997e-11
3.1815445833416334e-09
2.224974371412003e-10
9.313028126456402e-10
4.95173813064298e-09
8.356102476625438e-10
0.0017413065070286393
0.0006643219385296106
2.824129152756427e-09
1.8233587972815712e-09
3.6549092641280367e-09
4.853317192576867e-10
6.200849833604138e-10
2.3935786686024585e-09
3.2057119181416738e-09
2.1007429129582533e-09
3.451229080297935e-09
4.3295789176056587e-10
3.516369972977884e-10
1.5507787276547447e-09
2.61197907747146e-09
3.6255494162418245e-09
8.014896524244364e-10
1.8074720609106976e-09
2.0446357107406499e-10
9.251364119222671e-10
6.076271152899437e-10
3.967677741911757e-09
6.182581113733931e-10
4.256745622654989e-09
3.7038805356104376e-09
1.8329515683035424e-09
2.1741897171523306e-09
3.775531887129091e-09
1.9905268544562205e-09
2.0860251304100075e-09
7.2664916618558895e-12
4.316701218698427e-09
7.428716530810675e-10
1.0911276049352381e-10
3.502349965600615e-09
6.91116497364419e-10
2.6373196959639245e-09
3.4731517661867883e-09
2.714779068213602e-09
3.1944193956690015e-09
3.457437669496244e-09
1.7591070822220445e-09
1.8289183500996842e-09
2.0636949926711168e-09
