1.5451764312501837e-09
3.431067097103835e-10
1.922285219890796e-09
1.1641808628226613e-09
2.503689755517513e-10
1.5879109138694503e-09
1.4490866284688764e-09
1.589594011974782e-09
8.76130279436893e-11
7.265859025551435e-10
5.385789592082801e-10
8.70464950120109e-11
7.028088666594101e-10
9.821332636050784e-10
6.256246215530226e-11
3.61515622993025e-10
3.9349837277491417e-10
1.6675586467229664e-09
8.435990239696878e-10
1.9476811274898864e-09
7.950606839557395e-10
5.957035420500745e-10
1.1889298434653028e-09
6.909965655221839e-11
1.7432664201066927e-09
7.915124111690375e-11
1.5466956604370807e-09
1.3888791228211517e-09
6.9845906836008e-10
1.6975254535367412e-09
5.567385441551664e-10
1.6029556570984482e-09
1.386684989057585e-09
1.7165137367047834e-10
7.664118784056484e-10
5.080477705199371e-10
4.377706877556342e-11
8.864623479709621e-10
1.3820817470550537
13.095451354980469
16.413087844848633
13.002525329589844
221.07656860351562
401.8849182128906
136.41708374023438
1.806917428970337
2.7081868648529053
3.488504808046855e-05
4.302358502172865e-05
1.4828265282318398e-09
1.985564601625356e-09
6.991446865889372e-10
7.985656025333299e-10
9.670767520120194e-10
5.896086952006385e-10
2.707599700002561e-10
1.1874763394814636e-09
7.711571936575012e-10
80.94931030273438
3.804743742286121e-10
0.0
0.0
7.630215348441993e-10
7.146318536932483e-10
0.0
13.607691764831543
15.320608139038086
1219.6798095703125
1780.7120361328125
4269.91015625
8534.9267578125
10720.982421875
10302.81640625
8091.15478515625
3989.396240234375
1712.1453857421875
683.7579956054688
257.6488037109375
219.1341094970703
1.3128763853842429e-08
1.4094373446127406e-09
1.5276073739300955e-09
2.3254037584408138e-10
5.649863354939555e-10
1.6823079596051116e-09
1.9896559955157045e-09
65.42015838623047
9.21107528029097e-08
2.3153104848461226e-05
0.022820444777607918
6.939144805073738e-05
213.25218200683594
664.6849975585938
710.5014038085938
1044.878662109375
2502.72900390625
4720.474609375
10929.63671875
19500.67578125
26078.857421875
23602.728515625
16603.20703125
7933.23681640625
4369.69970703125
1714.2860107421875
513.5783081054688
189.17922973632812
2.690891776069293e-08
3.299670457839966
1.209304989480131e-09
1.638950086757518e-10
1.395625282007984e-09
1.323029463762282e-09
1.7637816762672287e-09
6.284480713603102e-10
8.932590778165661e-10
1.3548572264099334e-09
0.019638825207948685
0.01860184408724308
369.47967529296875
601.9485473632812
788.846435546875
965.48046875
3602.236572265625
8532.03125
17704.234375
28225.529296875
32058.603515625
24709.064453125
15493.5576171875
8262.685546875
5203.6708984375
2541.0869140625
1050.4588623046875
242.69338989257812
0.0
3.8823115825653076
6.102181537848139e-10
1.0820644380515887e-09
1.8049465255742803e-09
1.570236440873174e-10
1.2615509747959663e-09
5.409278025503284e-10
7.960238024296018e-10
11.924820899963379
18.066665649414062
1.4250489473342896
330.6824951171875
600.4011840820312
749.5559692382812
1745.5382080078125
5848.65966796875
15348.7197265625
28236.041015625
35144.4375
31176.33984375
21462.373046875
12337.716796875
6545.5009765625
4045.1416015625
1855.06298828125
1216.781982421875
0.5277275443077087
0.0010958812199532986
13.302665710449219
0.0
8.662515704749296e-10
1.95078087017464e-09
4.4072359650648707e-10
5.675738767862981e-10
8.561546471774761e-10
4.4120113118495397e-10
0.10004359483718872
0.12726736068725586
2.702129449971835e-06
349.8138122558594
406.7314758300781
1120.2471923828125
3605.64111328125
10856.61328125
24279.2734375
35735.8046875
34914.9453125
23752.658203125
14410.3369140625
6840.0849609375
4264.04345703125
1792.94091796875
1282.197265625
614.9677734375
13.36713981628418
16.116981506347656
18.939802169799805
1.9581032351112526e-09
3.2417701856246595e-10
2.1880024181353264e-10
1.8178453187189803e-09
1.622609380191875e-09
9.869330908074403e-10
5.540097894329854e-11
19.023027420043945
2.0407772064208984
61.79752731323242
155.48558044433594
443.760498046875
1908.5631103515625
7320.18017578125
17054.8828125
32940.59375
36435.40625
29931.919921875
16828.123046875
6887.1005859375
2662.30859375
2267.153076171875
1502.516357421875
747.7156982421875
233.70608520507812
11.345948219299316
15.405753135681152
18.83933448791504
1.1510584707608018e-09
6.709471866983563e-10
1.3313851132679133e-09
1.67561142738748e-09
1.5573162551185682e-11
4.605183456796169e-10
1.2926117953782068e-09
1.9269092987883596e-09
148.4662322998047
107.65083312988281
642.2593383789062
556.1567993164062
3082.1806640625
10649.755859375
25909.40625
38123.48828125
35004.609375
23779.224609375
8603.873046875
2523.965576171875
1135.8292236328125
1071.039794921875
851.1104736328125
562.3182983398438
112.71395111083984
14.58017349243164
16.3048152923584
5.964873313903809
2.4881710025681514e-09
1.5297750843856761e-09
1.0932644789463097e-09
1.4356268396298333e-09
1.7422249198872919e-09
0.0
1.5960387456104286e-09
97.2140884399414
153.282958984375
158.6029815673828
169.1577911376953
1698.8541259765625
6447.083984375
17024.919921875
33685.35546875
37495.83203125
31294.65625
13852.427734375
3766.960693359375
1162.6654052734375
997.7633666992188
1375.6422119140625
1195.563232421875
750.01953125
9.038069725036621
7.5460124015808105
0.0
1.947124133039324e-07
2.377202008574386e-07
12.702311515808105
1.6310924833007334e-09
4.007954523821411e-10
1.2785336123144475e-09
6.400855541229248
4.301167011260986
164.71817016601562
166.9613800048828
138.4579620361328
273.3365173339844
3004.302490234375
9662.7197265625
24809.2578125
36942.09375
35910.0625
25209.388671875
7891.47607421875
2679.526611328125
1993.174072265625
3118.83984375
3293.21923828125
2468.756103515625
1518.92919921875
645.39453125
176.83172607421875
28.648998260498047
11.594772338867188
19.74524688720703
15.79430866241455
0.14488980174064636
1.9676282825287217e-09
1.5004413267405425e-09
1.8189014738823062e-09
1.4973945416940637e-09
71.72811126708984
169.1572265625
285.2002868652344
610.674072265625
4922.28466796875
15971.9619140625
31601.4296875
38787.4765625
33091.74609375
16187.919921875
6171.04443359375
4878.89208984375
5689.189453125
7330.31982421875
8858.9736328125
7820.2685546875
5066.740234375
1147.9288330078125
670.252197265625
86.24447631835938
45.95761489868164
28.98611068725586
15.929213523864746
0.2549338638782501
4.794104557781509e-10
7.466601226191472e-10
1.7533929863589037e-09
1.959272299956183e-09
0.0
143.9213409423828
312.1653747558594
1764.1591796875
7331.51611328125
21474.59375
35190.41796875
36810.171875
26659.15625
12603.826171875
8252.265625
12009.4775390625
15437.427734375
18363.40625
17993.982421875
15636.513671875
10956.0751953125
6591.4794921875
2854.6767578125
686.6803588867188
100.630126953125
11.318548202514648
0.0807214304804802
1.3919353447633398e-09
3.379035107275996e-10
1.919132852634675e-09
1.789670078800043e-09
8.317252997436242e-10
2.501246452331543
6.0405964851379395
682.0244750976562
3254.827880859375
12437.7802734375
25348.017578125
36487.41015625
34647.94921875
23381.322265625
15695.912109375
17162.98828125
23376.78125
27481.162109375
28862.125
27623.921875
23646.171875
19299.123046875
10881.1611328125
4737.126953125
1583.795654296875
1112.232666015625
294.790283203125
119.64852905273438
9.085806551567543e-10
7.970523130396145e-10
1.7615932046410876e-09
1.19090803885058e-09
4.4809178589844123e-10
1.3585536479949951
6.718352794647217
440.7878723144531
5026.634765625
15297.5791015625
29846.216796875
37381.5546875
33607.03125
24212.63671875
22359.037109375
27303.380859375
29679.943359375
30459.2734375
31808.4453125
31725.158203125
30346.947265625
24557.1484375
15255.5166015625
7384.28125
2642.541015625
1321.440185546875
357.0273132324219
368.31182861328125
1.9096211278935016e-09
1.0521853388567592e-09
1.7902440641037742e-10
1.8990928829509812e-09
1.1615955974875192e-09
9.732703531994957e-10
4.7237725257873535
1158.929443359375
6935.1416015625
16924.015625
29995.9140625
36643.80078125
32945.70703125
26382.25
25725.060546875
27561.154296875
26819.505859375
27163.92578125
26963.85546875
28714.994140625
30204.802734375
27028.630859375
19721.787109375
8717.48046875
3023.960205078125
1507.3037109375
531.0357666015625
408.10052490234375
1.8372395826915522e-09
2.0175980330883192e-10
1.2034409024863635e-09
1.2105831614928064e-10
1.197485888226879e-09
1.628989387825186e-09
34.265140533447266
877.9308471679688
8884.3046875
16969.046875
31450.134765625
35454.06640625
32225.4921875
27908.18359375
24449.58203125
23813.470703125
21371.06640625
17872.556640625
19662.248046875
27533.76171875
31544.505859375
28853.025390625
20828.6484375
9740.7607421875
3321.49951171875
841.8783569335938
673.4768676757812
432.8380126953125
1.888181611064965e-09
1.3206055138326178e-09
3.0979085963167563e-10
1.012485983942213e-09
2.0706730774477933e-10
1.987175757278692e-09
372.5013122558594
1375.6656494140625
8219.58984375
18068.44921875
29550.14453125
35550.64453125
35222.96484375
27317.296875
24071.208984375
21231.263671875
16517.38671875
14306.2978515625
20271.373046875
29472.71484375
34249.9609375
30012.767578125
19435.76171875
7400.73974609375
1701.803955078125
732.4501342773438
435.5774841308594
1.469755650518323e-09
4.99862373715132e-10
1.4087064847956299e-09
1.8856571859515725e-09
1.3817230692936278e-10
1.6057218055198774e-10
6.091290249976566e-10
877.4822387695312
1201.753173828125
5539.74072265625
15421.0751953125
27600.96875
34404.765625
36174.24609375
28864.21875
24696.591796875
20613.53125
17803.599609375
19015.892578125
26867.427734375
34752.609375
34823.19140625
25905.583984375
13447.767578125
3753.48046875
1575.3218994140625
74.99054718017578
2.750883298929807e-09
0.006181229371577501
1.81655768205502e-09
1.8654571221077276e-09
2.9430777259698004e-10
6.662168039461847e-10
6.570166632968721e-11
1.4874699445499573e-06
515.3180541992188
981.936279296875
5119.4111328125
13020.771484375
24398.97265625
33426.0859375
36755.77734375
34647.59375
30331.208984375
28657.498046875
28169.16796875
30837.58203125
34977.52734375
35230.76953125
30808.228515625
18841.6484375
7094.30322265625
2002.01025390625
165.05783081054688
2.2401235103607178
7.85868481401053e-10
0.0
5.310973882899361e-10
3.9818232044908086e-11
6.982789346743346e-11
1.5784870077695246e-09
8.97261778765035e-11
4.922278549202019e-07
26.803030014038086
634.3392944335938
2530.13720703125
7546.876953125
17565.712890625
28815.00390625
34655.265625
38227.046875
37343.2734375
36736.16796875
36152.9921875
36603.265625
33870.79296875
27723.6015625
17681.771484375
8557.44921875
2629.77783203125
254.01229858398438
77.89139556884766
8.468690193552675e-10
6.07393135787504e-10
7.699170190278437e-10
1.567722285322759e-09
1.876257815780491e-09
1.0611463929777187e-09
1.8179204808177474e-09
1.7348337211231524e-09
1.3533756337835712e-09
0.0001679079869063571
1.1475735902786255
472.0964660644531
3150.712158203125
8843.240234375
17876.24609375
27085.802734375
32614.72265625
37094.53125
36131.8046875
35258.21875
30373.35546875
23324.240234375
14723.1669921875
7123.58056640625
2957.182373046875
901.5137939453125
166.15394592285156
97.3029556274414
1.8169502569165275e-09
1.796026105616022e-09
6.873081548341986e-10
1.0300741370983246e-09
1.9719450516930692e-09
1.6473410413553324e-09
2.4600829706677985e-10
5.061357444269277e-10
1.8919097399816565e-09
1.3875134374785603e-09
0.00010625510913087055
0.26346954703330994
185.17123413085938
1244.9749755859375
3773.04541015625
7615.59521484375
10322.349609375
13826.4140625
16041.6396484375
14751.0986328125
11345.75
7368.29443359375
3316.809814453125
1146.141357421875
537.5389404296875
114.78368377685547
3.977179858338786e-06
1.576510727518965e-10
1.2791796510924769e-09
4.939205155984894e-10
1.8316411720675774e-09
8.795473377398721e-11
6.594760293410218e-10
1.7443123612181921e-09
4.049291180141523e-10
3.165072925970236e-10
2.026089990225799e-10
8.820205121828906e-10
1.7701011767456976e-09
3.486128719032422e-09
2.750492722469744e-09
21.294336318969727
442.2216796875
572.08642578125
1106.9642333984375
1687.3153076171875
1695.907470703125
1412.3712158203125
831.1832885742188
481.6890563964844
87.1670150756836
37.37074279785156
32.65214920043945
12.65968132019043
4.14974647355848e-06
3.284222338528764e-10
5.772817779359229e-10
2.366503937256681e-10
2.2481194683621197e-10
8.45958914030831e-10
1.5943366626913758e-09
1.9687136365575952e-09
3.5713602214437756e-11
7.88263121442867e-10
1.9875832091287293e-09
1.935583027190546e-09
9.216846730275563e-10
6.92102319899135e-10
2.2154891254899667e-09
3.527211944742703e-08
4.056906277583039e-08
0.01644260250031948
0.01412102859467268
5.422960747125671e-09
2.5219744070881234e-09
3.392593317386172e-09
3.251372220347548e-07
3.987291563589679e-07
2.3490653866531375e-09
7.326269035878852e-10
6.262276253110599e-10
1.9055748090579527e-09
1.6297435623258139e-09
1.1008105538223845e-09
1.2898154766460834e-09
3.4467848020192093e-10
1.9088037817027725e-09
1.0296948849131127e-09
1.29166966011951e-09
1.6662986546123193e-09
5.495078281292365e-10
4.4496958895301475e-10
1.4126472214215369e-09
2.2453772174912956e-09
1.8896586517769265e-09
1.950549499696308e-09
1.2602440202513776e-09
8.195765843765912e-09
1.624291456892024e-08
7.2110384330414945e-09
7.302225490946057e-09
2.685880629016424e-09
3.3935063092904727e-10
1.0156325780386055e-09
1.8227431786144166e-09
1.192693721563387e-10
4.0033509840498027e-10
2.133497267742257e-10
1.4443938267660883e-09
2.3160250106624147e-10
1.92917348762478e-09
1.0060323685223693e-09
1.8712459966957473e-12
1.8133213819382377e-09
1.4311660190280406e-10
1.3025152068024681e-09
1.1099762220467824e-09
2.496780004968002e-10
1.7488530623666065e-09
1.2465768417513345e-09
1.5991914459334566e-09
1.8992520889327125e-09
1.2333010168674718e-09
3.9865657441851e-09
1.0578392384275048e-08
7.4067503241792565e-09
4.744353798713519e-09
4.907629413963832e-09
4.22265200583638e-09
2.2547105849035631e-10
3.782664459439644e-10
1.4913706936070525e-09
3.9255482198186087e-10
1.3699189560512082e-09
6.631047100302823e-11
7.443603511347874e-10
5.790170010122608e-10
1.5803747199782947e-10
1.4557245409108077e-09
1.9430435038714222e-09
8.401389584022922e-10
9.370800801988821e-10
2.0774582141364073e-12
1.4475244336509263e-09
9.786448318394037e-10
5.060259433697922e-10
4.354325233713041e-10
7.455049355620247e-10
1.845975816650025e-09
2.213626365543675e-10
4.105977335910893e-09
1.015410333593536e-08
1.0399054062304458e-08
3.2665745663962298e-09
1.8329321394006115e-09
1.5567394040516547e-09
7.646723809706657e-10
1.0994680721410077e-09
5.388296475672405e-10
3.0777366766265857e-10
2.892515116315053e-10
4.992189994723617e-10
9.792592292612312e-10
1.95895522026035e-09
1.1176100045418025e-09
3.171656270950507e-10
1.2257052317554695e-10
2.8699526088971083e-10
1.2132893578709059e-09
1.1118922449426805e-09
6.73019209807002e-11
5.618015774810914e-11
