3.71636194040903e-10
5.316540263589076e-11
1.7130645513230291e-10
5.937671465616745e-10
2.843083823922399e-10
6.760874637912195e-10
5.3031802040026665e-12
4.834412870025062e-10
3.9699052378772137e-10
5.257715374185068e-10
6.911447525403958e-10
1.1218500954590649e-11
7.981765803855012e-10
3.3196492776887965e-10
1.0030307140418415e-10
6.679629627193151e-10
3.842234030937419e-10
5.937085545415499e-11
9.215039842302986e-11
2.6235930095097615e-10
4.254271934733822e-10
2.2865304094565886e-10
1.9857135380441093e-10
4.3324818732592973e-10
3.2975905339682754e-10
1.2691868389591576e-10
3.8600611595995815e-10
6.053226253577293e-10
3.008226445722073e-10
7.0653738415416e-10
3.1024338653651284e-10
4.987283919177798e-10
3.1328462046786854e-10
5.108500289452422e-10
1.1210163353148062e-10
7.119113076825556e-10
8.895763986549454e-11
4.5872755594089654e-10
2.4807284004779717e-10
2.638307072810875e-10
7.225265941102066e-10
4.4544500032994705e-11
1.4625493871545103e-10
2.979811952741329e-10
3.779691282179698e-10
7.603833673819338e-10
3.0365068792725936e-10
4.221891447553361e-10
2.275655497374629e-10
2.716109837042069e-10
3.4791419745161534e-10
6.235565952472655e-10
5.499953270593494e-10
6.862787560457662e-10
5.447950424120052e-10
4.422504307211028e-10
6.200098212616467e-10
2.892213413208111e-10
2.8374397276209606e-10
5.741763176025927e-10
1.4123884006789211e-10
7.925154421606351e-10
6.827577947454699e-10
1.9916933380326185e-10
4.2567396829618076e-10
4.5554635064171123e-10
2.221200584573424e-10
5.819922876959538e-10
6.980863664907133e-10
2.7221173232172546e-11
4.3564657437045184e-10
1.967632307087186e-10
4.4968467838302217e-10
1.0287906082595555e-09
9.056260741324706e-10
118.37779235839844
164.4105682373047
176.9271697998047
0.0
7.573054960907655e-10
9.09265232551526e-11
3.6390804258878973e-10
1.0773419656384675e-10
6.480282976895069e-10
4.2552386614325144e-10
1.198302013172281e-10
4.756791072146882e-10
5.773027056399371e-10
6.156729570605535e-10
1.1988605941315456e-10
3.34652500155741e-10
6.203419444794633e-10
2.1526880278344152e-10
4.733519687327714e-10
5.575620174407959
33.730064392089844
43.31605911254883
52.31391525268555
98.26190185546875
247.58299255371094
395.2149658203125
360.11395263671875
281.8940124511719
223.7372589111328
389.9748840332031
259.9942321777344
363.3067626953125
593.1419067382812
569.7786254882812
5.197526853351064e-10
1.113912434513864e-10
4.917542484328408e-10
2.2712930147772425e-10
3.6654089485832486e-11
5.7194284031059084e-11
6.323458423551642e-11
5.695086069401611e-10
4.3121978210436396e-10
31.76453399658203
95.38998413085938
75.10946655273438
105.31724548339844
180.97369384765625
231.55731201171875
400.5166320800781
517.1331176757812
1148.583251953125
3855.65771484375
10177.908203125
18445.17578125
23290.34765625
20480.953125
13758.744140625
7509.79638671875
2718.278076171875
1772.4210205078125
816.7382202148438
35.66850280761719
1.9024076758356046e-10
3.7276079445369703e-10
6.157332976819418e-10
4.942684594944069e-10
0.0002515805244911462
0.0006961791077628732
0.0
1.3410083055496216
79.8532943725586
43.207889556884766
108.41764068603516
169.1183319091797
414.1994323730469
761.9478759765625
1021.3330688476562
1611.6761474609375
2410.307373046875
9789.44921875
23944.1015625
37113.47265625
45460.23828125
38342.9140625
22994.23046875
10374.271484375
4020.13525390625
1497.90576171875
66.51229095458984
0.001051803701557219
366.0640869140625
3.9819048058831186e-10
3.095379230710904e-10
7.085229625225509e-10
4.3531220295101036e-10
3.2438313961029053
2.791992664337158
66.95643615722656
1.8589916229248047
138.23333740234375
236.81443786621094
483.0365905761719
825.39306640625
1828.0804443359375
2991.40966796875
3538.1875
5723.66015625
14920.896484375
33968.265625
49891.54296875
53077.421875
40221.6015625
23268.396484375
10212.400390625
3800.084228515625
1090.5841064453125
225.50132751464844
0.0015786553267389536
0.001018808106891811
0.0008509547915309668
1.7566587073858386e-10
5.451147866430972e-10
6.482747116898224e-10
0.0027315306942909956
19.77986717224121
2.5257511138916016
272.10577392578125
704.64404296875
728.198486328125
548.6253051757812
1231.8782958984375
2324.161865234375
3039.975830078125
4384.3330078125
7903.74365234375
23538.421875
42783.81640625
56021.4375
53468.43359375
36072.56640625
19619.49609375
7882.55029296875
2854.5732421875
787.1471557617188
306.50555419921875
214.28268432617188
0.001200532540678978
0.0004608919844031334
7.643646826593908e-10
3.7010000619730477e-10
7.381989464150251e-10
1.0562618557585779e-09
21.76091957092285
0.08040871471166611
256.969970703125
670.4962768554688
650.6700439453125
731.8771362304688
1330.1234130859375
2286.73486328125
3810.753173828125
4721.93994140625
12281.2314453125
34387.05078125
53420.46875
56677.87109375
50672.48046875
28958.65234375
11830.1064453125
6196.5380859375
1303.397216796875
381.7230224609375
167.26028442382812
175.7197265625
0.0009664187673479319
4.4726333747746594e-10
3.276253712769517e-10
0.003505607834085822
6.200833180258769e-10
0.008151073940098286
0.00025732044014148414
0.04130407050251961
363.2763366699219
679.07666015625
741.5075073242188
759.5745849609375
1146.7518310546875
2237.995361328125
3497.96826171875
7375.89990234375
20324.47265625
46593.72265625
55748.109375
56029.71875
42458.421875
19820.1015625
8368.9599609375
3439.75732421875
378.1029357910156
0.2777070701122284
0.3992416262626648
0.1849275380373001
2.8023813825051036e-10
3.2576472075440677e-10
3.551919591782138e-10
0.005552846472710371
4.856083313242721e-10
5.374085620957203e-10
1.1405368871564292e-09
1.7315304279327393
129.33123779296875
171.8816375732422
577.1485595703125
695.3330078125
1186.544921875
1298.3021240234375
2921.974365234375
12048.88671875
32470.494140625
53273.796875
58080.73828125
54225.8828125
30157.537109375
12451.3076171875
3994.9755859375
683.2698974609375
87.37865447998047
0.002711569657549262
0.0004962857346981764
9.149092511506751e-05
2.7411692360423956e-10
6.618644521338979e-10
6.055262957715968e-10
1.8638773857659885e-10
6.253179640758333e-10
0.2269027978181839
1.7544783986522816e-05
1.6526199297928201e-09
0.04313177987933159
129.29786682128906
558.60400390625
596.3931274414062
819.8345947265625
1266.4207763671875
5437.54833984375
19296.173828125
47230.05078125
58400.82421875
57568.71875
44251.40625
18880.078125
6427.93115234375
1463.7281494140625
84.9056167602539
0.6878974437713623
0.0006959234597161412
0.00036519538844004273
7.014239236013964e-05
2.842159285698642e-10
2.3851220998238887e-10
6.449098893801519e-11
6.655199169536274e-10
6.526539308993051e-10
0.22375176846981049
6.535203283419833e-05
9.26425880454218e-10
101.7171630859375
118.17619323730469
397.7491455078125
765.0409545898438
756.8910522460938
2104.937255859375
10236.0
34455.3046875
55575.72265625
58098.5078125
56066.21875
32415.734375
10633.7021484375
2576.28662109375
738.1026000976562
57.5737190246582
71.1161117553711
55.729339599609375
58.45718765258789
58.74998474121094
45.754512786865234
5.646141887361011e-10
4.776840589748588e-10
2.9128549572376983e-10
1.117693437802103e-10
0.17077943682670593
4.95241847531247e-10
7.800466939045236e-10
106.93087005615234
445.1761474609375
475.72412109375
745.9121704101562
1242.4437255859375
4165.390625
18408.361328125
48685.64453125
58170.953125
58025.80859375
47189.71484375
19777.619140625
4318.244140625
1087.345947265625
111.99686431884766
72.22452545166016
80.02330780029297
73.40935516357422
72.64604949951172
62.02133560180664
78.5111312866211
1.2990578057703317e-10
3.053938490982233e-10
4.2997735927308156e-10
3.0070801404491476e-10
5.600268027095012e-10
0.00136590248439461
7.593498706817627
334.6611328125
409.5608825683594
491.3800964355469
1405.768798828125
2080.993408203125
9099.1845703125
33783.265625
56137.7578125
58613.29296875
55937.0078125
32449.9375
11199.412109375
2161.936767578125
759.6639404296875
208.77561950683594
109.01542663574219
472.1429138183594
713.2030029296875
631.534423828125
14.760522842407227
7.088881703865013e-10
7.56959425696202e-11
1.4649365054353325e-10
7.128843626524883e-10
0.02899443544447422
4.6578485513038e-10
1.2386686648824252e-05
40.12838363647461
397.3833312988281
449.87884521484375
1169.1199951171875
2239.652587890625
5560.2333984375
17940.13671875
49234.0703125
58278.67578125
59339.484375
49435.55859375
19482.958984375
5586.4248046875
2012.9776611328125
873.87255859375
637.8111572265625
610.2872924804688
699.5347900390625
727.1005859375
361.4638366699219
67.32109832763672
4.568441736019224e-10
7.128318491034236e-10
1.9368441572797934e-10
1.044113320108897e-11
0.03664570301771164
5.487413301530353e-10
0.5530827641487122
508.3827209472656
617.8928833007812
779.4110107421875
1728.23291015625
4796.7880859375
10854.4130859375
35188.203125
55834.515625
59339.4375
55213.4765625
34165.0625
9853.5556640625
3499.72119140625
1794.0943603515625
1171.113037109375
746.30810546875
680.3007202148438
468.5548095703125
150.08258056640625
135.2535858154297
105.6844711303711
103.62683868408203
3.9479014501964116e-10
5.704408612139389e-10
2.1774024250298396e-10
4.2311198988898013e-10
4.1978451270630046e-10
0.18155792355537415
354.7012634277344
617.31982421875
913.480224609375
2867.586669921875
7677.9794921875
20526.619140625
48202.8671875
57334.2265625
58306.27734375
47481.23046875
17510.064453125
4284.1123046875
2149.330322265625
1475.228271484375
1476.663818359375
950.6943969726562
548.7545776367188
563.585693359375
142.44346618652344
112.35469055175781
179.20249938964844
125.62420654296875
1.0145387308035936e-10
2.418634181822199e-10
7.473529017865133e-10
2.5927276992021575e-10
9.189211058746594e-10
8.36053892783184e-10
447.8367004394531
1067.8638916015625
1898.8636474609375
4987.69580078125
13679.408203125
32672.984375
53805.76953125
58118.95703125
55562.9296875
35035.51171875
11068.9970703125
3273.7001953125
1712.3328857421875
1439.320068359375
1461.6995849609375
1720.0400390625
1008.3978271484375
290.3516540527344
198.13670349121094
39.88205337524414
76.77609252929688
156.42739868164062
1.2941378524367053e-10
7.274337243678985e-10
5.905517741489064e-10
1.2651324432511046e-09
177.35452270507812
4.328394412994385
84.89717102050781
649.3433837890625
3593.424560546875
7990.041015625
22824.75
43567.6171875
55992.8046875
57947.46484375
44877.640625
22345.341796875
6763.49853515625
2222.312744140625
1501.999755859375
973.2046508789062
833.7077026367188
601.571044921875
603.4844360351562
634.0198974609375
580.4249267578125
0.0
122.56130981445312
139.1704864501953
6.942506569629359e-10
1.5661669183764104e-10
8.736371348572192e-11
0.3068496584892273
4.687564849853516
8.60071086883545
78.5219497680664
2090.51318359375
5371.384765625
15433.169921875
31740.138671875
50432.72265625
58188.53515625
53214.3125
33755.2109375
14669.5107421875
4336.55126953125
1918.3463134765625
970.6669921875
500.2415466308594
586.8926391601562
616.1736450195312
705.5861206054688
518.4887084960938
501.13421630859375
1.3076442883175332e-05
49.268898010253906
115.26856231689453
4.534595489501953
2.8744866540364455e-06
2.5738636222349953e-10
0.3954412341117859
0.32346436381340027
10.371491432189941
127.63516235351562
2978.781982421875
8455.6142578125
20285.060546875
37376.7578125
54795.70703125
57093.62109375
43598.78125
24157.05078125
9333.7470703125
3135.3095703125
1802.6849365234375
687.7847900390625
690.9596557617188
665.2160034179688
544.5707397460938
414.99993896484375
316.26739501953125
150.19720458984375
0.0
8.124852180480957
51.96902847290039
4.719564183908176e-10
1.0970352377626114e-06
2.822955758041701e-10
0.2770930826663971
0.3763149380683899
6.3782196044921875
143.2633056640625
3684.218994140625
10901.22265625
23551.744140625
43649.23828125
54124.80859375
51282.01171875
36464.62890625
17448.98046875
4841.69580078125
2521.384033203125
1028.802978515625
878.9752807617188
612.6082763671875
318.8959655761719
91.67139434814453
65.80975341796875
0.0
1.0172168662947456e-09
7.451139705239029e-10
67.2925033569336
67.50638580322266
4.383819418585233e-10
2.3707957819141257e-10
5.217837273363557e-10
4.4678011290599784e-10
1.3570049528510708e-09
0.5025460124015808
993.9619750976562
3472.330078125
10093.673828125
23954.322265625
40213.51171875
48953.34375
40091.91015625
24401.14453125
8722.17578125
2818.89208984375
575.1967163085938
328.77557373046875
264.1457824707031
289.29400634765625
122.43001556396484
1.5742506980895996
1.0101861953735352
0.07102063298225403
0.08048040419816971
0.0012944804038852453
6.373725891113281
51.29964828491211
1.1257411669518547e-11
6.31949714779978e-10
7.763804599214552e-10
6.068099911438196e-10
4.2538078615095287e-10
0.47929927706718445
17.22707748413086
1224.27685546875
3232.96240234375
6643.78759765625
13582.779296875
15882.8583984375
13960.2685546875
7807.7919921875
2868.447265625
455.5200500488281
66.421875
136.76467895507812
184.56121826171875
106.46876525878906
0.017042547464370728
0.0024898103438317776
8.786850691500092e-10
7.761227216462885e-10
4.663928132586648e-10
2.1884381806724917e-10
2.9142084578825944e-11
3.3199706872544255e-11
6.389761497693769e-10
1.1004021305272005e-10
1.9708240595051052e-10
1.647858238751354e-10
3.2839606034507085e-10
0.0013699496630579233
0.5927248001098633
143.5447998046875
489.7947998046875
614.0394287109375
1212.334228515625
725.8941650390625
1021.463134765625
694.2952270507812
212.10357666015625
0.10913334786891937
0.07642816007137299
143.75018310546875
143.75942993164062
0.06961672753095627
0.015601993538439274
1.6636145239168343e-10
3.4743347088195264e-10
3.333789910797691e-10
1.460945774078848e-11
2.3521103467705196e-11
4.2594533455897476e-10
6.091782078776475e-10
7.603601082095679e-11
3.5869401199262185e-11
2.3473412102958946e-10
3.36909361520199e-10
6.639885308246107e-10
7.624695319563557e-10
5.692021298742134e-10
6.368908178622235e-10
1.3913938057275033e-10
3.5475913873206366e-10
0.22760578989982605
0.39346843957901
0.3214890956878662
0.08131219446659088
0.050088874995708466
0.01833103410899639
2.1983972975370136e-10
3.0910840553843855e-10
6.542745234483505e-10
5.797365920656716e-10
1.262192295126141e-10
2.212076216645542e-10
1.9217441526997447e-10
4.4955572597871196e-10
3.3111247077499684e-10
3.773063805834198e-10
2.0079087004187812e-10
2.1916295167567768e-10
5.126914170983099e-11
4.229951111600627e-11
5.163575678146515e-10
3.379255486546384e-10
6.200817637136424e-10
1.4606495180036205e-10
4.3966033591580356e-10
5.248034229410337e-10
4.830041921977113e-10
2.373178042969215e-10
1.3330073156403444e-10
1.9038624843314977e-10
2.818693611850165e-10
9.666226152837964e-11
4.662260577603661e-10
7.655560074759649e-10
4.377530837818e-10
5.552862614166543e-10
5.537963976287585e-10
6.542361652428497e-10
2.2754684247949797e-10
4.917189433406577e-10
5.861304774867904e-10
5.534565861164964e-11
4.707288447924896e-10
4.68669159037205e-10
7.700000637100857e-10
6.419492715181718e-11
5.115833867641584e-10
