2.314205715947537e-08
3.77130646711521e-08
1.9194610345607543e-08
2.539287891067943e-08
9.168296344341798e-09
5.860866236773177e-10
5.138966141515766e-09
3.5389778219041546e-08
2.8983400568449724e-08
3.6824339133545436e-08
2.3301828022681548e-08
1.6241994416077432e-08
9.81201342398208e-09
7.50634843171838e-09
3.299047790505938e-08
3.285221339410782e-08
3.3905724450278285e-08
1.268726990133473e-08
2.8677568764123862e-08
2.126866860407972e-08
2.162548717876689e-08
4.92993734724223e-09
1.069899369099403e-08
3.298620399050378e-08
2.856857683752878e-08
2.0409689938105657e-08
3.136582549245759e-08
6.230395754869278e-09
2.065021575958781e-08
3.85776672828797e-08
2.007330301978527e-08
2.408921950802778e-08
3.990851027424469e-08
3.595204844941691e-08
1.4677631554604886e-08
9.766888524609385e-07
7.94111176816159e-09
4.008560594570554e-08
2.5849132612165704e-08
6.316774658898794e-09
1.771450541809827e-08
1.8732093653994752e-09
2.852856084700761e-08
3.027868800131728e-08
1.3562189593585572e-08
3.532872128175768e-08
4.208679982298236e-08
4.0152698943529685e-08
2.0766909025748959e-10
9.068190642835816e-09
1.8101605547826694e-08
2.0214875107171792e-08
6.083051284910823e-10
9.729587135964834e-10
3.1276603529306612e-09
1.30184938385014e-08
4.0672617274140066e-08
1.2073561705960856e-08
2.3642307667159912e-08
2.940958809816152e-09
2.3473617716263107e-08
2.1841483288653762e-08
1.130189389186853e-06
0.08001843839883804
0.07492611557245255
2.8072317803662372e-08
5.387703438941571e-08
3.9516230287972576e-08
3.868301590159717e-08
5.405232172961405e-08
5.773811651010874e-08
2.7880204811481235e-07
3.9279751717913314e-07
1.912403149617603e-06
2.0740608306368813e-06
2.008230239880504e-06
6.348490444452182e-08
3.33180523170995e-08
3.555903660412696e-08
5.628761456932807e-08
4.972319445073481e-08
3.296259931673262e-09
3.223109246164313e-08
1.625500622992604e-08
2.988640801504516e-08
3.2475451661184707e-08
2.768189411028743e-08
2.7261220836294342e-08
2.6170701161731813e-08
2.6867281732734227e-08
8.020168706934783e-07
0.06114394590258598
0.06434451043605804
0.039466798305511475
0.0
0.0
0.00015720499504823238
14.128568649291992
11.434032440185547
5.569952011108398
6.492156982421875
0.0
2.741791009902954
3.652831554412842
0.0001458969636587426
8.421736197306018e-08
5.0815945229487625e-08
6.509471717208726e-08
4.5113971225418936e-08
3.2979620812056964e-08
3.0292410801990854e-09
2.7090999665801974e-08
2.931768783298594e-08
1.931640625230102e-08
3.156542405235996e-08
8.138958951242614e-11
0.0
0.11566959321498871
627.850341796875
915.675048828125
451.8467102050781
412.4739685058594
288.72332763671875
628.3897094726562
362.11474609375
532.490478515625
680.0955810546875
662.3908081054688
373.9515686035156
663.4526977539062
771.0497436523438
927.9000854492188
651.052734375
218.29042053222656
256.76385498046875
99.9749526977539
69.47944641113281
1.4984017298047547e-06
2.0930830402221545e-08
2.929935050133281e-08
2.5146082549554194e-08
2.5517222113080607e-08
1.0105586589759241e-08
33.37305450439453
413.6796569824219
1814.1732177734375
2990.377197265625
3311.8544921875
3348.183349609375
3063.977294921875
2986.20654296875
2127.536865234375
3105.74169921875
2810.739013671875
2478.052734375
3512.057373046875
5393.630859375
7151.84326171875
5437.98876953125
4184.97412109375
2802.014892578125
1319.26171875
742.69287109375
190.27633666992188
82.97499084472656
1.172128122561844e-06
7.700977633362527e-09
6.34791419429348e-09
2.3658284220573478e-08
2.8014916608753992e-08
292.3313293457031
382.5108642578125
930.8660278320312
2293.220458984375
5546.3984375
8075.25
8622.173828125
8284.4345703125
10869.59765625
11061.2724609375
10502.837890625
10850.6865234375
9991.046875
10140.4326171875
11159.9833984375
10725.8076171875
10261.9755859375
6815.40185546875
4727.13427734375
2322.120849609375
1016.304443359375
101.76912689208984
251.1070556640625
5.118374133417092e-07
7.800108114963678e-09
1.4774660606065027e-08
1.3620474526021553e-08
1.2374624020594638e-05
272.88763427734375
498.4828186035156
1595.509765625
4114.14697265625
9338.212890625
14743.5322265625
17383.6328125
17863.404296875
18649.037109375
17730.150390625
16084.5537109375
15386.267578125
15551.2890625
15897.40234375
17648.53515625
17959.7421875
16194.642578125
10873.8916015625
5662.17236328125
3235.939453125
1601.9530029296875
668.416748046875
465.7349853515625
5.899350696836336e-08
2.4053781189081747e-08
1.4762616018515473e-08
4.0680525614789076e-08
3.765159999602474e-05
250.8002471923828
687.994140625
2339.92333984375
6723.4150390625
13285.1552734375
21345.44921875
26349.248046875
25147.18359375
20790.16015625
17666.90234375
15901.259765625
15185.1982421875
15020.5595703125
16439.28515625
18890.693359375
21518.7421875
22798.27734375
15519.08203125
9543.0390625
5437.52294921875
2872.15966796875
938.8365478515625
831.5690307617188
4.948962839534943e-08
1.479603373155669e-08
4.649605145345959e-09
1.16157083951407e-08
2.3825408788979985e-05
4.579246997833252
676.9755249023438
3486.985107421875
8899.08203125
20469.193359375
31348.166015625
31258.916015625
23696.087890625
18286.837890625
13372.0205078125
12575.7265625
11163.4541015625
11573.1396484375
13256.0693359375
17910.798828125
23442.416015625
25372.310546875
22211.099609375
15254.6318359375
7379.8935546875
3507.72021484375
1019.8616943359375
429.6064758300781
4.01322850507313e-08
1.62044191398536e-08
5.549658954606684e-09
1.8582838379188615e-08
2.808029364587128e-08
12.940450668334961
653.236328125
5369.98876953125
12310.3017578125
24712.39453125
30701.982421875
30856.734375
21910.916015625
13281.5244140625
8716.0556640625
6790.2265625
6487.4599609375
7386.615234375
9551.79296875
14333.3359375
22170.1015625
26655.068359375
26018.025390625
17558.740234375
9776.0380859375
3517.732421875
696.88671875
158.17422485351562
1.2216399625231134e-07
3.4369843859849425e-08
6.085621784279738e-09
1.5960644361712184e-08
1.8021891534658607e-08
277.6576843261719
1633.2998046875
6503.38134765625
16338.5478515625
27983.869140625
32093.63671875
27660.36328125
14859.9287109375
7290.01953125
4448.12939453125
3691.154296875
4055.47607421875
5368.5322265625
7185.671875
12836.9619140625
24855.1328125
27630.529296875
28255.142578125
22667.455078125
12007.0341796875
5722.40771484375
1495.6966552734375
505.6225280761719
9.410918977437177e-08
1.908147773121982e-08
3.810576032492463e-08
1.2807233495948367e-08
1.0733739230772699e-08
473.3048400878906
3034.7421875
8553.9130859375
19352.0859375
30723.9140625
30217.919921875
22197.54296875
9248.8427734375
5597.8564453125
4680.8876953125
5474.48828125
4834.173828125
6943.39208984375
8986.8134765625
13538.67578125
24333.22265625
29884.716796875
29462.318359375
24810.580078125
14893.0771484375
6485.138671875
1790.1590576171875
161.25270080566406
3.3023216161609525e-08
2.9999331019325837e-08
1.4308543683227981e-08
3.776096946239704e-08
3.2607580635612976e-08
219.50013732910156
2912.71533203125
9472.6025390625
21204.8515625
29772.3359375
28246.71875
24727.646484375
13712.8388671875
10103.775390625
9633.291015625
10169.76953125
11104.8359375
13203.451171875
13069.154296875
17063.6328125
24672.4765625
30320.93359375
31737.826171875
25672.986328125
14236.810546875
6716.48779296875
1706.9989013671875
281.00225830078125
2.8715533062495524e-08
1.0432140706839732e-09
3.184016605928264e-08
9.230982200847393e-09
2.554075884120266e-08
0.12638060748577118
3266.674560546875
9984.50390625
21474.943359375
29113.466796875
32335.689453125
27352.7265625
21619.935546875
18030.03515625
16772.04296875
16670.388671875
19402.921875
19912.787109375
20831.037109375
23235.1171875
28439.146484375
31332.90234375
33701.8359375
25159.81640625
16464.03515625
5862.95263671875
1792.5028076171875
502.8744201660156
3.4496402179229335e-08
1.0558962593165688e-08
2.063101867122441e-08
4.181462287533577e-08
3.107568957716467e-08
0.1118597686290741
2870.045654296875
8714.2734375
18024.17578125
25631.158203125
31287.38671875
30677.9765625
27546.4140625
25641.32421875
26280.521484375
26213.1484375
24137.251953125
25873.42578125
25646.830078125
27292.77734375
28572.162109375
31878.33984375
33864.5859375
28104.53125
16499.546875
5737.3759765625
1552.0958251953125
793.439208984375
3.4494779109954834
3.7248359063823955e-08
1.1157229806713076e-08
1.7904552507275184e-08
3.113046531666441e-08
3.0871330380932704e-08
1930.6387939453125
6427.5703125
13987.5283203125
23133.048828125
27946.4609375
30860.337890625
29708.44921875
27925.05859375
27768.0234375
26384.560546875
27751.76171875
26865.37109375
25903.994140625
24267.767578125
28315.63671875
32425.728515625
33716.984375
29124.2421875
16130.21484375
5191.60400390625
1351.1002197265625
529.60546875
186.22848510742188
67.6993179321289
3.953390148581093e-08
8.303548959531781e-09
1.3181754354718578e-08
5.998219165803675e-08
765.7440185546875
3817.4404296875
8318.267578125
14368.4609375
17697.36328125
21966.509765625
22842.611328125
24058.017578125
23785.994140625
21331.21484375
19978.98828125
17690.443359375
16486.279296875
16910.958984375
22074.125
29954.12109375
34065.63671875
29932.01953125
13444.44140625
3947.365966796875
865.7970581054688
523.524658203125
214.06886291503906
31.901309967041016
1.063027212921952e-07
3.3381660102804744e-08
3.574652041038462e-08
3.630340117410924e-08
45.090171813964844
1408.1910400390625
4428.70263671875
6990.10693359375
9930.0068359375
12950.83984375
12976.890625
13208.3828125
11451.0283203125
10384.6162109375
10267.0078125
9150.3369140625
7729.205078125
7373.3974609375
13630.6630859375
28374.515625
33705.140625
29169.55078125
14032.1865234375
5711.72119140625
1537.7264404296875
606.4988403320312
0.0
8.204705359560194e-09
1.0444114018071105e-08
1.005204008919236e-08
3.269938630978686e-08
9.57640100551771e-09
47.8825798034668
246.1298828125
1943.832763671875
3372.52734375
3743.84521484375
3583.2490234375
3740.65966796875
3461.171875
3498.087890625
3159.243408203125
2913.98779296875
2438.011962890625
2637.802978515625
2934.9755859375
11413.669921875
26749.0
33461.04296875
28230.28515625
16038.49609375
6009.31689453125
2190.031494140625
763.4434204101562
1.417107343673706
2.131221599199762e-08
4.133075393042418e-08
3.311238927494742e-08
1.648329828185524e-08
3.0496680736291637e-09
11.524870872497559
10.462601661682129
314.6559143066406
450.0761413574219
1049.5469970703125
1029.625244140625
988.72802734375
931.6222534179688
1131.9873046875
1032.495849609375
907.0377807617188
712.1324462890625
649.9856567382812
2677.61083984375
9639.462890625
24384.970703125
32876.49609375
28012.681640625
16396.962890625
7554.54296875
2389.232666015625
795.1666870117188
1.3362559080123901
3.3996094828125933e-08
3.918573021621796e-09
6.028279653236268e-09
1.663219428849061e-08
5.900512967116356e-09
3.899936587004049e-07
11.765840530395508
25.18436050415039
61.43741226196289
152.0920867919922
359.2173767089844
433.49542236328125
181.4081268310547
145.98883056640625
231.57888793945312
547.7180786132812
510.82586669921875
631.378662109375
2999.548095703125
9760.9208984375
22723.828125
30877.7890625
28035.0625
17045.828125
9194.052734375
4928.6767578125
706.498046875
1.230915904045105
9.06341135475941e-09
4.1406412520927915e-08
4.084145643901138e-08
3.0016899188467505e-08
3.530149683683703e-08
3.430033927998011e-07
3.195307272108039e-07
23.163063049316406
149.88343811035156
417.5188903808594
365.2497863769531
297.23736572265625
280.6680908203125
211.48643493652344
485.87677001953125
532.05029296875
537.0274047851562
764.4512939453125
3988.855224609375
9496.0498046875
20765.599609375
29420.80078125
27556.826171875
18265.96875
10234.255859375
5012.822265625
607.923583984375
16.43341827392578
7.055381612275369e-09
1.9438491705159322e-08
4.193791980355854e-08
3.0101400483317775e-08
2.9684990465739247e-08
1.0298892405558036e-08
1.8029632897764714e-08
0.0
128.705078125
143.02685546875
804.2877197265625
544.6470947265625
494.44976806640625
283.55560302734375
403.9654235839844
802.4476318359375
1637.3642578125
1972.8480224609375
4439.9267578125
9363.3701171875
18922.71875
26821.697265625
25961.228515625
18808.783203125
8776.8134765625
4587.06201171875
476.58953857421875
16.972867965698242
3.113397539777907e-08
1.2139366845076438e-08
2.752971850483732e-09
1.9095152126169523e-08
3.070412191163996e-08
7.014011593753366e-10
7.898587561783188e-09
7.26394899785987e-09
97.64014434814453
113.83515930175781
109.4178237915039
766.9782104492188
782.1416625976562
568.3731689453125
1227.3359375
1618.5548095703125
1872.654052734375
2369.641357421875
4038.095458984375
7122.40234375
14714.1103515625
21131.12890625
20117.30859375
13394.5302734375
7715.95458984375
2585.376953125
398.5971984863281
0.024329472333192825
3.374357504526415e-08
9.371895259846497e-09
3.067286158398019e-08
3.863965858386109e-08
1.961540974093623e-08
2.5133882530781193e-08
2.0994873395352442e-08
2.2635155971784116e-08
3.121705205444414e-08
2.3983879771094507e-08
1.1526239518389048e-07
281.8175964355469
228.33790588378906
271.87823486328125
388.3095703125
674.4161987304688
1717.34912109375
1742.4697265625
2698.16943359375
4416.2744140625
7695.3076171875
10760.18359375
10555.326171875
7159.1611328125
1944.857666015625
562.5449829101562
189.56787109375
1.1011267453397977e-08
2.6534562991287203e-08
2.8915692951159144e-08
3.570146489551007e-08
3.312165119950805e-08
2.3740712506992168e-08
3.060975828361734e-08
2.5632587608015456e-08
1.7275182173648318e-08
1.65316951239447e-08
2.5045174822935223e-08
1.857177522879283e-08
39.276695251464844
21.8700008392334
22.12775230407715
5.796073878627794e-07
287.9751892089844
278.03741455078125
12.43323802947998
18.212276458740234
879.2272338867188
1407.4764404296875
3576.34765625
5080.3369140625
2237.532958984375
222.66775512695312
1.3202412128448486
0.007141031790524721
3.738254150675857e-08
2.2177529146460984e-08
2.813331079210002e-08
3.334062270710092e-08
2.8389635531311797e-08
1.715980957328611e-08
1.535214622094827e-08
1.2860533082914571e-08
6.561079679556769e-09
1.5161367272753523e-08
6.0335030305225246e-09
1.3987820679517426e-08
3.836804296497576e-08
3.48509168190958e-08
7.97443178157664e-09
1.7123763740301e-08
3.242793411573075e-08
3.723373254160833e-08
1.513294378696628e-09
5.6439056396484375
3.4275763034820557
3.8885893616225076e-08
0.45813798904418945
423.32562255859375
126.26732635498047
4.940150737762451
1.5729477405548096
4.19426697817471e-08
1.716626485404049e-08
2.8428063458818542e-08
1.686846218262872e-08
