3.015836966824281e-07
3.3283021139141056e-07
5.918091261492009e-08
6.879634497636289e-07
4.09525085842688e-07
6.183257283964849e-08
8.434013238911575e-07
5.079232323623728e-07
7.851669465708255e-07
5.495610935213335e-07
2.8161140086524483e-09
4.0880254914554826e-07
1.0818093088005298e-08
7.790446829858411e-07
1.523777659606651e-09
3.168835576161655e-07
2.3908887669676915e-07
1.4484632515632256e-07
8.695558904037171e-07
1.1209534278577848e-07
6.551019282596826e-07
4.4676131238929884e-08
9.120323056777124e-07
2.0799708622121216e-08
8.864917333539779e-08
5.1271591416934825e-08
4.842556222683925e-07
3.0072652634771657e-07
2.482661614067183e-07
7.304094538085337e-07
7.436132136717788e-07
2.4722044145164546e-07
7.088238618280229e-08
7.940386126392696e-08
4.825778319172969e-07
2.523171076518338e-07
1.3859271064120549e-07
1.3709831137020956e-07
8.400621709370171e-07
6.087238944019191e-07
7.410798161799903e-07
2.13562856288263e-07
7.170492608565837e-07
4.4867536530546204e-07
3.444368417149235e-07
2.30346977048157e-08
9.071883368960698e-07
5.434891363620409e-07
3.5775164519691316e-07
4.3903952473556274e-07
3.7379041373242217e-07
8.127997830342792e-07
8.85533040673181e-07
7.421355121550732e-07
6.971415018597327e-07
8.135830853461812e-07
3.361857352501829e-07
5.407298999671184e-07
8.367597956748796e-07
5.719761020372971e-07
4.853534392168513e-07
8.385376872865891e-07
1.5719543000614067e-07
2.968099295230786e-07
6.081157266635273e-07
8.225055694310868e-07
1.6780978739916463e-06
1.7814277271099854e-06
1.355931203761429e-06
8.134971949402825e-07
1.171960928303406e-08
1.3791459707590548e-07
8.165682174876565e-07
8.47015712679422e-07
9.007572430164146e-07
7.674900643905858e-07
8.036325880311779e-07
6.7348997845329e-07
4.0909318954618357e-07
5.306762886903016e-07
7.026125672382477e-07
6.081566539251071e-07
7.495382305933163e-07
7.583992669424333e-07
3.2169410246751795e-07
4.498502050864772e-07
8.105992037599208e-07
6.369206744238909e-07
6.139597275023334e-08
8.867958740665927e-07
8.599369749617836e-08
1.4056737995815638e-07
5.228937993706495e-07
1.5116767144718324e-06
1.4452130017161835e-06
68.06324768066406
67.18474578857422
2.1555201783485245e-06
1.711850359242817e-06
2.876937969631399e-06
4.280931079847505e-06
3.713107844305341e-06
3.744189825738431e-06
2.119256123478408e-06
1.3996329926158069e-06
5.821098056912888e-07
2.2816813327608543e-07
6.415103257495502e-07
8.631432137917727e-07
6.42506449821667e-07
2.1914067360739864e-07
6.349026193674945e-07
2.505001361896575e-07
5.333313879418711e-07
1.9903225734196894e-07
2.44443839392261e-07
3.409169551105151e-07
2.452364356031467e-07
7.934721679703216e-07
9.826737823459553e-07
0.029806846752762794
0.019775955006480217
76.08303833007812
370.8459167480469
825.0684814453125
703.4344482421875
967.0166625976562
1178.3121337890625
1756.7958984375
1143.7967529296875
1044.61083984375
321.87127685546875
216.62562561035156
189.51422119140625
143.26718139648438
173.34059143066406
224.14744567871094
236.81539916992188
2.6803360242411145e-07
2.393620945895236e-07
3.367930503372918e-07
5.194094114813197e-07
4.899600298813311e-07
6.553858611368923e-07
1.3677384913535207e-06
0.0
53.2971305847168
257.0769958496094
659.5564575195312
4162.44580078125
7009.3427734375
12927.13671875
17271.275390625
21324.9453125
24766.095703125
23260.8984375
20963.89453125
18428.169921875
13264.6865234375
8121.845703125
3811.63525390625
2528.976318359375
1473.7872314453125
354.2994079589844
134.72515869140625
120.19664001464844
0.042503271251916885
8.272969012068643e-07
6.555827667398262e-07
2.212988050587228e-07
5.241307121650607e-07
0.0
1.746354341506958
78.20819091796875
138.6077423095703
1109.3590087890625
5630.857421875
11990.306640625
20095.8828125
25800.232421875
30270.091796875
32166.76953125
31679.0
31428.46484375
30449.36328125
25328.197265625
23400.197265625
19190.8515625
10277.6943359375
5480.9208984375
3852.47998046875
990.3278198242188
655.5911254882812
195.62071228027344
0.04959757253527641
6.511850187962409e-07
5.715460247301962e-07
7.194557838374749e-08
1.574693087036394e-08
1.3564331531524658
2.4287047386169434
159.77047729492188
2582.699462890625
5536.99755859375
13711.833984375
22547.583984375
27899.025390625
31126.16015625
31201.4453125
28845.544921875
27034.23828125
26575.1875
26142.927734375
24336.6171875
24124.8515625
24411.248046875
19374.69921875
11042.39453125
4749.7548828125
1558.2557373046875
670.7717895507812
297.1584777832031
141.1649932861328
7.906938321866619e-07
7.644436550435785e-08
8.638515964776161e-07
3.3230989515686815e-07
0.0
15.79266357421875
1648.0045166015625
5113.32373046875
11426.3564453125
20426.203125
28737.478515625
29037.880859375
25868.224609375
20867.12109375
16372.5234375
14797.033203125
14471.5009765625
16434.46875
17054.07421875
20846.064453125
25713.9765625
24567.306640625
15441.7041015625
8335.162109375
3630.197265625
2785.623291015625
1537.6241455078125
491.6300048828125
384.4842529296875
4.824706820727442e-07
7.433499149556155e-07
0.05423448234796524
4.974672794342041
146.3541259765625
2324.215087890625
6622.4208984375
15195.185546875
23768.927734375
29568.02734375
27099.755859375
17175.45703125
10417.15625
7393.78564453125
5696.3828125
5631.0244140625
8460.263671875
14454.921875
19531.5703125
27392.109375
25062.212890625
18585.05859375
10047.3798828125
5154.88525390625
3013.60302734375
1741.44287109375
485.81719970703125
313.45660400390625
8.837943710204854e-07
4.577195227284392e-07
0.07796469330787659
7.20242166519165
130.6622314453125
3018.126220703125
7480.85546875
14678.4736328125
24716.5546875
26585.822265625
22023.34375
13702.130859375
5012.09912109375
2276.142333984375
2171.17138671875
3024.466796875
7755.94580078125
14442.001953125
23379.578125
29181.7265625
26315.560546875
14822.4345703125
8199.826171875
4377.28076171875
1963.684814453125
1082.0303955078125
328.2978820800781
5.417450097411347e-07
6.865465707051044e-07
2.111550116978833e-07
0.07449404150247574
0.24581436812877655
440.10211181640625
3041.52685546875
6211.5283203125
13912.2685546875
22833.748046875
27666.109375
23430.2578125
13936.591796875
5192.4521484375
2233.23388671875
2353.779296875
6530.45947265625
11926.4482421875
20627.2265625
25946.1015625
29071.5859375
21037.51953125
12929.4716796875
5993.080078125
2016.5291748046875
1443.0245361328125
710.5510864257812
295.87689208984375
2.717837048749061e-07
4.166573752684144e-10
4.2154596258114907e-07
0.0
0.0
249.79940795898438
1512.1619873046875
4101.93701171875
9115.45703125
19413.890625
27420.89453125
25860.9140625
19431.248046875
13017.9716796875
8544.9658203125
8338.0830078125
12019.1806640625
20481.88671875
27356.142578125
28301.001953125
23720.541015625
13675.0849609375
7305.14013671875
2779.9951171875
813.4512939453125
983.9718627929688
469.477294921875
170.23611450195312
8.577245012020285e-07
5.31939633674483e-07
7.918970368336886e-07
3.022151418008434e-07
5.487107159751758e-07
184.09808349609375
597.03515625
2201.43212890625
5738.84326171875
11619.326171875
21691.078125
27136.8125
27213.111328125
23426.048828125
18614.15625
16728.876953125
22610.89453125
27360.87890625
28987.08984375
23818.5234375
14315.9501953125
6001.525390625
2358.6845703125
1466.52685546875
676.6221923828125
204.18603515625
0.0
8.200224215215712e-07
7.82754057127022e-07
7.459501603079843e-07
4.5704530293733114e-07
6.523056867990817e-07
4.166847418218822e-07
8.111685474432306e-07
532.4727172851562
967.7716674804688
3166.025634765625
7212.03564453125
12558.3359375
22402.9765625
27091.291015625
27585.73046875
26625.83203125
26873.35546875
30158.51171875
29625.19140625
23906.8046875
15439.4111328125
6064.15625
2398.505615234375
839.0537109375
912.5711059570312
560.349609375
278.7364501953125
0.0
4.147770766849135e-07
9.845057746815655e-08
7.996555382305814e-07
5.821679565087834e-07
2.582137597073597e-07
2.748234066984878e-07
8.227412990891025e-07
372.4911193847656
729.025146484375
1156.6834716796875
2937.302734375
7069.51953125
14032.8818359375
23197.69921875
28886.822265625
30802.125
33075.66796875
32992.94140625
27677.880859375
18252.583984375
8060.60986328125
3176.086181640625
1315.3240966796875
377.38531494140625
835.6221313476562
638.4972534179688
451.2568054199219
0.08360849320888519
5.749429874413181e-07
7.50985176822816e-11
2.5255897639908653e-07
6.129407665866893e-07
4.231683590205648e-07
8.294616122839216e-07
1.2743981642415747e-05
377.1841735839844
658.2213745117188
689.2700805664062
1369.3157958984375
4708.9873046875
10588.44140625
19064.57421875
28084.734375
31290.240234375
32853.421875
31296.138671875
24904.158203125
17182.525390625
9429.91015625
4855.55908203125
1995.687255859375
1021.619384765625
650.5996704101562
641.7821044921875
370.06787109375
0.0
7.869456339903991e-07
9.747909501811591e-08
4.777220041773944e-08
7.593259852001211e-07
1.974993182329854e-07
6.330838573376241e-07
1.481573963246774e-05
48.16078567504883
40.79248809814453
689.565185546875
1905.6439208984375
5891.34814453125
12430.7822265625
22725.279296875
29326.65625
29001.779296875
27851.328125
25485.982421875
24160.6484375
19099.70703125
13444.892578125
7144.556640625
3350.347412109375
1942.9862060546875
567.6273193359375
599.1779174804688
353.26324462890625
5.463038444519043
8.693671702530992e-07
2.8563293952288404e-08
6.314082270364452e-07
8.106214295366954e-07
4.02393112608479e-07
9.330303328169975e-06
6.360989937093109e-05
30.115598678588867
244.89093017578125
500.0926513671875
3694.595458984375
9570.216796875
17368.177734375
24409.71484375
25932.490234375
20710.443359375
18110.625
20105.201171875
21635.69921875
21310.578125
17098.611328125
11057.61328125
5586.07275390625
3622.724853515625
1337.9893798828125
566.462158203125
246.0693817138672
7.995549201965332
1.777303282324283e-07
3.485991157958779e-07
7.216360700113e-07
5.644367320201127e-07
6.417123472601816e-07
1.026979043672327e-05
91.13842010498047
246.00575256347656
491.1696472167969
1197.8795166015625
4670.18701171875
13525.1298828125
21185.548828125
25839.3828125
21481.578125
14125.36328125
9987.1337890625
12046.501953125
19604.2421875
23111.607421875
21186.076171875
13615.2958984375
7152.54638671875
4067.3330078125
1322.946044921875
487.7754821777344
79.74447631835938
4.758324507747602e-07
6.196435009542256e-08
1.10623226134976e-07
4.236503059473762e-07
6.880840714984515e-07
8.161016751273564e-08
6.85820123180747e-05
201.38577270507812
158.9485321044922
895.6497802734375
1440.6661376953125
6290.2470703125
16709.189453125
25591.29296875
26954.330078125
18531.26953125
9126.2236328125
7063.5439453125
10126.830078125
18197.39453125
23609.03125
23452.28125
16073.0859375
8114.20068359375
4143.55322265625
2111.220947265625
615.7504272460938
76.84611511230469
0.6890435218811035
1.695971008075503e-07
3.952897600356664e-07
4.516984688507364e-07
3.1313160775425786e-07
3.2070386168925324e-07
0.00020268575462978333
0.002431896049529314
3.448498249053955
516.4108276367188
1695.998291015625
5856.42578125
17166.578125
25480.728515625
25484.642578125
19001.091796875
12483.45703125
10599.2978515625
13710.4833984375
20661.0078125
25587.15625
25767.419921875
15334.0537109375
7998.50048828125
2999.8896484375
2072.77001953125
800.8919067382812
84.35307312011719
0.4224376976490021
2.4266017817353713e-07
8.269890372503141e-08
6.723680598952342e-07
1.706082599639558e-07
0.0024087647907435894
0.003935210406780243
0.005486345384269953
2.273169994354248
612.8911743164062
1411.5662841796875
4736.5908203125
15444.4423828125
24179.861328125
28536.765625
26939.197265625
24386.189453125
22066.40234375
25562.71484375
27576.423828125
27337.6328125
23614.072265625
12614.865234375
6917.9765625
3676.2939453125
1618.0255126953125
357.88323974609375
32.2066650390625
0.11173053830862045
3.930065020085749e-07
5.931944428994029e-07
9.002309866446012e-07
2.337728410850559e-08
0.0036774929612874985
0.004069944843649864
0.0044423481449484825
1.2065832614898682
29.141489028930664
773.5810546875
2662.627685546875
9925.5400390625
20349.28125
28260.7421875
32188.060546875
32217.609375
32060.828125
31104.59765625
28960.69140625
24078.966796875
17068.748046875
9713.4931640625
3244.743896484375
1244.026611328125
651.9564819335938
50.564029693603516
0.0
3.020990106961108e-07
7.260211987158982e-07
7.700465403104317e-07
5.41386725672055e-07
2.629404605158925e-07
1.2029308216199297e-08
3.5849470236826164e-07
0.0017410112777724862
0.004678900819271803
390.6505126953125
485.9029235839844
1250.6412353515625
4032.026611328125
8892.7490234375
18099.166015625
23729.90625
27205.818359375
27726.921875
24782.126953125
21666.443359375
13439.00390625
7402.6728515625
2145.085693359375
556.074951171875
526.948974609375
496.9957580566406
30.903614044189453
5.255241717350145e-07
6.134874297458737e-08
2.430119252494478e-07
9.433783532131201e-08
3.470968010788056e-07
3.135475594717718e-07
3.3570199775567744e-07
8.246812512879842e-07
4.97744224503549e-07
9.200345516546804e-07
225.39207458496094
235.17982482910156
484.0621337890625
597.0756225585938
824.1802978515625
1282.81689453125
2184.544921875
3708.921875
4104.9287109375
3206.887939453125
2191.546875
1335.5162353515625
417.03924560546875
0.7618411779403687
0.00013562259846366942
307.0135192871094
393.2975158691406
2.670993239917152e-07
5.870880386282806e-07
6.553395337505208e-07
9.870399964029275e-08
5.703427632397506e-07
7.749268888801453e-07
3.1810242262508837e-07
6.36787689245466e-08
3.75229056714943e-08
3.166635167417553e-07
1.90024366020225e-07
3.792833354054892e-07
1.2896445014121127e-06
1.452087076359021e-06
1.5337319325681165e-07
9.175883519674244e-07
1.3556235671785544e-06
6.431912424886832e-07
8.33680815048865e-07
6.126675771156442e-07
1.5143459677346982e-06
1.4219069726095768e-06
1.2279145948923542e-06
7.129496566449234e-07
1.2317337905187742e-06
6.606380225093744e-07
1.3553645317188057e-07
6.831548944319366e-07
6.928352718205133e-07
1.8092048037487984e-07
4.98868928389129e-07
1.816215302596902e-07
3.4254753700224683e-07
6.294750676261174e-08
5.806007834507909e-07
4.2763065266626654e-07
6.818154929533193e-08
6.768303251192265e-07
8.652765615124736e-08
1.1521737519615272e-07
4.4573226887223427e-07
6.87334079430002e-07
2.387763320399472e-09
3.345423351674981e-07
4.5175049478984874e-08
6.19328773154848e-07
3.5821088317788963e-07
3.755595798793365e-07
1.0174329645451508e-06
1.250271907338174e-06
4.721189270640025e-07
7.44334329283447e-07
5.95790758950443e-08
4.2919094767057686e-07
5.706600063604128e-07
4.662086272588795e-09
6.649996748819831e-07
6.028415668879461e-07
8.253846885963867e-07
5.441389703264576e-07
8.94551703822799e-08
