2.750480954105683e-10
1.0338763622996794e-08
4.115873863952402e-09
3.734590858783804e-09
4.551932608620746e-09
1.1125384169474728e-08
6.9048589068643196e-09
1.840723462542826e-09
1.2364670398667954e-09
1.1167207603079987e-08
5.632167177083147e-09
1.8864927397999054e-09
9.678202239626899e-09
8.357227798683198e-09
9.491623487178913e-09
8.10780775850617e-09
1.4925993774284052e-09
1.0742368772298505e-08
7.442864546902683e-09
9.18007891925754e-09
3.6577465500897688e-09
1.0243355497152606e-08
5.7279696541456815e-09
1.1531517074558906e-08
5.564829486104372e-09
5.815005366116566e-09
1.045028774626644e-08
4.992529500924547e-09
8.373666204875008e-09
9.807227946412311e-11
5.932928592855546e-10
3.278916471671778e-09
1.113834890986709e-08
9.54297047428554e-06
3.3526763587587993e-09
1.0675649697589051e-08
9.649760102092841e-09
8.787616856409386e-09
0.5718705058097839
0.7967687845230103
153.74366760253906
286.2535400390625
85.08146667480469
976.2550659179688
1270.0701904296875
729.5620727539062
355.0469665527344
8.770659446716309
6.094955651292366e-09
2.6244081907655925e-10
7.862039907990948e-09
1.0098437641659075e-08
7.325384743239738e-11
8.068072432365625e-09
3.0106497156401346e-11
9.508087650544894e-09
6.990242162885352e-09
5.272163594582935e-09
9.723695626462359e-09
5.219414900281549e-10
0.0
8.753141628403682e-06
0.0022152482997626066
0.0011033016489818692
4.867072966874275e-09
2.1631786823272705
299.0142517089844
961.8934326171875
2354.44873046875
5631.8984375
8564.634765625
8265.83203125
9081.51171875
7988.30908203125
6528.45703125
4651.26708984375
2503.72900390625
383.2472839355469
221.2093963623047
8.817525863647461
1.6597668661688658e-07
1.6268570846023067e-07
1.5297636490885225e-09
6.782565620255809e-09
9.303665393645133e-09
9.49784961790101e-09
1.0457980259559463e-08
6.555530853802338e-05
1.6348721981048584
1.0912358128223332e-08
87.71685028076172
0.0
91.50608825683594
930.4828491210938
1090.2320556640625
2878.451416015625
6155.52294921875
12064.396484375
16568.650390625
18785.53515625
18419.916015625
14674.564453125
11066.8388671875
7148.4736328125
3535.388427734375
653.4295043945312
220.78839111328125
7.632198333740234
1.7513343664177228e-07
1.6689006088199676e-07
4.610317017039733e-09
8.873191958969073e-09
3.9822842801129354e-09
7.214662200993871e-09
6.731290191908101e-09
3.215123797417618e-05
0.019551534205675125
30.522985458374023
32.37038040161133
51.430660247802734
625.7505493164062
1493.445068359375
2258.58203125
5633.234375
12068.3095703125
16833.1015625
21730.671875
22770.623046875
19844.732421875
14617.6484375
9404.220703125
5470.90673828125
3192.3193359375
821.1151123046875
63.05167007446289
0.02266937494277954
0.011101413518190384
1.6354998422229983e-07
1.0756847634851852e-09
1.0382616544291068e-08
7.278922353748385e-09
4.568270484117676e-10
2.414399347117069e-09
2.423363454351346e-10
0.15924072265625
53.24432373046875
43.479827880859375
445.6889953613281
1272.6595458984375
1821.961181640625
4480.58251953125
10352.8720703125
18951.423828125
24467.83984375
26370.326171875
20468.833984375
14997.638671875
10002.6298828125
5907.5966796875
3319.932373046875
2352.3173828125
3.736215114593506
0.11436614394187927
0.07440531253814697
0.015810636803507805
1.0182017717852432e-07
9.349123253343805e-09
6.459297097194394e-09
4.768029082669045e-09
5.7111808615673e-09
3.360431710675016e-09
2.7359539078730677e-09
0.0
43.49259948730469
155.1313934326172
584.1590576171875
1472.3656005859375
3298.75830078125
8217.87890625
18827.794921875
25934.53125
28346.568359375
23805.947265625
16219.4140625
10501.8818359375
4623.34326171875
2434.5537109375
1296.62158203125
798.6585693359375
258.64788818359375
363.7885437011719
0.01589803770184517
1.3944114698460908e-06
7.537423130088428e-07
0.01876995526254177
5.125193158761476e-09
7.915343047670831e-09
1.1696577040254397e-08
3.750001642544021e-09
9.81567160884822e-10
6.417722886453703e-08
39.793540954589844
168.1485137939453
1666.2359619140625
2540.904296875
6365.56689453125
15377.6884765625
23817.8359375
29404.404296875
26585.357421875
17619.2890625
12033.3212890625
3101.395263671875
1515.87939453125
1172.326171875
861.9468994140625
488.864501953125
231.60202026367188
322.46954345703125
376.3387145996094
136.24569702148438
0.009765133261680603
0.03088231012225151
1.1580576497749462e-08
9.826351954345114e-10
5.213792064751033e-09
6.278416453397995e-09
6.4793566068033215e-09
0.021078629419207573
19.352190017700195
367.4076232910156
2128.204833984375
3255.828125
11531.15625
22694.849609375
29519.84375
29258.162109375
21442.81640625
12744.7099609375
4425.6162109375
1446.6282958984375
1109.1649169921875
784.30126953125
731.5596923828125
836.2537841796875
785.86083984375
527.2222900390625
456.521240234375
164.09825134277344
0.016871316358447075
0.03377363830804825
6.51034204324219e-09
1.0253064175458348e-08
2.4570330214856995e-09
8.926272165865612e-09
1.546460559609386e-08
0.0
39.11847686767578
1318.2137451171875
2708.97412109375
8493.189453125
18419.248046875
28604.232421875
31342.841796875
24011.951171875
14409.705078125
5254.60546875
1643.0177001953125
1336.0977783203125
1632.861328125
1334.6011962890625
1203.969970703125
1209.633544921875
1415.03515625
1120.7314453125
333.77593994140625
235.70791625976562
2.2845356464385986
27.96119499206543
8.194037448561176e-09
2.0121193600175502e-09
1.0893180579785167e-08
7.110257271847331e-09
3.1423468271896127e-08
0.011108101345598698
30.033151626586914
2058.206787109375
4045.527099609375
14499.58203125
27195.775390625
32262.404296875
28687.7578125
19690.00390625
7543.23583984375
1912.9605712890625
1667.500732421875
3130.788818359375
4583.24169921875
5326.00537109375
6260.037109375
6923.2529296875
4231.2568359375
2393.8671875
1373.4183349609375
229.40927124023438
54.31418991088867
14.188189506530762
8.782209626190252e-09
5.72054092984331e-09
3.8898777532381246e-09
9.855448013240675e-09
1.1578586978089334e-08
0.009043538011610508
217.7235870361328
2931.834228515625
9067.017578125
21019.966796875
30649.6484375
30616.458984375
24180.505859375
12036.0537109375
2275.5390625
2374.559814453125
4828.42041015625
6940.79052734375
9634.5009765625
13171.9208984375
15215.6416015625
14529.8193359375
10947.552734375
6506.740234375
2720.663818359375
952.5830078125
113.8053970336914
0.0
5.0782418270500784e-09
6.419277998048756e-09
1.0062003674704556e-08
4.974387568523753e-09
1.8498120812893148e-09
0.008136388845741749
520.2401123046875
3596.619873046875
11859.5546875
26809.23828125
32000.814453125
28512.45703125
17749.912109375
4704.330078125
2191.669921875
5012.00146484375
8741.0361328125
15173.072265625
18076.158203125
21434.71484375
24223.86328125
22327.62109375
20490.455078125
14522.6875
5989.546875
1878.689208984375
479.46923828125
0.02342311479151249
3.6144776061064476e-09
2.4110766716489707e-09
5.423995919073832e-09
8.688927799482826e-09
4.253003282883583e-09
0.0068190377205610275
802.2739868164062
5675.5
17632.658203125
29401.125
31908.982421875
22914.7734375
11264.7490234375
3446.67578125
5516.09130859375
11653.798828125
17182.76953125
22662.638671875
26684.28125
26913.982421875
28219.865234375
27407.36328125
27906.99609375
19593.177734375
10946.3154296875
4928.4990234375
1193.6973876953125
0.01318155787885189
7.627226850104307e-09
1.0946351380880515e-08
1.1233619368056225e-08
1.2560010809181676e-09
1.0430107444392434e-08
0.0
1292.23583984375
7559.17578125
22081.580078125
31503.96875
29527.416015625
18302.796875
9215.5322265625
8058.97021484375
12625.0625
19827.091796875
25320.298828125
28029.111328125
28946.955078125
26528.201171875
24916.091796875
28609.609375
27834.708984375
25485.09765625
13624.337890625
6843.05908203125
1939.8648681640625
1.0739860556441272e-08
4.472589854032094e-09
1.0409333395244857e-09
2.7812727676490567e-09
9.66777058408752e-09
1.1807016697673589e-08
97.03023529052734
1768.689208984375
10161.0419921875
25585.466796875
31404.517578125
28007.28125
16830.5
10459.6220703125
12483.9208984375
20667.25390625
25157.84765625
27535.54296875
26605.255859375
22424.732421875
18662.84765625
19044.640625
26037.232421875
30182.40234375
25809.75
14198.2705078125
7703.70263671875
2490.62109375
0.10123249143362045
9.34345223413402e-09
2.8366722304440373e-09
4.707421563665548e-09
5.40871791798736e-10
7.280344327398325e-09
199.1225128173828
2628.239990234375
10837.9951171875
26795.158203125
29364.498046875
27052.318359375
15604.748046875
14737.1083984375
18401.95703125
21670.923828125
26487.865234375
25030.708984375
20365.62890625
15605.2578125
16172.873046875
19451.056640625
25948.78515625
28716.544921875
23357.701171875
12442.0087890625
5656.83642578125
1999.6514892578125
0.07104386389255524
9.231949094079539e-10
5.2056843280468e-09
5.288898208277715e-09
9.69436886322228e-09
1.9856702948573e-09
220.39334106445312
3124.5869140625
11816.4013671875
23232.5078125
29876.392578125
27146.732421875
22770.193359375
20963.95703125
21063.3984375
23242.701171875
25217.388671875
20839.515625
18171.97265625
16101.201171875
20572.435546875
25563.408203125
28345.0078125
26938.615234375
18563.25
9444.484375
4060.58056640625
644.1343383789062
1.3042299542576075e-06
9.230175734842305e-09
2.4817972121837784e-09
8.060035305845759e-09
1.0883221435165069e-08
0.0
227.46617126464844
2899.604736328125
10648.30859375
20176.8828125
30052.18359375
30557.8359375
27978.287109375
26881.880859375
26593.197265625
26014.759765625
24716.53125
25156.77734375
24499.763671875
24714.353515625
27710.8984375
28584.66796875
26987.8984375
20241.091796875
11976.4638671875
5190.3447265625
1942.789794921875
335.8937072753906
0.0
4.532962005754371e-09
2.844341429053543e-09
9.170577186523587e-09
1.0080047907479184e-08
0.02235576882958412
140.9198455810547
1949.146728515625
6996.34619140625
16158.8369140625
26557.6015625
31715.56640625
31337.982421875
30635.634765625
31566.126953125
30965.94140625
30089.708984375
29822.802734375
30215.96484375
30542.01953125
29263.83203125
26018.615234375
19146.93359375
12260.4072265625
6625.06201171875
1623.249267578125
381.2467041015625
1.3005369901657104
0.03070664592087269
9.944245427107035e-09
6.731736057474791e-09
4.5499755074729364e-09
7.756954190085708e-09
0.024863535538315773
73.50668334960938
429.20941162109375
2252.470703125
8190.599609375
16874.984375
26534.10546875
31421.677734375
31819.341796875
32299.40625
33741.09375
31792.013671875
30921.5234375
28862.044921875
26192.607421875
20969.98828125
15333.56640625
10017.7353515625
4404.1982421875
958.8872680664062
277.1519775390625
142.43423461914062
5.984068393707275
0.03148730844259262
1.1716640990755423e-08
4.3558450180114505e-09
1.1511848363454646e-08
6.769593774436089e-09
7.877704710779199e-09
0.0
0.0
464.658203125
2176.309814453125
5743.3076171875
10783.3828125
18045.4140625
25430.16796875
26966.833984375
27252.49609375
26123.423828125
23594.494140625
19586.955078125
15490.033203125
10535.708984375
5400.87841796875
2767.545166015625
1214.4075927734375
158.2290496826172
3.292036294937134
3.3474159240722656
0.01760622300207615
0.02840879186987877
4.2790768151057534e-10
1.7834660415161352e-09
6.41683683966221e-09
9.877780371425615e-09
6.6848633295535365e-09
3.8667018031901534e-08
4.718580015605767e-08
14.77328872680664
19.870975494384766
847.0943603515625
1815.039306640625
3220.37646484375
4255.18115234375
6235.38330078125
7184.8701171875
6851.0234375
6371.28369140625
4489.32275390625
4007.365478515625
2025.936279296875
1280.944580078125
890.6603393554688
11.118401527404785
0.06295119971036911
0.0005475578363984823
0.000599829712882638
0.0005264888168312609
0.017580363899469376
3.248344260242675e-09
6.401186691817884e-09
5.14099829374004e-09
3.510202351009184e-09
9.622697305644579e-09
6.298733978837845e-09
3.199571718681682e-10
1.1270619104664092e-08
3.078748633811301e-08
0.706502377986908
0.8568333387374878
0.0
453.13385009765625
492.17742919921875
671.8767700195312
509.99969482421875
313.3532409667969
59.032630920410156
172.67062377929688
137.17311096191406
15.825608253479004
0.09322790056467056
2.967040657608777e-08
0.00037886103382334113
0.0005628560320474207
0.0004725347098428756
0.00016997798229567707
9.790004362741911e-09
9.134308420755133e-09
5.828702409615971e-09
3.493544564747708e-09
4.551538257402399e-09
1.1234244645663694e-08
9.025893366043647e-10
6.793766438306648e-09
9.760955377302594e-10
3.6213407383911544e-08
7.090681464205772e-08
1.089583534508165e-07
1.6097686739158235e-07
4.0595131167719956e-07
0.0
0.014224345795810223
0.010958779603242874
0.06759978085756302
0.10753636807203293
0.032805077731609344
2.2711360259108915e-07
1.92344273841627e-07
1.2597803333846969e-07
1.6049323647848723e-08
4.810079001771328e-09
0.00022659999376628548
0.0002632714749779552
2.85804802047096e-09
5.796094271204311e-09
1.6871545271968102e-09
1.5881478354629053e-09
2.3295979034720915e-10
6.75679512340821e-09
2.7305044891789976e-09
2.980178881450968e-10
4.109753870551458e-09
7.1506969234746975e-09
1.3235657014831759e-08
3.4391756997820266e-08
4.199890923928251e-08
5.340720932167642e-08
4.255928942598075e-08
1.6488266396663676e-07
1.5208379977593722e-07
7.268285884265424e-08
1.2252438175153202e-08
3.13520165384773e-09
3.4685875505147123e-08
4.9584773620381384e-08
4.613892201632552e-08
2.6169562516997757e-08
8.083315350404519e-09
8.913209725847082e-09
7.093277076819504e-09
7.709102689545944e-09
1.4287711014304705e-09
9.237763443081803e-09
9.904577602526388e-09
1.103918734202125e-08
4.766012473567116e-09
4.5220187594452455e-09
6.2903828812466145e-09
8.59630056027072e-09
1.191590714988422e-09
3.961008410158229e-09
5.5730406955945e-09
9.619232521629328e-09
6.214234460344414e-09
1.3428607115173463e-09
3.1746811401944797e-08
2.3607208632370202e-08
9.655548360854027e-09
2.0735846373298727e-09
1.1052437187686337e-08
4.541416576131496e-09
6.051856349387208e-09
1.1652177001053587e-08
2.2336039684489606e-09
4.06511357908812e-09
1.1383305853485126e-08
9.799354216966094e-09
9.76723057988238e-09
6.5952145966718945e-09
5.592024177047961e-09
4.465343025894519e-11
5.542104108968715e-09
2.3692530159991065e-09
7.35955829611612e-09
1.0189865840004586e-08
4.195604752510462e-09
3.730038944382841e-09
1.0269540773322205e-08
9.88362813814092e-09
8.095269343755263e-09
1.175408659292998e-08
7.567652282602921e-09
2.222507333726753e-08
2.6409594511278556e-08
6.499506266521848e-09
4.11306633196773e-09
1.0558338203736639e-08
9.535117584391628e-09
4.0206811213749916e-09
6.045035583213121e-10
1.0292504626363552e-08
8.684808427972257e-09
1.1593708215684728e-08
7.201361729158862e-09
1.0055441812539812e-08
2.4146284971493515e-09
5.742216480086881e-09
9.131689182595437e-09
6.428853449591543e-09
5.0393054173980545e-09
