3.943127158123616e-09
1.6191756824213144e-09
1.2170435770286758e-09
4.348271964715877e-09
6.8037184774993875e-09
6.8840995126606686e-09
3.791013725162884e-09
6.052800483047349e-09
2.537466459173743e-09
5.813739711868493e-09
6.823890341678407e-09
4.0293626213383504e-09
3.0477815826657206e-09
1.5990968549317586e-09
4.627763949827113e-09
6.115584927357531e-09
2.3771962176510897e-09
5.694576810100216e-09
6.206566371957933e-09
1.963054385711871e-09
1.1114375392251574e-10
4.439409118095483e-10
2.440276869464242e-09
3.393373138038669e-09
2.674345744857476e-10
4.2154306711950085e-09
2.9304962900766895e-09
4.1499986780380027e-10
1.8451088434900953e-09
7.054576034448701e-09
7.006852431601374e-09
4.947958043288736e-09
3.779047741403474e-09
1.8359171960469212e-09
7.030036552890806e-09
8.485323377271925e-08
2.487888339786082e-09
3.654985203382921e-09
2.2769945928757807e-09
5.583463469349681e-09
4.0885548280300554e-09
1.617556533162201e-09
7.20352844041372e-09
0.02323838882148266
230.1032257080078
286.544677734375
302.38232421875
63.3416862487793
1.9067885875701904
0.6887713670730591
1.4597000586036302e-07
4.186202939848727e-09
2.232676044044979e-09
5.674017700130207e-09
4.41671321738113e-09
6.32374730358265e-09
5.221401977451023e-09
6.8455334734096596e-09
54.1118278503418
6.12367445640416e-09
9.098116606764961e-06
2.1714003928252623e-09
7.1472859382629395
0.0002412218600511551
0.0
86.73960876464844
137.68994140625
48.98320770263672
565.9476318359375
978.568603515625
1686.6312255859375
3102.90576171875
8617.763671875
10715.5478515625
10985.8447265625
10028.95703125
6217.77587890625
3527.798828125
2146.39111328125
718.8655395507812
1.9839215278625488
0.07880844175815582
4.6980641599247974e-09
5.573867589703241e-09
8.192340694712641e-10
6.164209587211644e-09
55.80659484863281
9.931053313039229e-09
6.281262903939933e-05
0.013899507001042366
0.9435932040214539
0.15420746803283691
116.63480377197266
117.1883773803711
259.2850341796875
661.3319091796875
660.827392578125
2200.4248046875
4979.54150390625
10629.279296875
18482.0625
23227.443359375
22392.669921875
17202.9765625
11602.408203125
4680.19775390625
2576.3154296875
804.7067260742188
18.498035430908203
0.05264809727668762
6.149102116381755e-09
6.5426299933335486e-09
7.053755801678108e-09
1.4228033196062029e-09
0.0
8.703010756505591e-09
6.034911237406959e-09
0.04794033244252205
47.57740020751953
0.0315178707242012
111.129150390625
75.76941680908203
266.41119384765625
558.8885498046875
1563.491455078125
4141.1865234375
10391.0673828125
22740.564453125
28830.126953125
28506.685546875
23114.470703125
17509.29296875
9226.0419921875
4796.4599609375
1444.6588134765625
513.3788452148438
368.5573425292969
97.65278625488281
4.510671003377098e-10
6.899597337906016e-09
3.7150347242942416e-09
4.8301052046895165e-09
0.0045485906302928925
6.507433258917672e-09
3.1046128273010254
0.0
0.29959821701049805
0.3323027789592743
0.6252398490905762
171.79171752929688
530.3466796875
928.3223266601562
3526.455078125
9849.2666015625
23544.5
30551.845703125
32344.515625
26727.890625
16574.361328125
10608.833984375
5918.54150390625
1735.88525390625
644.5577392578125
428.15570068359375
84.28136444091797
93.0765151977539
3.61584739927423e-09
4.219950611172862e-09
6.90218493470951e-10
6.617065784197962e-10
0.13287201523780823
5.842905048680791e-10
12.463196754455566
9.926010131835938
0.00034890268580056727
16.887985229492188
0.8732547163963318
497.48779296875
788.5089111328125
2873.2431640625
9656.546875
21058.791015625
30469.37890625
33211.6171875
28728.955078125
16254.3447265625
10154.8427734375
5613.556640625
2638.303466796875
1020.3570556640625
142.36785888671875
73.3891830444336
78.82806396484375
57.31645965576172
6.8134866637592495e-09
5.410447201370516e-09
2.768322460156014e-09
4.974269884883142e-09
2.6835451638618224e-09
6.630319848710542e-09
22.152463912963867
4.795799313228599e-09
0.00012039039575029165
14.931890487670898
17.234582901000977
783.31005859375
2393.11572265625
6828.005859375
20326.43359375
29688.478515625
33267.4765625
31116.486328125
17956.294921875
9045.62109375
4828.9228515625
2247.55908203125
1261.3436279296875
185.14573669433594
35.130706787109375
3.463139295578003
137.2002410888672
0.03505494445562363
4.1448380727615586e-08
6.717039813253223e-09
4.0679196122717087e-10
5.003693903660178e-09
5.068443442723947e-09
4.256782482059407e-09
8.123079431321401e-10
1.0656297178002205e-08
0.01614825241267681
2.939333200454712
541.8517456054688
1771.76220703125
4854.78125
17451.048828125
27850.982421875
33982.61328125
31005.373046875
20127.0078125
8945.6220703125
4684.25
1820.58740234375
807.455078125
201.7898406982422
63.98440170288086
17.891925811767578
1.9920926094055176
565.2963256835938
0.04063951596617699
3.008583604469095e-08
1.2567221707726617e-09
9.10676367649188e-10
4.05770927969229e-09
3.692722350123745e-09
3.167529527559054e-08
1.5010616083444006e-09
5.2459552257744235e-09
0.0013212403282523155
57.84622573852539
953.3584594726562
4212.666015625
13318.9052734375
26236.658203125
33471.34375
33265.16015625
21208.33203125
11235.337890625
3893.508056640625
2145.52783203125
1535.8140869140625
1015.284912109375
497.1484680175781
81.72639465332031
11.958666801452637
15.760454177856445
104.24207305908203
0.03264620527625084
3.191034991800734e-09
5.089918264644666e-09
3.6889984400545472e-09
2.2405324262564363e-09
2.11516182346827e-09
3.83975304885098e-08
3.2269014127450646e-08
1.931525606124751e-09
0.0
342.5960998535156
2837.412841796875
9234.2685546875
25324.173828125
33559.0625
34188.32421875
25434.876953125
12015.86328125
3781.536376953125
1380.9764404296875
2053.146240234375
1685.435302734375
2167.529052734375
2891.009521484375
1604.9503173828125
855.9052124023438
515.4134521484375
138.9906463623047
0.044052980840206146
0.0
4.1248213178413096e-10
4.6955643817625514e-09
1.1666485555394956e-09
4.713994528060539e-09
0.013140863738954067
3.172361573433591e-08
5.020834445953369
163.95980834960938
1673.2303466796875
6649.84423828125
17895.369140625
30694.373046875
34375.515625
29124.84375
14482.7021484375
5999.83154296875
2761.697509765625
3388.019775390625
5651.939453125
7483.7216796875
7919.69775390625
7344.8642578125
5458.267578125
3006.573486328125
1499.2891845703125
330.2466735839844
191.67822265625
316.1249694824219
5.652602386163608e-09
6.182331091508786e-09
6.483942716073443e-09
2.8144186980938457e-09
0.015441633760929108
0.0
3.4069912433624268
750.8820190429688
3462.646484375
13820.3935546875
27205.912109375
35309.3984375
29994.009765625
18743.51171875
8289.8671875
3326.88134765625
5062.32275390625
8207.833984375
11829.267578125
14605.962890625
13764.4345703125
13032.310546875
10032.6591796875
6674.2314453125
2561.169189453125
1067.493896484375
394.4783630371094
220.79861450195312
6.264266882993752e-09
2.3926662873208215e-09
3.0938469564034676e-09
2.4371085149965666e-09
3.3916438546555128e-09
2.5411360263824463
90.74182891845703
2188.593994140625
7659.21435546875
22354.431640625
32390.92578125
33639.6015625
23767.59765625
11678.349609375
5871.35498046875
7953.22705078125
11831.5478515625
16197.953125
20822.67578125
25622.884765625
24759.462890625
22946.392578125
16056.60546875
10214.431640625
4651.69580078125
1641.2506103515625
357.28216552734375
0.0
4.140320086776228e-09
3.751229549209256e-09
9.087721686285022e-10
5.306214134748188e-09
2.2593609205756593e-09
2.604611396789551
1097.73291015625
3867.246337890625
13507.2705078125
28549.015625
34904.296875
29547.041015625
16459.9765625
8899.26953125
9924.29296875
14875.1318359375
20650.771484375
25605.7265625
28966.921875
29857.314453125
29667.935546875
29062.1171875
24110.330078125
12394.0107421875
6735.89697265625
2210.886962890625
428.8343811035156
0.6291889548301697
2.2040489433550192e-09
5.029565652847623e-09
2.2446158265410077e-09
4.870391645539485e-09
2.06827621695993e-08
431.39300537109375
1717.653076171875
7567.533203125
18479.673828125
31936.482421875
32562.876953125
24270.771484375
12428.2451171875
10900.119140625
16777.15625
23416.18359375
27653.81640625
28946.34375
28596.052734375
27958.591796875
28065.16796875
30330.0703125
25522.6015625
15506.0908203125
6840.9970703125
1641.422607421875
641.4208374023438
1.1478278636932373
1.3098871987082816e-09
6.5140661753559925e-09
3.683813254440338e-09
5.018722770699924e-09
2.2009343680906568e-08
758.1392822265625
3061.8232421875
10547.3466796875
22905.619140625
32956.58984375
30318.7265625
20722.548828125
13761.552734375
18070.4921875
23478.142578125
25093.509765625
26584.623046875
24087.7734375
21367.703125
23297.388671875
29176.25390625
31397.326171875
25828.001953125
16161.4423828125
5588.68994140625
1073.0513916015625
444.1142272949219
0.5515989065170288
6.152353737576277e-09
5.012997128517327e-09
4.306804246567708e-09
5.417478909919282e-09
3.211665244862161e-08
752.4845581054688
3445.709716796875
12245.701171875
23203.517578125
31486.3828125
29263.490234375
20695.19140625
20615.525390625
22322.208984375
24877.62109375
26397.189453125
22392.244140625
20057.208984375
20165.5703125
24655.498046875
31169.779296875
29529.99609375
23501.947265625
10638.6318359375
2239.661865234375
752.6592407226562
147.24588012695312
2.5047013352264003e-09
3.995774378040551e-09
4.543158294012528e-09
5.000130531840341e-09
6.300221455646238e-10
2.9003354384826707e-08
495.7537536621094
3356.717529296875
12235.236328125
22259.998046875
30771.943359375
32578.86328125
27266.423828125
27122.5390625
26035.552734375
26455.658203125
23835.28515625
22046.515625
24487.822265625
27281.609375
30745.388671875
30745.42578125
25677.935546875
14228.9072265625
5498.84228515625
1162.2254638671875
542.0203857421875
60.70756530761719
5.249836565468513e-09
3.078097776665345e-09
4.957401600336198e-09
2.547477340186788e-09
4.51069093188039e-09
3.1606191441824194e-08
7.257187843322754
3751.24169921875
10183.1728515625
19702.7109375
28520.40625
32230.841796875
31857.013671875
29920.10546875
30104.025390625
28726.7578125
27397.490234375
29505.1015625
30566.546875
31839.5078125
29932.369140625
23878.51171875
15048.1953125
6646.16748046875
1491.0904541015625
295.5441589355469
134.4678955078125
2.1176104425535414e-08
3.7068448310861868e-09
1.2462459952899962e-09
3.183793673144919e-09
5.921550472187675e-10
1.767172297384434e-09
2.9471795670588108e-08
11.083511352539062
1898.24267578125
5701.435546875
12942.349609375
22813.4609375
29556.931640625
32160.041015625
34489.8125
33866.328125
34804.61328125
33415.78125
31263.85546875
30061.48828125
26570.576171875
19797.158203125
11448.5634765625
5546.197265625
3159.36572265625
450.4459228515625
161.23915100097656
115.35344696044922
237.1177520751953
428.70721435546875
3.5735475689691043e-10
4.739096337580406e-10
2.99955060789614e-10
8.385573892155662e-06
1.0423499841039074e-09
1.0848203897476196
294.34661865234375
2279.34375
5197.97021484375
12708.912109375
20608.283203125
28246.736328125
30085.310546875
31546.927734375
29866.830078125
28439.365234375
24710.431640625
20070.3203125
12002.8076171875
8348.3828125
5444.61962890625
2576.051513671875
1014.978515625
285.31451416015625
117.88035583496094
52.35517501831055
179.96571350097656
406.9136657714844
4.557390909099013e-09
6.185299383787424e-09
3.2129279237125274e-09
1.6278608461206545e-09
1.9807522289028157e-09
6.05579009160806e-09
0.0003099723835475743
889.2728271484375
972.0159301757812
2664.2177734375
3961.527099609375
6712.94921875
8551.0947265625
10333.07421875
10149.900390625
9191.134765625
7435.5703125
5557.8525390625
4247.59619140625
3074.63037109375
1734.7203369140625
633.113037109375
123.48689270019531
106.79081726074219
3.3947036293113797e-09
2.0955410739986746e-09
120.60763549804688
428.8409423828125
7.201976792714504e-10
6.218219272824399e-10
2.1717727616277216e-09
7.373603394533745e-10
2.6045641199345937e-09
4.257231456250565e-09
1.093214585523583e-08
6.074364478081407e-08
1.7677849531173706
2.3823466300964355
486.54754638671875
699.1074829101562
796.838623046875
1561.119873046875
1444.162841796875
1384.9476318359375
897.6715698242188
774.1319580078125
477.8741760253906
474.16644287109375
525.1671142578125
121.71466827392578
0.0
1.4251825275479746e-09
4.272613374212142e-09
3.270803627941632e-09
5.450744300361521e-09
1.9790740157787923e-09
3.7304190847464724e-09
2.6567876787453315e-09
6.759825144087017e-09
4.837152012271417e-09
4.018484212053863e-09
9.259584210496996e-09
6.818590581048056e-09
2.0685789081653638e-08
3.4940999427135466e-08
4.6388894503479605e-08
4.759734650860992e-08
0.1558830738067627
0.5745866298675537
0.5423220992088318
0.4938688576221466
3.4460729239071952e-06
1.935266169539318e-08
4.083071658556037e-08
3.421345979859325e-07
4.0845094417818473e-07
2.21033786829139e-08
6.016030451583276e-10
1.449310005341431e-09
6.311683620197073e-09
4.48036141520447e-09
6.942428409928425e-09
5.897481614169919e-09
5.8452935824959695e-09
3.997727926474681e-09
1.5737372516255732e-09
3.0273243911693726e-09
2.474991545042826e-09
8.296232145710292e-09
7.639915367008143e-09
7.487837905273409e-09
8.710558496716203e-09
1.8265511769754994e-08
1.7690497955413775e-08
1.1936274191270968e-08
2.5482721710545775e-08
3.594387365524199e-08
2.6768487870754143e-08
1.1255131049381362e-08
3.521533953332323e-09
1.0546245654552422e-08
1.070426414173653e-08
1.1394387655627725e-08
2.018787448321291e-08
1.0512821724262267e-09
4.408957643420308e-09
5.76739678237459e-09
1.96005123243026e-09
3.6366087918793255e-09
1.4228714872999149e-09
3.679068383277695e-09
4.5511824864341577e-10
3.1203639672128247e-09
2.291971057388764e-09
6.613507075314828e-09
4.023606781089484e-09
5.104281441958847e-10
3.2095683888400117e-09
4.507410444887228e-09
2.858052017273849e-09
1.3007251276064835e-08
1.3661620279492581e-08
1.327528309502668e-08
1.1546033462650485e-08
1.6259095403370338e-08
1.1119762888256446e-08
6.109166950096778e-09
2.700692336432553e-09
4.27235136157833e-09
2.0566754965756218e-09
6.134939223301217e-10
1.526224285841593e-11
5.38321787146856e-09
5.051193685545741e-09
4.557168864494088e-09
3.50001028159852e-09
7.057519457731587e-09
5.5874043169978904e-09
2.255294617725667e-09
1.3377209340248442e-09
5.735727892641762e-09
3.6912957135371016e-09
2.34229058371227e-09
3.442397478181647e-10
6.936411889313376e-09
5.286705739848685e-09
6.319163858847787e-09
6.910166217011238e-09
4.436568445953526e-09
5.23778298511246e-10
4.835680744719184e-09
6.89674140019747e-09
2.33550712103181e-09
1.8379648913935398e-09
3.7218472748179465e-09
2.198988324764173e-09
3.344374999159072e-09
2.84325429866783e-09
4.871744785361898e-09
5.171611139331844e-09
3.1912681386359054e-09
5.286672433157946e-09
9.105252107843853e-10
2.5937541003884235e-09
1.791225057168333e-09
5.3288715662347386e-09
3.542572457604365e-09
5.597931451717386e-09
6.559500054237333e-09
