2.376297825179563e-09
3.0750577639793164e-09
1.7287741238547483e-09
6.333409352521358e-10
3.6563028160685462e-09
4.225480521036218e-10
7.03846536609376e-10
3.577093482531879e-11
7.23077098196967e-10
1.6484652531900679e-09
2.818833833018175e-09
3.070805831839607e-09
1.3026764389412193e-10
2.0151777468946364e-10
3.2122666748790607e-09
1.6469567931665097e-09
2.544903399126497e-09
2.6110920092747847e-09
2.230483353571344e-09
3.1995788241090395e-09
3.6091676314242704e-09
2.9051201444474373e-09
1.6184579232358942e-09
3.686247921491637e-12
2.550370803433566e-09
7.470312146651281e-10
1.3257803743726981e-09
2.5915973811407866e-09
1.2220764400439066e-09
2.1247650305866728e-09
1.5833335753612232e-09
2.8806665941516485e-09
2.4773591511539905e-10
2.3853508057669615e-10
2.916976660216619e-09
9.118603649937995e-10
8.425052877569783e-10
3.5705788326012566e-10
2.446446378812084e-09
3.383030078296656e-09
2.4366855200241844e-09
7.797725243285925e-10
2.300646340103185e-09
3.360058231649532e-09
7.084517417155212e-10
1.7469994340046924e-09
3.771810863639757e-09
1.8406403068382815e-09
6.280488282217611e-12
2.087205741574394e-09
2.030755563708908e-09
1.3888157290864456e-09
8.173305920955443e-10
1.3243077745528353e-09
8.51843262594798e-10
3.077434529430434e-09
2.044305613679853e-09
4.414051069101532e-10
3.664646808232419e-09
1.7467596258313733e-09
3.898668887725165e-10
3.3795133358438534e-09
0.0
0.00771871255710721
0.014632965438067913
2.5511667728424072
3.7203595638275146
0.20037518441677094
0.1942557692527771
0.2226666361093521
0.09012112766504288
11.900511741638184
7.639261722564697
0.7574451565742493
0.1915329247713089
154.5823211669922
220.3187713623047
2.209887162152313e-09
2.7946607250584066e-09
2.57928123303941e-09
2.984190450305846e-09
3.911377444154596e-09
2.561937106904111e-09
3.1301328196065015e-09
2.4997508507595967e-09
1.1171780167629208e-09
3.4883191890600074e-09
2.325697412430827e-09
1.1324170490212282e-09
144.0236358642578
202.89610290527344
238.18582153320312
3.889768362045288
144.17236328125
318.76953125
336.00830078125
589.6627807617188
1214.8460693359375
717.1039428710938
883.3946533203125
940.0266723632812
428.13153076171875
431.4219055175781
285.5435485839844
183.5041046142578
26.393901824951172
32.464080810546875
1.0456634447209012e-09
4.657924046469475e-10
2.738731463836075e-10
9.712527448968444e-10
1.6766967814163536e-09
2.1037511732657777e-09
1.5995339497365535e-09
3.0112752291699962e-09
7.887841074749602e-11
1.9165786735442225e-09
214.2266845703125
191.03741455078125
235.7624053955078
462.29620361328125
788.7241821289062
1319.1796875
1791.734130859375
1979.6998291015625
3640.5517578125
3875.354248046875
3360.942138671875
3565.666015625
3724.363525390625
1601.614013671875
1542.62353515625
394.20458984375
188.5897674560547
187.8604278564453
0.029989928007125854
3.053887365211949e-09
1.380937475481403e-09
2.6495814431370945e-09
3.863095621170487e-09
3.6221050603302274e-09
3.2613687306337624e-09
1.415962680439975e-09
6.850042755246477e-10
6.315841197967529
200.3740692138672
231.5162811279297
527.38134765625
1473.1324462890625
2416.904541015625
2941.564697265625
3363.1103515625
5123.67041015625
7019.09130859375
6999.046875
7720.15380859375
6699.017578125
7071.2919921875
6341.82958984375
3609.674560546875
3199.782470703125
1814.6383056640625
473.732421875
135.2108612060547
0.0261048823595047
1.2688435857555191e-09
1.9473311851925246e-09
2.2353714712597395e-10
6.826778586876969e-10
3.3168201518662954e-09
3.1763793817418673e-09
4.436422784692695e-09
216.6642303466797
805.76904296875
1124.5355224609375
2003.3426513671875
2878.218017578125
4262.45068359375
6771.5244140625
8695.541015625
11890.115234375
13691.419921875
14972.12109375
15797.9052734375
13101.47265625
12354.11328125
11060.9140625
7595.294921875
5723.9990234375
4512.77685546875
2624.671875
672.2788696289062
48.3589973449707
2.8595368295469825e-09
7.027979309626176e-10
7.210713276473157e-11
3.1511342424295208e-09
3.736829956579868e-09
4.3846690167548275e-10
5.947410119944152e-09
135.8787078857422
908.0435180664062
1857.7025146484375
4081.523193359375
7453.52880859375
12420.78515625
15988.23828125
18093.822265625
21006.521484375
22627.244140625
25265.55078125
24338.5625
24028.01171875
21596.984375
20314.41015625
17227.26171875
13259.2041015625
9832.5146484375
5162.0498046875
2511.173095703125
230.64988708496094
0.8085352182388306
9.888491137033384e-10
2.7071156427638243e-09
2.886431760273922e-09
3.4460208020448135e-09
7.880955887884511e-10
0.00025724960141815245
848.5086669921875
1890.3214111328125
3692.33837890625
7781.3994140625
13406.748046875
18581.423828125
23384.490234375
25475.671875
26821.794921875
28443.544921875
27430.70703125
27803.326171875
27226.541015625
25477.93359375
24249.623046875
23715.28125
21779.22265625
16569.060546875
10012.6162109375
4012.393798828125
1139.325439453125
1.3337937593460083
1.3844456672668457
1.365796697960775e-09
2.2429746948660068e-09
3.4272729099171784e-09
1.7676864416671378e-09
0.00033794951741583645
541.0830688476562
2310.42529296875
7064.57568359375
13262.685546875
20568.908203125
25302.59765625
27415.68359375
27198.7578125
26118.29296875
24555.6015625
23063.017578125
23931.4765625
23065.6875
24371.8046875
24141.1171875
24375.888671875
24702.3203125
24944.74609375
16646.89453125
7468.36669921875
2514.08837890625
610.7711791992188
1.3414782285690308
3.4161160566981152e-09
3.4471581145112395e-09
9.307321024998316e-10
2.9424969127944678e-09
0.0004265043535269797
1157.3544921875
4923.291015625
10661.9091796875
21032.806640625
26512.599609375
26834.15625
25871.255859375
23531.4296875
19069.19140625
17398.65234375
14858.2236328125
14266.267578125
13205.224609375
15642.2529296875
18062.29296875
21041.8515625
25417.185546875
25996.0
24563.232421875
16287.8515625
3731.06884765625
292.60540771484375
2.3069839372169554e-09
2.7665376656216267e-09
2.63111266107785e-09
1.2964713747010137e-09
1.8331166584673042e-09
0.6962196826934814
2209.38330078125
8436.7021484375
18400.638671875
26527.439453125
27937.08984375
25025.08984375
19129.9609375
14364.162109375
12021.060546875
9569.4833984375
8470.4404296875
7875.0341796875
6228.31787109375
7901.8759765625
9195.8544921875
13772.271484375
19499.6953125
26842.916015625
27393.416015625
21098.447265625
6745.6279296875
55.9492301940918
1.830602447405738e-09
6.908854044418433e-11
8.454043021188795e-10
3.2610187883364006e-09
1.0118320625807087e-09
0.9633803963661194
2346.7705078125
14399.3505859375
25611.357421875
27692.40625
26229.787109375
20138.13671875
13481.970703125
8211.1806640625
5958.25830078125
5265.67333984375
3501.33642578125
4047.568359375
3749.845947265625
3251.568115234375
4254.93701171875
8628.90234375
14832.3369140625
22991.98046875
28732.25
25750.791015625
12315.544921875
69.09889221191406
3.021488836907338e-09
1.4364471834227288e-09
1.6645091971412285e-09
3.1856812743313867e-09
3.3042826252938085e-09
0.9713882803916931
3114.456298828125
22086.146484375
26378.509765625
27991.6171875
21624.580078125
16320.388671875
7534.31494140625
4784.3076171875
2438.185546875
3569.993896484375
3228.595458984375
1777.62841796875
1166.516845703125
1612.2371826171875
2241.85595703125
5591.85302734375
13807.3525390625
20245.64453125
26596.828125
27422.333984375
13980.62890625
107.05928802490234
1.5399754804690247e-09
3.0412692364478744e-09
6.298399024551316e-10
1.5085774851542055e-09
3.7158252030877748e-09
0.4253545105457306
4879.88720703125
22709.861328125
27313.48046875
26147.1015625
20351.970703125
11117.3564453125
5549.73486328125
3496.998046875
2344.0380859375
2233.19580078125
1438.3248291015625
923.44287109375
1017.1475830078125
944.9934692382812
1529.4534912109375
3606.540283203125
11552.64453125
19654.818359375
24830.634765625
25929.5546875
15018.525390625
141.7244873046875
222.3320770263672
1.589746445596063e-09
3.3010809641353944e-09
2.5386903690360896e-09
2.369372698041161e-09
0.48936134576797485
6856.66259765625
25131.08984375
27950.654296875
23917.4453125
16073.5771484375
8230.6669921875
4476.5283203125
2706.614501953125
1467.2891845703125
816.1427001953125
526.119873046875
977.0478515625
1067.3291015625
1576.9195556640625
2319.5712890625
5168.5439453125
14279.5771484375
22558.9140625
26092.783203125
26997.646484375
14947.376953125
275.3089599609375
267.40985107421875
2.4541453313986494e-09
2.2504544894275114e-09
1.0235873260100448e-09
2.4620590011181775e-09
47.65576934814453
6697.5771484375
23721.142578125
26864.619140625
23013.060546875
16024.8056640625
9195.337890625
4476.5205078125
1907.9759521484375
1185.212890625
801.0745849609375
1139.3848876953125
1489.372802734375
1885.0748291015625
2282.4658203125
6101.8408203125
10047.5048828125
18193.138671875
25582.9921875
27478.287109375
24004.80859375
11545.25
225.0004425048828
0.0
1.5244719375751004e-10
3.0437332654287275e-09
1.4276916315836274e-09
2.841669344277875e-09
104.65689086914062
6419.13232421875
23463.89453125
25859.7890625
22694.697265625
18280.9453125
10129.978515625
6687.5146484375
4467.990234375
3187.8349609375
3123.759765625
3970.667236328125
4148.4990234375
5312.6044921875
8137.7763671875
12190.3681640625
21266.64453125
26931.384765625
27979.509765625
25971.919921875
18812.873046875
5917.22265625
0.029042907059192657
1.0505613046163376e-09
3.6801925951124304e-09
1.8598378392908899e-10
3.152960947883088e-10
1.6689498671951242e-09
91.11402130126953
5515.93017578125
20304.08203125
25592.955078125
26098.595703125
21717.384765625
17123.21484375
13697.58203125
10957.0166015625
9439.791015625
9517.2080078125
10579.958984375
12016.3232421875
15852.1435546875
18913.15625
23459.552734375
27079.658203125
28314.55078125
25606.35546875
18917.578125
9263.013671875
1937.3433837890625
3.0041928944513074e-09
9.883996954229701e-10
1.3761228823128135e-09
1.111548852961164e-09
7.755163733413895e-10
3.901894807256667e-09
37.873775482177734
3279.124755859375
13001.5166015625
22484.009765625
25041.4765625
25419.521484375
23833.220703125
21355.83984375
21253.404296875
20525.11328125
20301.630859375
20663.931640625
21373.1484375
24743.73828125
26068.439453125
28061.427734375
27870.513671875
24666.478515625
19879.013671875
8470.6025390625
3781.537109375
870.6153564453125
1.1417208289898895e-09
3.4371228085916528e-09
3.27103122366168e-09
3.630778788732414e-09
1.4205192577776415e-10
1.0693865792887891e-09
5.016059789753058e-11
1068.1968994140625
8650.4931640625
14832.9140625
22934.296875
24282.2109375
26731.447265625
25959.0703125
26554.7421875
27261.44921875
27730.2109375
28767.416015625
29128.43359375
28482.837890625
26476.994140625
24121.091796875
19048.138671875
15181.87109375
8675.75390625
3810.203857421875
510.2609558105469
199.57891845703125
1.4633451117518348e-09
9.044730520102462e-10
3.1124247623637302e-09
2.6399238350904852e-09
8.236908377590169e-10
1.1326845017478604e-09
2.8454205658334786e-09
404.8547058105469
2460.20703125
8668.4638671875
13294.125
17540.625
21624.251953125
24016.720703125
24920.779296875
25613.955078125
25717.6796875
24974.51171875
24613.78515625
21435.853515625
19965.39453125
15896.1083984375
10075.6376953125
5846.61572265625
2381.69189453125
1314.077880859375
373.93670654296875
0.0994647741317749
3.891023503399538e-09
2.116171904376074e-09
5.166648220367165e-10
1.98424965347499e-09
1.949767680642367e-09
1.6406532798995954e-09
3.2025260915391485e-11
363.019287109375
681.9202270507812
2449.325439453125
3922.0078125
8375.3232421875
12584.3583984375
14851.1220703125
17188.171875
16173.4111328125
16397.802734375
14979.09375
13588.3095703125
12329.3115234375
7573.3779296875
5321.58935546875
3008.53759765625
1894.457763671875
525.8599243164062
122.37979125976562
0.1132921576499939
0.07748927921056747
5.171028494288521e-09
1.1969987223636736e-09
3.967102646385001e-09
9.087559038611914e-10
2.6177662260096213e-09
1.0584469967156451e-09
2.888570271863955e-09
224.71641540527344
222.59210205078125
121.3237075805664
642.450927734375
1729.1580810546875
2723.5947265625
4239.2890625
5365.66845703125
5091.36279296875
5013.6572265625
3612.90185546875
3257.554931640625
3054.65625
2325.423583984375
2001.1893310546875
1750.6593017578125
304.0131530761719
1.3942394256591797
0.1468609720468521
0.09325176477432251
0.06114682927727699
3.3181557501649195e-09
3.2172515762596277e-09
3.2866127597230843e-09
1.1408685801628238e-10
2.3966524320684357e-09
1.1449645398453612e-10
1.7285374243058982e-09
110.01522064208984
175.79083251953125
0.0006301494431681931
0.0004331848176661879
0.00048414774937555194
1038.101318359375
1262.140380859375
1114.50732421875
1039.7044677734375
487.5151062011719
171.79010009765625
1103.651123046875
1295.7510986328125
1018.9008178710938
1152.355224609375
943.1640014648438
9.060592651367188
2.686609983444214
1.5706749234567496e-09
2.2156227963421316e-09
2.6210300596574143e-10
2.180144731411815e-09
3.823299454808193e-09
1.8146758540282804e-09
4.838374700888437e-10
2.0688867286011714e-11
2.678197441596808e-09
5.615485854093549e-10
3.734056119863993e-10
3.894589095665424e-09
3.5822980137822924e-09
6.66136701354958e-10
323.6208801269531
517.97705078125
854.6510009765625
725.1318969726562
433.47576904296875
326.5975646972656
188.55841064453125
389.6814880371094
535.6089477539062
291.871337890625
646.9525756835938
462.5954284667969
5.279195785522461
7.115109443664551
0.2136165201663971
0.14190106093883514
2.3747739330559625e-09
9.572332509977244e-11
2.0706705239348366e-09
1.0731400212904418e-09
6.444071387612382e-10
2.4947872656611025e-09
1.7306198696331876e-09
1.891422796163056e-09
9.866446548656427e-10
1.2603267318667122e-09
6.442786304461379e-10
3.860753938766948e-09
480.259765625
522.9052124023438
251.4960174560547
3.4157705307006836
3.701146056300786e-09
195.5508270263672
251.4695281982422
232.4380340576172
104.35401153564453
1.8488534688949585
627.0569458007812
390.4048767089844
5.424849510192871
4.741065979003906
0.28283175826072693
0.17048251628875732
3.2452438514241067e-09
3.6507508127670008e-09
2.08520289923797e-09
1.9068082668383113e-09
1.4141032789183328e-09
2.5761077715458214e-09
2.1490829116288523e-09
1.8623808051287938e-10
1.2605845256530301e-09
1.883445205352885e-10
3.1956715051961737e-10
1.404497407264671e-09
7.610385238665529e-11
3.3394067511238745e-09
2.1284323192816146e-09
2.076149252516757e-09
1.887423328739146e-09
6.940845489501953
5.8675217628479
1.2742289445810684e-09
3.878060539364014e-09
9.356485725087182e-11
3.451172680968284e-09
1.992521925231472e-09
8.303909226903272e-10
0.20856545865535736
0.21791911125183105
1.1318578296837245e-09
1.5030828803830332e-09
3.910200607748493e-09
1.438861807478986e-09
7.92143128869327e-10
