8.270541940191833e-08
1.5545509768344346e-08
3.3289456524698835e-08
3.833420691989886e-08
4.020410315774825e-08
9.045135129781556e-08
8.700830989027963e-08
3.55655487283002e-08
1.4851633700629918e-08
8.805004370060487e-08
2.8849312272427596e-08
5.635573074869171e-08
7.343759733657862e-08
2.7852424366869855e-08
7.466538676226264e-08
3.243231816441039e-08
9.030501502138577e-08
2.971264301265819e-08
5.502957733938274e-08
3.58833207592113e-09
2.4819275523668693e-08
9.170675241421122e-08
6.404361485579102e-09
9.659787636451256e-09
6.921196948894703e-09
6.448636735711943e-09
9.941824430370616e-08
8.674047791146222e-08
8.582915000943103e-08
7.560840487030873e-08
4.361835692634486e-08
5.9287554421416644e-08
7.510484323347555e-08
5.603198260928366e-08
9.034162928855949e-08
3.483936694692602e-08
4.262107111685509e-08
9.70233173802626e-08
5.294094762575696e-08
2.809142962689748e-08
9.923817856360984e-08
4.2529688215608985e-08
4.726705427060551e-08
5.143377279637207e-09
6.77095357559665e-08
4.596293479153246e-08
2.1681334061440793e-08
1.4390391100960187e-09
1.8188147876685434e-08
8.293373099377277e-08
9.494975472534861e-08
9.669181366689372e-08
2.8371214710887216e-08
7.87510785471568e-08
8.677305629589682e-08
7.072436147836925e-08
5.7855773505366415e-09
1.6791469548138593e-08
4.8804210450725805e-08
8.489944747225309e-08
2.8665944284966827e-08
5.203446207246998e-08
3.5823003230461836e-08
6.171650746011892e-09
2.121138642507958e-08
9.695798297570946e-08
1.0225411983810773e-07
4.511564455356165e-08
6.820173581445488e-08
6.121977236261955e-08
9.069650985793487e-08
6.554321885232639e-08
1.3288487821228046e-07
1.2094137957774365e-07
3.996922259830171e-08
4.281027443653329e-08
1.4652795421454812e-08
5.5262486142737544e-08
9.748341511794933e-08
9.307794357482635e-08
5.824320137293171e-09
7.88582141808547e-08
4.92989045142167e-08
4.4403634547052206e-08
9.065086459258964e-08
4.21790140592293e-08
4.774589967837528e-08
4.842691581075087e-08
0.0
9.068158135505655e-08
3.6703593053744044e-08
3.115007629617139e-08
0.9042810797691345
422.00830078125
399.7289123535156
682.9089965820312
1713.135986328125
2097.521728515625
2391.239501953125
1831.783203125
1461.5433349609375
858.3577880859375
705.1419067382812
245.94395446777344
27.193517684936523
0.019751276820898056
8.0806941582523e-08
7.838392690473484e-08
1.2179892650010515e-08
1.7626019754857225e-08
8.844030219279375e-08
9.457931327006008e-08
6.652067696677477e-08
6.97386681736134e-08
8.755245417546575e-09
3.490000466399579e-08
8.527553063686355e-08
9.031676292419434
283.6304626464844
438.3940124511719
1547.740234375
2939.703857421875
4907.61865234375
8884.1484375
13206.7587890625
18252.62109375
21062.720703125
22895.03125
21961.431640625
18112.173828125
12835.6259765625
6810.11328125
3027.095703125
983.6123046875
77.31751251220703
74.57858276367188
37.70634078979492
5.9472338165278416e-08
4.4613749139443826e-08
1.922584047520104e-08
6.950952524675813e-08
5.947727288457827e-08
6.231986304783277e-08
0.0
0.0
0.05993397906422615
426.88482666015625
1683.2100830078125
3115.31591796875
7279.5849609375
12312.6982421875
20064.453125
27977.3984375
30728.728515625
32476.677734375
34358.86328125
32126.431640625
28758.91796875
22788.779296875
16996.912109375
9397.5244140625
3687.747802734375
1178.0531005859375
341.1825866699219
46.51041793823242
9.953152968478207e-09
6.285986398069099e-09
1.92735249981979e-09
7.186513784063209e-08
9.801193812108977e-08
8.237221749141099e-08
4.311892354280644e-08
0.0
0.0
648.0784301757812
2490.160400390625
5153.22900390625
9698.48046875
16344.4501953125
24159.509765625
29826.626953125
31046.0390625
31736.681640625
32192.021484375
32044.125
32489.822265625
28445.494140625
23501.986328125
15700.275390625
5837.25048828125
2348.99951171875
529.1030883789062
345.05120849609375
1.5921439455723885e-07
1.2887141132011948e-08
2.205823612655422e-08
4.88524420916292e-08
0.0
1.3411214351654053
0.12201959639787674
0.0044027529656887054
158.01417541503906
507.1919860839844
2340.63525390625
6449.576171875
11229.986328125
16542.109375
23497.53125
25664.703125
23999.705078125
24658.31640625
23202.125
25053.396484375
27544.193359375
29045.2109375
25619.697265625
18256.3984375
7004.3955078125
2951.358642578125
891.0648803710938
520.8775634765625
2.5199108222295763e-07
8.839072052069241e-08
9.175376192160911e-08
3.820019145450715e-08
2.2201511740149726e-08
4.417814380985874e-08
0.24098078906536102
0.16794931888580322
85.9847183227539
237.52682495117188
2227.639404296875
4501.3134765625
8870.0185546875
13239.595703125
17349.53125
16356.9462890625
13795.4609375
12195.642578125
13497.755859375
20318.701171875
24343.673828125
27949.037109375
24822.76953125
16584.88671875
7592.7021484375
3548.705322265625
848.1390380859375
432.23809814453125
168.94236755371094
7.217520447966308e-08
2.0251810894933442e-08
7.778265853630728e-08
8.610638246864255e-08
6.54872600591716e-09
1.285352055901967e-07
8.629527314951702e-08
0.0
4.1724371910095215
646.49951171875
2449.874755859375
5179.93505859375
7974.2265625
9503.1328125
10986.7763671875
8524.6083984375
8895.22265625
17283.453125
23088.294921875
28023.69921875
28836.66015625
22579.029296875
12645.5478515625
6698.23046875
2148.37353515625
354.93310546875
267.4992980957031
189.08180236816406
1.3632950413011713e-07
5.468479358228251e-08
4.540540388120462e-08
9.886999663422102e-08
1.685420691899253e-08
7.975011584449021e-08
4.634243282453099e-07
9.317442959400069e-07
0.21895648539066315
422.9886779785156
1216.9521484375
3497.630126953125
5806.11962890625
7457.13525390625
10963.5791015625
14543.85546875
19552.701171875
25490.65625
29266.734375
30520.818359375
26652.072265625
16623.59765625
9455.5146484375
3674.259765625
1391.2027587890625
311.8960266113281
273.83868408203125
6.360424720242008e-08
8.409109852891561e-08
5.258207025349293e-08
5.2920803739198163e-08
2.635760587565983e-08
6.530552099093256e-08
1.0298582253653876e-07
0.0
8.685366879035428e-07
5.331527859198104e-07
19.67190170288086
473.5693664550781
3700.066650390625
7494.015625
13228.3681640625
20235.1328125
24245.869140625
28269.5
31692.423828125
32918.22265625
29209.544921875
19942.42578125
11947.4013671875
5279.95263671875
1668.033447265625
728.3231811523438
0.5248739123344421
0.003075455315411091
7.93954590960766e-09
4.2107920705802826e-08
1.4220572275291943e-08
4.29587529993114e-08
1.6874183828008427e-08
7.789186184936625e-08
3.3312943514829385e-08
7.29957662315428e-07
5.170730113983154
4.172364234924316
5.819355010986328
1615.0130615234375
6630.9716796875
12850.072265625
18981.322265625
27873.703125
32713.107421875
33816.97265625
34152.6953125
32174.888671875
26849.2265625
17993.0546875
11208.6435546875
3370.971923828125
1803.465576171875
832.11572265625
0.5568916201591492
1.3375318985708873e-07
7.918387723293563e-08
1.76029892884344e-08
4.9842771687735876e-08
3.890170408027416e-09
6.797903040478559e-08
9.620527663400935e-08
9.577339454835965e-08
5.681456514139427e-07
4.196896076202393
6.0810418128967285
139.95303344726562
3535.2138671875
9046.498046875
16958.6953125
24756.654296875
30346.251953125
31729.80859375
34131.3203125
33294.69921875
31294.951171875
26585.138671875
21160.169921875
13741.37109375
5730.96923828125
3100.45849609375
520.196044921875
110.5722427368164
0.014877879992127419
4.4467849846796526e-08
9.079119678290226e-08
2.663578158035307e-08
7.365434839812224e-08
9.990713145668906e-09
8.947676377601965e-08
1.0211366685553003e-07
1.905358999465534e-07
99.0154037475586
154.0717315673828
222.52760314941406
4208.9599609375
10587.7392578125
17517.666015625
23358.240234375
25839.30078125
26595.287109375
27180.974609375
27737.955078125
29707.578125
28981.294921875
25645.021484375
17885.66796875
8431.8955078125
2924.727783203125
662.967041015625
347.1670837402344
0.020051967352628708
5.166072902795804e-09
5.709355210825606e-10
6.310669675713143e-08
5.832218263890354e-08
4.811346343558398e-08
4.1437306919078765e-08
63.197654724121094
131.09654235839844
243.1638641357422
350.0571594238281
521.2064208984375
3900.781005859375
8387.39453125
12540.5517578125
14639.4072265625
13635.8955078125
13327.0087890625
14076.2109375
16890.017578125
22812.2109375
29974.68359375
28057.083984375
20768.697265625
11091.9765625
3888.2431640625
1486.1412353515625
450.3641052246094
93.86492156982422
1.1284018164303689e-08
5.108053207397461
6.779070105267238e-08
3.803228310061968e-08
4.2299756586317017e-08
4.343198299407959
551.3233032226562
653.501708984375
1204.6234130859375
2458.80419921875
1570.27392578125
3935.921142578125
6089.55908203125
7577.92431640625
8547.6552734375
6201.4365234375
3835.83984375
5018.3134765625
7173.6923828125
16356.607421875
27424.248046875
29973.81640625
22636.42578125
12164.642578125
5122.73583984375
1895.9615478515625
110.97098541259766
102.18427276611328
1.0025725316609169e-07
0.0
5.80883252609965e-08
3.333716591669145e-08
2.6660161893232726e-05
55.57827377319336
340.8702392578125
804.5950927734375
2884.13330078125
4641.755859375
4231.94873046875
5305.54345703125
4355.80615234375
4576.89404296875
3321.838623046875
1716.814697265625
769.6685180664062
1530.15185546875
5839.3681640625
16141.7724609375
28743.072265625
30782.240234375
23329.580078125
11290.2021484375
5097.34423828125
1498.00927734375
83.35336303710938
0.0
1.3100853379910404e-07
1.5651329121624258e-08
8.855269406637944e-09
5.6202122067361415e-08
2.7583861083257943e-05
542.7554931640625
1555.9129638671875
3473.524658203125
5697.4384765625
7619.59521484375
7682.77978515625
6903.82421875
6067.05322265625
5676.92431640625
3393.70654296875
2331.46044921875
2115.557861328125
4206.13134765625
13717.06640625
23818.140625
31678.51171875
31154.61328125
20257.072265625
9724.4267578125
4927.65380859375
1361.8876953125
0.0
6.51831044251594e-07
1.4262589331792697e-07
1.3868641701719753e-07
6.613952052703098e-08
6.452096812381569e-08
2.5238337912014686e-05
685.0249633789062
2572.891845703125
4561.39501953125
8931.763671875
13014.30859375
15269.2216796875
14081.8759765625
11332.7236328125
8695.814453125
6437.73876953125
7110.16015625
9707.3046875
16259.74609375
24962.76953125
31395.326171875
33578.14453125
26983.54296875
16451.072265625
7094.75048828125
3566.314453125
1288.4791259765625
4.713514804840088
0.01583263836801052
0.0
1.7363220194965834e-07
5.7296576372323216e-09
7.344009134158114e-08
6.29423493592185e-06
1110.4918212890625
3500.392333984375
6628.46337890625
12971.0126953125
17468.44921875
22817.25
21939.095703125
21048.32421875
18298.234375
17220.48046875
19136.009765625
22973.50390625
28407.705078125
32430.265625
33825.59765625
29604.962890625
20994.205078125
11585.7958984375
5556.94580078125
2209.475341796875
752.8562622070312
2.6189792156219482
2.355168104171753
0.0
1.3450073765852721e-07
6.137325669897109e-08
2.1788784110299275e-08
8.833887932269135e-08
824.0687255859375
3769.506103515625
7827.8388671875
13652.7158203125
19068.49609375
25718.205078125
28552.869140625
28761.0078125
27377.22265625
28106.892578125
29902.33203125
31990.078125
33762.95703125
34541.30859375
30252.076171875
20654.291015625
12853.888671875
6687.8818359375
2470.87646484375
1075.4346923828125
75.34486389160156
2.313588857650757
1.9923040866851807
1.8507664734102036e-08
2.3937229087778178e-08
7.994926676246905e-08
9.189851368773816e-08
7.939433999126777e-08
858.8295288085938
3310.97607421875
6319.65625
10835.6357421875
17023.98828125
22532.041015625
30187.1953125
34027.12890625
33873.3203125
34377.4375
35079.0234375
33599.9296875
32166.68359375
25915.16796875
18812.171875
10953.052734375
3848.323486328125
1083.0299072265625
700.72998046875
1.902047038078308
0.4228072464466095
1.1248444309330807e-07
3.2554122952888065e-08
2.443578672739477e-09
3.352580080218104e-08
1.0284323614939694e-08
9.388143240585123e-08
2.7787535827883403e-08
211.29769897460938
1196.439697265625
2784.93603515625
6317.681640625
9710.359375
15727.8046875
21179.162109375
25977.115234375
29336.921875
28411.04296875
27884.916015625
25586.4296875
18977.69140625
12111.35546875
5308.392578125
1284.75244140625
86.29386901855469
30.550220489501953
17.58388328552246
0.09951693564653397
1.8486859687527613e-07
6.283243436655539e-08
8.912633830959749e-08
6.773083072175723e-08
5.340725905966792e-08
6.572413724370563e-08
8.984398114364467e-09
5.51963807993161e-08
1.0077112477802075e-08
30.882471084594727
213.53819274902344
890.04736328125
2117.464599609375
3397.125
5917.46044921875
6832.40234375
5953.06396484375
5647.59814453125
4234.1484375
2662.919921875
1167.5302734375
774.9515991210938
171.97775268554688
1.0145606994628906
2.5765280042833183e-07
1.2971121066129854e-07
7.429370185718653e-08
4.057249114453043e-08
9.049450966358563e-08
1.0153809881785492e-07
6.621727521860521e-08
2.5293669381198924e-08
8.220423097782259e-08
9.365599851207662e-08
1.0286102636314354e-08
5.2385271231969455e-08
6.653584705418325e-08
5.512656997552767e-08
4.1832262098751016e-08
1.2297240914449503e-07
4.971775979356607e-06
5.503437023435254e-06
229.99166870117188
361.7448425292969
401.8232727050781
466.62078857421875
121.38539123535156
6.057797463654424e-08
1.0872103928249999e-07
4.815022336401853e-08
3.520269231671591e-08
9.611728302161282e-08
7.878426799834415e-08
2.152114042530684e-08
8.422126995810686e-08
4.132058961658913e-08
5.4213103339861846e-08
2.7226045418160538e-08
8.041128296554234e-08
6.466605029231687e-09
3.0286102514764934e-08
1.1733225058208063e-08
1.0372008318881853e-07
3.623220479198608e-08
8.95208316364915e-08
3.0091782399210842e-09
4.704622114104495e-08
5.352599785624079e-08
7.628043618979063e-08
4.8330317525824285e-08
7.86243674610887e-08
5.2336638134420355e-08
9.5690246837421e-09
1.874101540622064e-09
4.421418964284385e-08
2.9446809435285104e-08
2.036957802431516e-08
1.553797268627477e-08
3.1265990685369616e-08
2.3260520620738134e-08
8.196354883693857e-08
6.778650885053139e-08
7.358920584010775e-08
1.0288319884921293e-07
9.019109903363187e-09
2.3648370373052785e-08
8.132875706223786e-08
2.2244144304295332e-08
2.413116151345207e-09
1.9711510645947783e-08
6.812954467250165e-08
8.186791689013262e-08
1.5717381174340517e-08
6.645086614298634e-08
7.047334804610728e-08
2.9747878826924534e-08
9.880114504312587e-08
9.076178031364179e-08
4.8590099055445535e-08
1.3001363541320643e-08
3.019332694975674e-08
6.241718608634983e-08
8.500459358629087e-08
7.587315309365295e-08
5.7273954467973454e-08
3.370425005755351e-08
8.844043719591355e-08
1.0078981205197124e-07
7.705526883228231e-08
8.834194176188248e-08
5.236902111960262e-08
1.7410279440355225e-08
5.613400944071145e-08
8.409142537857406e-08
9.082094010182118e-08
3.9950972308133714e-08
7.649487088201568e-08
8.981952248632297e-08
