1.9413104457299823e-09
1.2260260584540106e-09
1.2517961112123999e-09
2.7644400102389e-09
9.461406658139992e-11
5.307775885476929e-10
1.4458518826643285e-09
6.467505003771024e-11
1.2526732984241562e-09
2.1426231899823733e-09
5.91291016149853e-10
1.051370324134382e-09
2.123887066218799e-09
4.3224834822552793e-10
2.9228310882700725e-09
1.3175931456999024e-09
4.961113742041334e-10
1.025816875888097e-09
1.59979618441497e-09
1.3542358345830507e-09
2.1296253649438768e-09
3.12329562213165e-09
1.673928995415963e-09
2.203919047261138e-09
7.137065938245257e-10
1.6050918372201295e-09
3.0374152082401906e-09
1.1115274256567886e-09
2.59500776422783e-09
2.975070190203155e-09
1.1777823161196466e-09
1.8347916519445562e-09
2.8752900060879938e-09
3.06155589768764e-09
5.608506437049243e-10
1.5634648020679265e-09
1.0215741447217042e-11
1.6964697424626252e-09
2.565976542356907e-09
2.3183160946516068e-10
2.5845120488199314e-10
2.1708577158108255e-09
4.305096279466625e-10
3.006684345940869e-10
1.111099767747703e-09
2.6487614324111064e-09
3.121338076894631e-09
1.55192547701688e-09
1.5942674957969416e-09
2.2616490902294117e-09
1.2782277458711633e-09
3.2853722520265194e-10
3.0808422479822184e-09
1.2141266880760782e-09
2.2120418829985056e-09
2.5102269152199597e-09
1.5731641545002617e-09
2.1153894191883182e-09
2.9322049233115877e-09
6.289164189432483e-10
2.3113371216965106e-09
3.656455693779037e-10
1.6302351690811179e-09
0.036440782248973846
0.06421994417905807
2.356915107526447e-09
3.0414117890842363e-09
1.7567505228299751e-09
1.6987498998641968
5.972375392913818
2.1690338414259713e-09
2.4308084434210286e-09
2.797458709125067e-09
1.4774684808926963e-09
7.367215171250052e-10
6.966853760559388e-10
5.25025301012505e-10
2.3138524429811014e-09
6.462463342238323e-10
2.188987602291803e-10
5.920783863189172e-10
2.6217075177470406e-09
5.342694064935927e-10
2.811317179052253e-09
2.5564401706645867e-09
6.533402152619772e-10
2.0673065481702224e-09
8.844023291487701e-10
1.4368606304770992e-09
2.041575797306905e-09
1.5683943033195646e-10
0.05746641755104065
2.0552270996176958e-09
1.1674041733300555e-09
1.5786093543468382e-09
2.5882379572905734e-11
1.6808648917177038e-09
0.03261484578251839
0.0
1376.1351318359375
1735.2877197265625
1510.1068115234375
829.198486328125
230.12161254882812
275.7300720214844
126.27667999267578
23.739788055419922
16.665908813476562
1.613676747780346e-09
7.408548774456847e-10
1.881259814595637e-09
2.9694411374237006e-09
1.874034039062167e-09
2.305486468401341e-09
1.6555647963656384e-09
2.582299263309551e-09
2.412079425084812e-09
1.8497927634086864e-09
2.5401976078143207e-09
0.04240569472312927
5.153065529839296e-09
3.961722505607668e-09
0.04462079703807831
122.7442626953125
404.94775390625
1791.43359375
6066.875
10105.880859375
15045.9873046875
16530.654296875
15769.71875
12551.4033203125
6654.61474609375
2910.43994140625
897.9483032226562
327.3630676269531
13.165961265563965
4.780194282531738
4.0087000385824467e-10
3.1265998678975393e-09
2.479624727769192e-09
1.2059339082881593e-09
1.955478001747224e-09
1.0813760553674001e-07
28.651582717895508
139.01336669921875
140.45120239257812
0.00018964248010888696
0.1954675167798996
0.8488693833351135
186.0793914794922
1088.01025390625
3574.68505859375
9171.3076171875
14382.7802734375
21942.208984375
25797.748046875
27623.71484375
26696.666015625
21940.62109375
14627.083984375
8496.111328125
2672.82275390625
835.3011474609375
127.43397521972656
4.7905449867248535
6.548185105259563e-09
4.327425084937886e-10
2.051494307764301e-09
2.280577060531641e-09
2.3325028575271745e-09
2.252434461169628e-09
105.79634857177734
3.244365930557251
3.558006763458252
13.693674087524414
45.945709228515625
262.4159240722656
1036.19970703125
4378.60791015625
10690.48046875
16413.984375
23550.63671875
26898.1875
29137.53515625
28957.23046875
28309.134765625
26597.126953125
21765.990234375
13818.634765625
6151.24169921875
1921.85546875
500.8372497558594
0.0
3.947526305836391e-09
7.075291463820577e-10
4.722641722132437e-10
2.286865141698513e-09
3.0937357120564e-09
1.5696102195761341e-09
176.25311279296875
3.181913375854492
2.3539974689483643
46.63294219970703
241.89028930664062
949.5040283203125
3883.2060546875
8638.1201171875
16842.50390625
23952.0390625
26853.70703125
28738.802734375
27772.658203125
26809.669921875
27714.208984375
28154.52734375
26790.208984375
17985.92578125
9279.255859375
2286.783447265625
501.3080749511719
7.057328224182129
1.2549866701405676e-09
2.1104717973230436e-09
2.384621167195178e-09
1.870117616320499e-09
1.4059849950953662e-09
2.42690956220315e-09
0.0
2.6659581661224365
0.5803512334823608
72.76657104492188
1174.04833984375
2927.49609375
9124.1435546875
14414.396484375
22756.384765625
26829.25
27374.818359375
25880.87890625
23308.376953125
22180.55078125
24819.9375
26463.712890625
26823.36328125
20344.88671875
11275.0634765625
4213.74609375
630.9475708007812
5.587704658508301
1.0337577321939406e-10
1.6668774138750564e-09
9.030113323760247e-10
1.2637975110862953e-09
3.0988318577840346e-09
3.1259388411086775e-09
2.3320347874999925e-09
9.268386613747737e-10
0.5265374183654785
344.46905517578125
2543.1884765625
6142.3642578125
12969.9306640625
22598.40625
27870.42578125
28482.236328125
26503.283203125
22310.05078125
17102.5625
14472.37109375
19879.259765625
24989.912109375
27352.6015625
22230.240234375
12849.15234375
4317.70556640625
241.83045959472656
9.893971864016748e-09
2.311043856284556e-10
2.166837598238658e-09
2.3283355243819415e-09
2.5547914894730184e-09
8.746962043559847e-10
3.1217652907145066e-09
4.542525244843887e-10
1.3083824024207047e-09
31.3061466217041
1374.7325439453125
4435.32470703125
11767.80859375
21188.60546875
28010.662109375
29176.244140625
27431.75390625
21670.66015625
14484.8466796875
9000.5068359375
8230.408203125
12737.97265625
21852.806640625
28189.513671875
23335.69140625
13888.0830078125
4885.5751953125
627.3375244140625
1.0762357671723066e-09
2.9359761288816344e-09
2.3440180907385866e-09
2.747622573906483e-09
2.331307147329653e-09
1.2304059993084593e-09
9.237525189220719e-10
1.63700386579535e-09
1.0969861685694582e-09
768.4660034179688
2907.81787109375
7801.3896484375
18309.7578125
25927.447265625
29095.123046875
27013.31640625
20318.046875
13546.986328125
7220.88525390625
4220.16455078125
5445.7734375
12342.875
22162.265625
28089.20703125
24633.787109375
12689.0849609375
5519.81689453125
779.2155151367188
181.54052734375
330.3463134765625
1.0404102024352824e-09
1.6980207240280265e-09
6.933339458115029e-10
298.6852111816406
1.7678322139502711e-09
2.9618183461366243e-09
62.2685661315918
742.6998901367188
5166.0400390625
14158.7412109375
24300.015625
29764.650390625
30384.388671875
22353.880859375
13685.7265625
5683.72021484375
2600.193603515625
2077.6748046875
3451.44873046875
12374.2978515625
23482.8984375
28734.73828125
23404.423828125
12223.2685546875
4798.03515625
696.2951049804688
222.36886596679688
330.4087219238281
3.2697552998506296e-10
1.9021182406930848e-09
1.3755073746679614e-09
342.6365966796875
2.9247686939015693e-07
0.03783098980784416
107.06523895263672
2784.780029296875
8601.9345703125
18822.330078125
28512.560546875
29582.482421875
25189.181640625
14528.302734375
6161.20361328125
3013.44384765625
1121.038818359375
676.2702026367188
3823.90625
14852.9921875
25775.572265625
28922.869140625
22428.33984375
10516.998046875
3667.798095703125
509.0386962890625
144.28955078125
373.09100341796875
2.088203387984322e-09
1.375081937204925e-09
6.819867448548678e-10
9.709176795880126e-10
1.1498573204704599e-09
38.267425537109375
509.1398010253906
6626.01416015625
14506.865234375
24191.228515625
30420.53515625
28211.15234375
19067.9921875
6633.3232421875
2198.010986328125
1741.72998046875
1058.286865234375
608.8524780273438
5187.59814453125
18813.900390625
29132.5
28392.787109375
19683.259765625
8657.3662109375
2504.851806640625
307.1919860839844
1.7233938720551123e-08
2.1895938395743997e-09
2.5138915393796424e-09
3.2374047886918333e-10
1.8243773158843624e-09
2.518018682451384e-09
0.0006783701246604323
166.37643432617188
2405.7958984375
10825.3447265625
21484.130859375
28410.669921875
28983.673828125
23001.064453125
11011.197265625
3078.334228515625
892.4253540039062
861.8299560546875
822.9345703125
1465.6937255859375
10268.150390625
24450.1015625
29569.705078125
25877.939453125
16971.330078125
6258.0869140625
1370.2470703125
1.4185618162155151
1.2256200498939052e-09
4.31722796401246e-10
1.826379159020064e-09
1.8575323501579533e-09
6.470397134750172e-11
1.709419966688941e-10
0.0
493.3354187011719
6272.65869140625
13670.02734375
24002.021484375
28919.564453125
27167.34375
17616.279296875
6014.8701171875
805.8538818359375
128.3709259033203
714.3930053710938
2417.115966796875
6340.89599609375
18627.7890625
28056.49609375
29301.32421875
24296.91796875
11724.1572265625
3465.57861328125
1102.66162109375
0.04972601681947708
2.2997981297123715e-09
5.2627663338356e-10
2.05349084958506e-10
2.5341002629630793e-09
2.0104307107970953e-10
2.3732078524574263e-09
4.3672930161164913e-08
1184.7265625
8449.89453125
17169.328125
26213.232421875
28165.126953125
23152.091796875
12855.095703125
2648.065673828125
758.6712646484375
850.2178955078125
2625.3486328125
7343.9306640625
16609.18359375
25044.896484375
30689.6484375
27816.447265625
18005.486328125
5911.62841796875
1434.988525390625
50.072105407714844
0.05495571717619896
8.694843733891844e-10
1.7633640103653647e-09
3.0052521582391023e-10
2.066946960810334e-11
1.7221178927329106e-09
1.0981230369466743e-09
7.132683066402024e-08
2980.265380859375
9553.4765625
17863.46875
28017.1796875
28294.087890625
20166.662109375
10209.845703125
2804.790771484375
2523.743408203125
4637.14013671875
7752.56494140625
16669.662109375
23309.046875
30092.69921875
29317.91796875
22572.16796875
10124.3408203125
2973.989990234375
282.6889953613281
31.863142013549805
0.05769912898540497
1.8348646213528497e-10
5.691052629153148e-10
1.9378649795953606e-09
2.6428765842467783e-09
1.243138370021768e-09
1.4993196684187637e-09
0.839779794216156
4189.70263671875
10781.9365234375
18331.609375
26723.333984375
25418.90625
19051.34765625
13524.19140625
8715.8447265625
9276.603515625
12550.748046875
18869.916015625
24081.54296875
30185.51953125
30205.587890625
25296.13671875
13940.205078125
3976.428466796875
772.363037109375
44.689205169677734
21.472946166992188
0.028038520365953445
7.332998097631105e-10
7.077065045102415e-10
2.8669595586450214e-09
1.3435453860566327e-09
6.161074428412405e-11
1.167493324238933e-09
3.3991527557373047
3570.59033203125
10282.3046875
18795.91015625
26308.05859375
26856.708984375
23427.384765625
19192.9375
17789.72265625
20467.619140625
23219.9140625
27423.6640625
29365.919921875
29440.013671875
24399.9765625
15785.0654296875
4715.10986328125
1019.3211669921875
44.805545806884766
41.09169006347656
22.42471694946289
0.05783543363213539
290.5635070800781
317.7464599609375
2.168216162168335e-10
2.962720069277225e-09
1.681607852965783e-09
1.6088070875497351e-09
3.691415548324585
3398.1533203125
8344.84765625
16001.3037109375
25188.2578125
28288.177734375
28241.685546875
26667.416015625
26536.416015625
27975.119140625
29405.578125
29326.435546875
28668.775390625
23089.009765625
12893.8486328125
5214.970703125
504.81988525390625
36.85503387451172
47.96080780029297
20.938663482666016
5.116302013397217
2.1302828788757324
335.3236999511719
428.016357421875
4.2290176915926736e-10
1.8864059203593797e-09
2.9214946017930288e-09
2.44217845946082e-09
0.9008965492248535
2152.59521484375
6412.98291015625
12673.2314453125
20485.0625
26790.505859375
28216.513671875
29867.2890625
29738.78515625
30317.701171875
28553.208984375
23841.48046875
20067.7421875
9137.291015625
3218.4091796875
346.7132263183594
29.817665100097656
9.32678508758545
0.16657157242298126
0.8858470320701599
220.5330047607422
0.0
165.01138305664062
334.3753967285156
1.724079101705911e-09
1.9102426307426867e-09
5.211766018753394e-10
2.5216546628570313e-09
0.02873741090297699
438.2227783203125
2894.132080078125
6470.01318359375
13493.0234375
19628.08203125
23362.73828125
25534.08203125
24419.28515625
22021.955078125
17825.486328125
11709.55859375
6978.98583984375
1905.0509033203125
117.55315399169922
7.269315242767334
0.8391484618186951
0.002253131242468953
0.0
319.6475524902344
171.26014709472656
264.83013916015625
1.503204644093259e-10
7.310690386397312e-10
1.365857427160222e-09
1.2577365815502617e-09
1.141485239664064e-09
1.0340398537422857e-09
1.1755200979290947e-10
0.1887757033109665
202.51107788085938
838.5507202148438
1790.8731689453125
3429.2763671875
5128.638671875
4838.291015625
5322.61669921875
4811.791015625
3384.572265625
1503.7777099609375
1085.0780029296875
43.83003234863281
0.0
0.0
5.878929565383828e-10
3.0092366376521795e-09
1.9280110841179976e-09
226.23931884765625
222.04998779296875
320.4605407714844
2.5848663209870892e-09
2.868365100994197e-09
1.9098884695978313e-09
2.1268218297620933e-09
3.0193625377705757e-10
2.4760740124918357e-09
9.252528743175503e-10
7.414623137691478e-09
5.204961794902374e-09
9.374899079261922e-09
1.5113354123741374e-08
74.85868835449219
60.05604934692383
99.98567199707031
59.245887756347656
110.75501251220703
44.10392379760742
57.3353385925293
7.105811494767522e-10
6.154035614436282e-10
6.495863291711146e-10
1.4629638611651785e-09
1.0463695465645628e-09
3.0205331569277405e-09
2.2098880503307328e-09
1.988294417998304e-09
1.2148665406996884e-09
1.4816270432760348e-10
1.8346779651068346e-09
5.526514246234626e-10
1.7852400668871837e-09
6.946357933301783e-10
6.763297144551927e-10
1.0556284735230292e-09
2.4643573293126053e-10
2.461965520339504e-09
1.1980637593111965e-09
2.79604317476867e-09
2.3814965555146728e-09
4.002026765537181e-10
9.570918502177506e-10
3.100743661832439e-09
2.4170065948680985e-09
2.289352707407488e-09
2.1854917875430147e-09
2.6347152237704563e-10
9.195296191144564e-10
1.0435927677576728e-09
2.386854047742304e-09
1.7496706306019405e-09
6.010965059033424e-10
2.599892967580786e-09
1.5844607847981251e-09
2.935097942469156e-09
2.260517328878109e-09
2.7516497969060083e-09
1.1979555125662955e-09
4.941040909756111e-10
2.1490493828935087e-09
6.053832990460251e-10
3.462572173429379e-10
2.8907278792900115e-09
1.3289427336360404e-09
2.4243584917371663e-09
7.957016157078556e-10
1.2866511189812968e-09
2.50132536905312e-09
1.2551272243754852e-09
2.050117409169161e-09
1.0972807107378912e-09
2.5344466525467624e-09
1.1678863431896502e-09
1.1136402910949528e-10
8.236939463834858e-10
8.735482892596735e-10
2.6077138226554553e-09
2.685637490174031e-09
2.867458048783078e-09
6.276546504757619e-10
2.359465955947826e-09
5.53572798711599e-10
9.100926678939913e-10
1.2341351274258727e-09
1.4702777884068041e-09
2.957800226965901e-09
1.0295154728723332e-09
9.238924625343259e-10
