1.7517101658093281e-10
1.6159275306737442e-10
8.776406268395931e-10
1.8808155033411822e-10
1.1764690333038175e-09
1.9157203601238848e-10
1.575557045940812e-10
6.432251398180711e-10
2.5448457230403676e-10
3.286575733785213e-10
7.801593815415231e-10
1.1348725292847917e-09
1.0976514835947526e-10
1.0306324682574086e-09
4.998396696542784e-10
2.2900362162125987e-10
6.226728022085126e-10
1.0061865785004898e-09
6.619568782006979e-10
5.088433008282323e-10
9.618033036673523e-10
1.797068605036145e-10
1.801391119604645e-10
4.874327608206386e-10
9.997653815929652e-10
5.554003923435857e-10
2.3660218229082375e-10
1.2864681542268386e-10
1.033282348572584e-10
5.856889973010482e-10
8.353355784862515e-10
6.252151019126018e-10
5.541202496850417e-10
4.066033967853322e-12
5.442871708893904e-10
9.016626889568613e-10
4.518455054558501e-10
8.003946949663998e-10
2.81505818655603e-10
104.8539047241211
65.498291015625
57.755645751953125
1.0661529437072659e-09
8.387015526523101e-10
4.437272077550958e-11
3.0170857479028257e-10
4.6493950356385483e-10
5.147620663059627e-10
1.632784185634506e-10
4.857259039425799e-10
9.99414884184091e-10
9.682592505555476e-10
2.495321727025157e-10
6.689463427633768e-10
9.506325726604814e-10
2.5462471020532007e-10
4.385808660689605e-10
8.223947078889182e-10
9.350445973055344e-10
1.0772620573362701e-09
5.037733008528278e-10
9.176887028061742e-10
5.417484794101313e-10
4.0729436490138937e-10
1.1176374270505107e-09
4.356372762526206e-10
1.6702912386534763e-09
87.17617797851562
99.80839538574219
83.49032592773438
4.330765746018983e-10
1.0790796207971187e-11
1.3912029306339946e-09
2.110890795492537e-09
2.1407071670864752e-09
2.1843745708465576
16.045795440673828
94.41224670410156
111.8949966430664
101.9249496459961
4.952395715740465e-10
3.7174147093921306e-10
6.852375888932727e-10
2.6474439307477837e-10
7.24833970622285e-10
8.712910948283081e-10
4.869720182654191e-10
3.9897929404730803e-10
9.819995927529135e-10
6.472313796024309e-10
3.4442543261903324e-10
8.430641185164234e-10
4.013298027238932e-10
2.4378934426749765e-09
3.849168539460379e-09
0.905408501625061
1.7261146306991577
1.5610836744308472
0.5100535154342651
121.2484130859375
246.67298889160156
268.87890625
830.3936157226562
1314.048828125
714.9656372070312
476.4902648925781
280.76080322265625
149.452880859375
6.41773134635315e-10
1.1269135624658588e-09
3.5912839368990035e-10
8.102916670971183e-10
9.155346480937965e-10
9.67815494412605e-10
1.0242623416090169e-09
0.08519172668457031
0.0
9.868423855863284e-10
9.08635777729927e-10
2.2008567190923145e-10
240.3744659423828
231.28477478027344
309.8994140625
5.094295978546143
57.25716018676758
972.7223510742188
1770.7283935546875
2480.874267578125
3811.45556640625
4862.79541015625
5746.57373046875
5782.50439453125
4989.9375
3067.63623046875
1412.4537353515625
361.6898193359375
1.7613709133001976e-05
1.125801007972882e-09
7.163666881915276e-10
4.507761663941068e-10
1.1402979671615299e-09
1.9486899593967877e-10
1.1081985329397526e-09
0.10385336726903915
8.307054488732035e-10
3.867027531523348e-10
7.118407252537651e-11
260.12554931640625
278.5954895019531
255.29420471191406
28.7479248046875
531.6242065429688
1810.7301025390625
3262.328857421875
5782.2138671875
7380.38623046875
10020.9091796875
12025.5048828125
13313.62890625
12507.646484375
10914.9453125
7892.07470703125
4019.38671875
1547.0560302734375
506.6958923339844
3.3060634785364584e-10
1.0150265072894626e-09
1.0900756963749814e-09
9.875702478012727e-10
3.084423827459659e-10
1.5608535297584325e-11
1.1880666450636568e-09
124.1600112915039
8.49285142212608e-10
9.075546980596982e-10
293.172119140625
358.2591552734375
471.6636047363281
569.4918823242188
2132.848876953125
5214.43701171875
7875.37646484375
11766.6611328125
16807.796875
19480.07421875
21519.18359375
22976.279296875
22768.51953125
22374.51171875
17271.16796875
11642.587890625
3868.442138671875
1299.87158203125
27.718446731567383
60.7043342590332
5.477975850709527e-10
8.277897811659329e-10
4.5420986416466747e-10
5.833733496274363e-10
9.86979831196777e-10
146.40699768066406
4.386144225598798e-10
293.172119140625
228.9492950439453
283.3687438964844
818.21435546875
2692.888427734375
6382.595703125
10707.4267578125
16013.916015625
21256.021484375
22127.669921875
24823.767578125
25463.830078125
25599.869140625
25217.583984375
25620.55859375
23293.609375
18666.259765625
8395.4677734375
2072.59375
84.40031433105469
5.007024794778658e-10
4.0813596946520647e-10
1.173643182639239e-09
1.127763105124302e-09
1.090631807088016e-09
8.13652145659205e-10
1.5811491012573242
7.728590545319491e-10
169.80133056640625
462.1565856933594
1836.787353515625
3582.737548828125
7909.58837890625
13367.052734375
19882.52734375
23115.158203125
25811.0859375
26772.333984375
28052.814453125
26624.181640625
25149.03515625
23932.3984375
25174.404296875
25668.646484375
23362.8671875
13331.2705078125
3093.5888671875
7.678461200200104e-10
1.4974887996288544e-10
4.851195556376808e-10
1.3438407331367586e-10
7.222628051195557e-10
9.996503624876141e-11
0.0
9.042398496639237e-10
0.41791221499443054
283.4482727050781
986.27978515625
2918.590576171875
8160.82763671875
14127.3251953125
21125.318359375
24855.544921875
27105.724609375
27938.638671875
26738.091796875
23947.48828125
20202.865234375
18816.076171875
19358.4140625
21483.0
25128.625
24853.0625
17921.138671875
6291.09765625
138.19664001464844
8.134580509189249e-11
1.045522224352169e-09
4.761677163678257e-10
5.926952262313989e-10
8.101865844878375e-10
49.507598876953125
1.3003345622486506e-10
0.39929670095443726
355.5919494628906
2763.54736328125
8172.85986328125
14778.875
22849.3828125
24924.962890625
26327.671875
26163.67578125
23603.677734375
18151.1484375
14164.4697265625
10806.8427734375
11024.046875
12888.90234375
19402.59765625
23894.140625
25591.921875
20980.4765625
8269.154296875
198.89761352539062
9.063052530677851e-10
4.89974172346308e-10
5.985181239509529e-10
8.928280337272554e-10
4.376705109443435e-10
43.98594284057617
42.892005920410156
139.00791931152344
3056.107666015625
6991.3896484375
15128.8876953125
21312.00390625
25108.376953125
27509.2890625
24832.5859375
22729.517578125
16029.10546875
9958.6171875
6366.64453125
6248.7001953125
7151.56640625
8776.9208984375
15948.2578125
22900.345703125
25555.224609375
23059.703125
8862.6962890625
69.98661041259766
1.0940285344318568e-09
5.089795251933538e-10
2.555269051907061e-10
1.1532444998962887e-09
1.324956394599397e-10
54.61301040649414
94.16999053955078
1456.3955078125
5472.349609375
13668.2548828125
21984.1640625
25761.322265625
26507.68359375
24114.0546875
19086.03125
14533.3779296875
7403.2802734375
3731.533935546875
2700.212158203125
2861.357421875
5490.12353515625
9674.251953125
16367.1337890625
23509.630859375
26087.689453125
22130.451171875
7135.46337890625
537.552978515625
7.786633837714163e-11
7.333399998366019e-10
1.4126895486743507e-10
2.8066696189377183e-10
8.120511485465443e-10
37.8554801940918
232.6494140625
4093.633056640625
11549.05859375
21483.74609375
27034.943359375
26548.568359375
23575.59375
17830.681640625
11839.224609375
5388.43359375
3778.558837890625
2079.842041015625
1760.1651611328125
2401.645751953125
5321.978515625
11390.9130859375
19457.736328125
25139.400390625
25659.68359375
18713.875
5873.52001953125
482.9320983886719
2.4332225123657736e-10
1.1708182201530803e-09
7.440716376372336e-10
3.909003953861401e-10
1.7623365267116498e-10
47.371150970458984
1276.43408203125
8492.3857421875
20029.06640625
25860.455078125
27049.462890625
24304.44140625
17729.966796875
10325.248046875
5257.69970703125
2645.77099609375
995.0853271484375
1384.724365234375
1688.1385498046875
3741.510986328125
7333.265625
16678.87109375
23742.197265625
26520.619140625
24373.890625
15359.80078125
4821.345703125
503.8292541503906
8.015026975449757e-10
3.885544386239559e-10
9.83357617556635e-10
5.797292645937091e-10
2.6222699012201645e-10
27.633066177368164
3997.55908203125
14402.900390625
26330.1015625
28495.064453125
25822.015625
19647.1015625
10396.12109375
4920.3994140625
2641.641357421875
1420.6658935546875
1172.8511962890625
1187.8817138671875
2912.1669921875
6350.4638671875
13803.22265625
21683.22265625
25988.28515625
26195.8828125
21148.796875
10804.7607421875
3428.215576171875
373.09039306640625
1.1870164573490882e-10
2.456933545502693e-10
4.335514169895305e-10
5.170945893695489e-10
6.003995078884827e-10
55.12470626831055
6344.5546875
20841.853515625
26813.41015625
26415.42578125
21726.939453125
14872.3916015625
6141.978515625
2784.2607421875
1269.8883056640625
1324.5775146484375
1905.2310791015625
4412.18359375
7270.25
14800.7080078125
20897.640625
25627.029296875
27632.57421875
24482.986328125
12895.3974609375
6631.02978515625
2309.830810546875
395.29559326171875
6.072734676232372e-11
2.1812503192553123e-10
4.201657355373811e-10
7.111529698455854e-10
8.236669679639874e-10
10.55092716217041
10317.951171875
25734.337890625
28084.703125
25733.603515625
17648.271484375
8585.220703125
3677.858642578125
2959.721923828125
3063.997314453125
3827.89697265625
5720.873046875
10096.904296875
17551.2421875
23841.345703125
28340.890625
27180.21484375
24029.599609375
16434.6015625
8613.384765625
2493.096435546875
401.4387512207031
2.5113324753078814e-09
9.157677949289678e-10
1.0786163073817079e-09
3.1079869233785473e-10
8.053939737351357e-10
8.909625259789777e-10
287.7745056152344
11854.9765625
27083.17578125
28046.041015625
25666.671875
16480.232421875
9298.3046875
6977.1962890625
7375.30517578125
8080.2763671875
12037.5947265625
17397.83203125
23667.2890625
27907.501953125
27917.845703125
27401.828125
22356.072265625
16267.9853515625
9296.4580078125
3098.28564453125
691.7890014648438
3.4068408012390137
1.6154449999916665e-09
7.659750611566096e-10
1.0381221438038324e-09
3.121886776868976e-11
1.1955340051272856e-09
1.3743949034417113e-10
134.40672302246094
11373.88671875
25338.787109375
27523.1015625
24600.876953125
20209.982421875
16657.3671875
16805.07421875
17994.638671875
20565.24609375
24304.724609375
27117.068359375
28124.306640625
28267.71484375
26116.220703125
21375.853515625
14551.3837890625
8654.7861328125
3207.6298828125
730.488037109375
27.177541732788086
6.860531330108643
2.2416528355773124e-10
6.137351182822215e-10
3.189157549154942e-10
3.746220278433299e-10
4.0368708376092854e-10
1.729235027739251e-12
255.8543701171875
10087.3134765625
21650.794921875
26029.892578125
25842.138671875
25000.703125
23354.27734375
25240.955078125
26662.65625
28664.58984375
27483.24609375
28101.79296875
26996.37890625
23553.07421875
17410.33203125
11357.8291015625
6242.15283203125
1771.798828125
597.062744140625
189.73402404785156
1.4083973987055742e-09
1.1171145120059123e-09
4.410942444632582e-10
5.00035457484671e-10
2.4514978935741283e-10
4.742550241410015e-10
1.236615532196339e-10
4.4083794947802346e-10
26.360950469970703
7043.2734375
15398.3984375
22757.859375
24600.720703125
26427.318359375
27462.400390625
27174.5078125
26799.119140625
25803.337890625
24908.4375
22627.46875
18208.99609375
11247.3896484375
6974.31005859375
3266.420654296875
1265.1995849609375
545.2335205078125
355.9951477050781
89.69792938232422
2.5757675992110762e-09
5.948056491789089e-10
6.900259252873298e-10
1.0388796489735341e-09
1.9227312797465146e-10
1.1824139445337778e-09
2.8198546275781666e-10
7.586216099753074e-10
1.6258805990219116
3147.7158203125
8226.1318359375
13602.0615234375
18899.076171875
21568.1875
22792.099609375
21025.46875
20480.4296875
17292.62890625
13796.970703125
10919.4072265625
7141.31298828125
4098.10546875
1844.5245361328125
995.3430786132812
397.21148681640625
254.54379272460938
134.55467224121094
1.6438555717468262
8.026362907642692e-10
3.666681541725225e-11
5.281042617100162e-11
4.838430212039668e-10
5.10732844904993e-10
5.531413105330785e-10
7.474035834675874e-10
1.0235919750689604e-10
8.391863870471639e-10
392.3401794433594
3076.46826171875
6321.8564453125
8980.0615234375
11112.0107421875
11544.4912109375
11684.1982421875
10560.421875
6608.01171875
4988.896484375
3333.460205078125
1733.3406982421875
316.0553894042969
334.9234924316406
241.86639404296875
245.45370483398438
258.190673828125
3.625365734100342
4.002801418304443
5.010444281694504e-10
7.297844550890886e-10
1.4237956647011885e-10
1.1307982328290223e-09
9.017994684334951e-10
8.110537796923722e-10
4.818575538578784e-10
1.025662776932279e-09
9.139177747918836e-10
0.047360438853502274
204.8767547607422
1443.0697021484375
1667.392333984375
2456.162841796875
2289.283203125
1389.969970703125
1135.1158447265625
1121.19970703125
1056.7730712890625
92.78575897216797
4.608310699462891
2.963759183883667
1.6556173099147031e-09
9.731931926992843e-10
3.2665919968977164e-10
6.028534338398117e-10
5.261481250684596e-10
2.608992744068672e-10
9.626135444307238e-10
1.0072910283653869e-09
3.6714485618372095e-11
9.038650383708102e-10
4.377919415876619e-10
8.248517424647162e-10
7.68907715276157e-10
1.0586687082536628e-09
2.0515715515312394e-10
8.503205084497978e-12
173.30355834960938
175.7195587158203
188.5386962890625
112.5438003540039
7.39889669418335
5.673431396484375
7.850593508607062e-10
0.0
116.49591827392578
62.418312072753906
1.3697318279604076e-10
4.939906816936457e-10
5.977631722942078e-10
9.77281255920559e-10
1.920252845621917e-10
3.619134436583238e-10
7.79988462706882e-10
1.5799619945688903e-10
6.155119192108316e-10
3.3749478212108386e-10
3.54867357721389e-10
1.0054198584796836e-09
1.1733458649132444e-09
2.766954720900827e-10
3.8761921450358727e-10
8.083004265913019e-10
2.248482233735416e-10
8.710018817303933e-10
183.99090576171875
135.8630828857422
105.61216735839844
3.79488634960623e-10
8.561081288327443e-10
1.1699138324772207e-09
7.802214430085996e-10
8.386550481853661e-11
8.341851098769837e-10
2.639937990434049e-10
4.010740628501708e-10
7.874004781527333e-10
5.826289450894251e-11
1.058050425051249e-09
1.015572181906066e-09
5.286245885471885e-10
8.718567534593546e-10
4.838539638396533e-11
2.8487434633461817e-10
5.9969884960708875e-12
4.842317657960393e-10
7.161026771562717e-10
1.1858350967841602e-09
9.346137197496773e-10
6.506413741114159e-10
4.302643796805228e-10
1.1431770807757147e-10
1.3557269196162736e-10
7.248939226656148e-10
7.982893790448031e-10
4.065652259299668e-10
1.7104942462431438e-10
6.509093819495604e-10
7.046306871316688e-10
6.809930952478283e-10
1.169810692758233e-09
1.384154874051191e-10
5.821048643106508e-10
3.3174404889813047e-10
2.593746606383007e-10
9.653230437223215e-10
7.101768062511837e-10
3.2308625219634735e-10
5.934354119219165e-10
5.62812185744832e-10
8.256878514245614e-10
1.084047962507384e-09
1.5529874261566157e-11
1.0904058211913537e-10
2.1912378855848402e-10
2.704080015458743e-10
