5.189015883644288e-09
3.1279736134592895e-08
4.919615648191211e-08
7.034383742166028e-08
7.018640957312527e-08
2.8308994259873543e-08
3.23376809774345e-08
1.7883019509667974e-08
3.526471559212041e-08
1.191062093397477e-08
1.3207477778109933e-08
5.551960668981337e-08
4.7207311837382804e-08
1.7164657251100834e-08
3.672495907380835e-08
1.616623457323385e-08
3.7485158088657045e-08
6.009247499605408e-08
3.699051731587133e-08
4.2420843726631574e-08
1.2279191885511409e-08
1.4258407787792748e-08
2.2220257633875917e-08
1.794493265094843e-08
2.0895294383649343e-08
1.06426902846124e-08
4.585796276046494e-08
6.344657066392756e-08
2.5995323227334666e-08
4.7028830607587224e-08
3.382318425337871e-08
5.858119322965649e-08
6.017409504011084e-08
4.7727663599062e-08
4.7072813202930774e-08
5.077176723489174e-08
4.493763938739903e-08
4.465733027814167e-08
5.82482506672477e-08
1.465422450053211e-08
1.9137113227429836e-08
6.167744714957735e-08
1.5059713476262004e-08
6.564121690644242e-08
5.44702700722155e-08
4.883209925310439e-08
6.45037729896103e-08
4.0987341520803966e-08
5.1824503799480226e-08
1.566536234065552e-08
1.9370595794043766e-08
2.314617830734278e-09
2.954189959325504e-08
1.6403662428388088e-08
5.192538399256819e-09
5.517899737128573e-08
1.1145703915360627e-08
3.833213213511044e-08
2.9653151045749837e-08
6.391567808350374e-08
1.71512248847705e-09
3.9983138577781574e-08
3.7789455120673665e-08
8.262454720409096e-09
2.4806745102523564e-08
1.4089307498466042e-08
5.602483810207559e-08
5.256971036260438e-08
2.8537311180798497e-08
2.7193836515948533e-08
3.7586836754144315e-08
6.71657218731525e-08
6.45964632894902e-08
6.30750776053901e-08
1.1081587203420895e-08
2.8560508624764225e-08
3.7947316400277487e-08
9.80158976204848e-09
1.7421172060494428e-08
1.593047116443813e-08
6.2879421669492785e-09
4.983256474133668e-08
5.6181626462148415e-08
6.005578256917943e-08
4.877285419979671e-08
3.5915181939571994e-08
4.914154416724159e-08
2.785545483163787e-08
2.9008484503378895e-08
4.6762202998706925e-08
6.037653577095625e-08
2.0126211808246808e-08
6.531981711077606e-08
3.39751693445578e-08
2.0112439713670938e-08
6.944046049284225e-08
8.406532003846223e-08
4.597404767991975e-08
0.0
178.83216857910156
449.0479736328125
425.7597351074219
338.2496643066406
25.721921920776367
20.6527099609375
18.714725494384766
0.0
1.4710861861999547e-08
6.725525736328564e-08
6.95878270562389e-08
6.8698739141837e-08
5.8402616076591585e-09
4.93856298078299e-08
2.623409045554581e-08
2.6911132877671662e-08
6.216609005349483e-09
6.584341605275768e-08
24.61064910888672
1.1273510125420216e-07
0.0
4.774095714310533e-07
4.905503487862006e-07
194.25685119628906
406.0348205566406
1801.0728759765625
3750.7744140625
6313.904296875
6785.46142578125
7807.27685546875
6931.373046875
4746.17822265625
2090.538330078125
1325.7237548828125
620.4127807617188
121.09745025634766
2.0568971633911133
0.0
10.184446334838867
8.060657501220703
5.0477737545406853e-08
3.452810304338527e-08
1.1011965561635861e-08
1.0463345745392871e-09
5.440653438881782e-08
6.513549521969253e-08
21.079940795898438
3.7638473510742188
31.176910400390625
214.94528198242188
1094.1011962890625
2270.4052734375
5553.7080078125
13342.5087890625
20165.66015625
26085.79296875
29871.1953125
30238.255859375
28572.7265625
23270.240234375
15239.1396484375
7298.50390625
3515.075439453125
1736.76025390625
1443.8409423828125
450.8364562988281
329.456298828125
188.72335815429688
5.084699239432666e-08
3.0807793649501036e-08
3.432548112414224e-08
2.7419487125257547e-08
1.2169796725913784e-08
4.217686111473995e-08
31.176910400390625
34.484283447265625
184.66085815429688
1739.6982421875
3606.509033203125
9574.873046875
17506.458984375
26845.072265625
31614.22265625
34349.76953125
32653.861328125
35006.2421875
30882.642578125
27504.611328125
24206.189453125
14427.763671875
8191.3759765625
4461.39208984375
3113.65673828125
1600.3170166015625
1080.472900390625
426.08795166015625
2.481427863187946e-08
4.03487199207575e-08
1.810256833323365e-08
6.278352060462566e-08
6.626301285450609e-08
9.856946547870393e-08
34.75495529174805
668.357666015625
1525.823974609375
5119.08203125
10347.421875
17498.0078125
27138.505859375
33691.50390625
32151.697265625
30564.00390625
27133.689453125
25898.51953125
26270.330078125
26732.25390625
26938.44140625
21289.21484375
12454.9326171875
7671.0537109375
4073.333740234375
2453.109130859375
1053.893798828125
181.26776123046875
5.695317639720088e-08
5.514740664125384e-08
5.448531581464522e-08
3.895360833894301e-08
5.879969577904376e-08
8.978166476936167e-08
26.474700927734375
778.228759765625
1876.7120361328125
5833.83251953125
12585.1005859375
22654.76171875
31289.8671875
31397.056640625
24045.267578125
16954.08984375
13409.85546875
15143.9638671875
19714.66015625
24591.658203125
28624.16796875
23068.244140625
15179.4990234375
9633.2041015625
4139.33251953125
2103.532470703125
390.0000305175781
6.470971584320068
4.928475050292036e-08
3.0549756058206867e-09
6.911434269341044e-08
5.489958709858911e-08
4.181572776928988e-08
0.009815622121095657
46.43634796142578
752.51953125
1673.5689697265625
6205.31494140625
13243.70703125
24468.9921875
30698.060546875
26917.203125
17232.84765625
8129.0380859375
5802.64697265625
12476.21484375
19838.37109375
28148.3515625
28020.087890625
21216.01953125
14182.3994140625
9202.6806640625
3967.68798828125
1080.38818359375
523.7631225585938
4.52211856842041
6.602743241046483e-08
3.653475388887273e-08
6.716625478020433e-08
7.064249984978233e-08
2.621714934036845e-08
0.0
99.09123992919922
179.4125213623047
1045.3751220703125
6664.76220703125
13132.65625
25494.779296875
29134.9609375
24664.427734375
15347.966796875
6832.091796875
5580.60791015625
15727.080078125
26260.236328125
31497.482421875
28306.423828125
18683.41015625
11166.751953125
5629.583984375
2214.779052734375
1280.4495849609375
659.0911865234375
1.8197342157363892
5.845464201570394e-08
7.49837791857999e-09
1.4318343843910952e-08
7.085016306973557e-08
3.0270506101715e-08
0.0
53.66508102416992
124.30894470214844
1079.990966796875
4154.59375
10811.1474609375
21582.078125
29368.927734375
27017.923828125
17831.9140625
10903.94140625
15228.0224609375
25356.078125
30555.546875
29772.599609375
22018.451171875
12519.1923828125
6970.1103515625
2700.45556640625
936.8078002929688
572.00390625
596.1456298828125
186.0421905517578
1.9493226588451762e-08
3.93148731347992e-08
1.873115706985118e-08
4.25864463693415e-08
4.953384902250946e-08
0.056103285402059555
29.843990325927734
35.405426025390625
181.58175659179688
2457.511962890625
7907.7265625
18410.720703125
26129.662109375
29577.44140625
24660.888671875
22282.142578125
28321.5234375
31290.140625
29718.787109375
25530.30859375
14676.0205078125
7727.53662109375
2814.25537109375
974.3143310546875
618.841064453125
550.6070556640625
239.7865447998047
3.9815848396074216e-08
3.0321373856168066e-08
5.221833632162998e-08
4.681327681055336e-08
4.501965022996046e-08
7.066606144690013e-08
0.0968349426984787
0.1601085364818573
3.567553758621216
15.723418235778809
1250.7996826171875
4531.5498046875
12510.083984375
21759.51953125
30489.125
32300.775390625
31622.5546875
33941.17578125
31406.875
26008.078125
14950.5380859375
7421.3916015625
2441.692138671875
1313.1700439453125
482.5182800292969
465.0956726074219
67.11360931396484
8.578572163742137e-08
8.318126987205687e-08
5.144859649419686e-09
1.337876831541962e-08
2.1538316019587e-08
1.861706522277018e-08
8.264822071168965e-08
0.10844893753528595
0.1083487719297409
0.6783972978591919
12.534472465515137
404.39886474609375
1948.877685546875
7268.74853515625
17403.826171875
30047.24609375
34964.8828125
35942.44140625
32571.369140625
28166.01171875
19613.986328125
8112.42626953125
2755.8173828125
1609.2886962890625
595.9664916992188
161.49911499023438
3.6368534564971924
0.19788111746311188
7.499779997033329e-08
2.9707054594041438e-08
5.362261745744945e-08
2.054050618482961e-08
2.566803125603201e-08
6.054517598386155e-08
5.003995084962298e-08
9.201168182926267e-08
0.038248222321271896
1.5795015096664429
35.320960998535156
260.8721008300781
2338.42041015625
11172.9990234375
20341.537109375
30772.837890625
35367.52734375
34156.48046875
31221.05859375
26414.759765625
14794.5478515625
5284.23828125
2237.890380859375
675.6170654296875
12.688957214355469
0.8868415951728821
0.39848363399505615
7.369749965846495e-08
3.3062434567909804e-08
4.986621959801596e-08
4.848375212418432e-08
5.264465841037236e-08
1.916340153229612e-08
1.5085918292356837e-08
4.2824868984325803e-08
5.6583782992447595e-08
2.608607292175293
328.56280517578125
701.8576049804688
1800.955810546875
6919.7353515625
16588.208984375
26549.443359375
33009.14453125
34196.3984375
29947.529296875
30920.078125
25186.619140625
18212.27734375
7227.7001953125
2578.37060546875
337.2960510253906
72.6384506225586
38.33977127075195
1.847424755396787e-07
8.275726059991939e-08
2.373244853970391e-07
4.7066471609014116e-08
5.518368695334175e-08
5.351078513626817e-08
6.003008934385434e-08
4.501724770733517e-09
9.588090676970751e-08
4.6720023760826734e-07
613.20703125
660.3618774414062
1307.698486328125
5152.05419921875
13113.9287109375
23004.31640625
29864.576171875
30887.74609375
25996.55078125
24118.9296875
24688.689453125
26432.72265625
20181.513671875
10962.08203125
3249.978271484375
488.7711181640625
144.98023986816406
112.63880157470703
125.14361572265625
100.19059753417969
62.41258239746094
2.1152487761355587e-08
2.9335620155279685e-08
5.615347831167128e-08
3.4374083579535863e-09
0.0
2.4874199766600213e-07
8.921927587834944e-07
656.720458984375
1153.56201171875
2796.63134765625
9487.4638671875
17404.986328125
28824.109375
31342.548828125
24288.736328125
16558.6953125
16827.349609375
22272.068359375
26828.798828125
22397.240234375
12808.8349609375
5368.3291015625
935.3201904296875
299.50628662109375
215.14959716796875
189.69764709472656
156.8296661376953
61.820335388183594
1.0109812542680174e-08
0.0
4.885579230062831e-08
4.2135262390274875e-08
4.4626307982298385e-08
2.9921324085080414e-07
0.0
841.87255859375
1475.3779296875
4183.80322265625
13375.1396484375
23505.587890625
31272.16796875
27479.107421875
13288.0703125
8073.30859375
12087.2080078125
22804.138671875
28286.888671875
26361.40625
13183.5703125
5347.9306640625
2143.03564453125
602.8613891601562
520.4014892578125
140.78460693359375
133.11167907714844
5.764191612911418e-08
6.073888414448447e-08
0.0
4.5235406531674016e-08
3.008614157806733e-08
5.118027246453494e-08
1.0087211421705433e-07
146.1033935546875
1276.5499267578125
2148.48876953125
6143.03955078125
14965.6103515625
25976.3515625
30967.21484375
22156.95703125
10765.509765625
7917.4013671875
15183.9580078125
24998.9296875
29462.171875
26628.197265625
13979.4384765625
5161.984375
1391.7474365234375
760.0101928710938
316.7458190917969
32.78926086425781
39.11435317993164
10.095149993896484
7.104577548489033e-08
6.374257566221786e-08
3.989849339802731e-09
7.2244081827932405e-09
8.200259915547292e-10
7.802480439522697e-08
103.36363983154297
1164.3846435546875
2601.3447265625
7186.2763671875
14742.640625
27612.08984375
31428.576171875
26556.939453125
17550.587890625
17050.703125
22702.568359375
29910.490234375
31043.66796875
23718.041015625
12858.4765625
3065.798583984375
920.9354858398438
622.077880859375
107.3776626586914
23.91086769104004
51.8135986328125
11.280069351196289
6.725497492254817e-09
4.377339735128771e-08
3.113586544145619e-08
6.818173403644323e-08
3.894321665143252e-08
4.7408594383568925e-08
5.183996200561523
812.2108764648438
1990.129638671875
6005.59130859375
12549.662109375
24203.591796875
31320.09765625
31070.759765625
29391.283203125
29915.134765625
32173.46875
33709.20703125
28579.474609375
17004.2421875
6795.96240234375
1770.058837890625
134.1186065673828
57.14824295043945
68.66851043701172
25.183521270751953
18.211441040039062
10.184835433959961
5.215763110300031e-08
3.539246051786904e-08
7.020210546215822e-08
3.9957544828439495e-08
1.6520804280162338e-08
5.448699269550161e-08
2.3392555713653564
329.37615966796875
1250.8780517578125
4108.3056640625
8935.091796875
17237.1484375
26927.396484375
32363.296875
33649.62109375
34177.37109375
31699.623046875
27514.64453125
19915.224609375
9798.30859375
3665.750244140625
275.69830322265625
123.29850006103516
41.0654296875
20.20686912536621
4.127570605305664e-07
1.4541589621330786e-07
3.317194074980989e-09
4.2126401922359946e-08
1.2908364155350682e-08
6.609968039583691e-08
1.56735353584736e-08
4.8441211930594363e-08
2.6930871754871077e-08
7.283746050745776e-09
247.21290588378906
435.3941650390625
1277.8306884765625
4348.10546875
8244.46875
13167.9697265625
19413.595703125
23441.609375
22950.283203125
18836.873046875
13506.0908203125
8265.734375
3947.202392578125
791.886474609375
1.5716267824172974
5.990413188934326
4.461584091186523
8.083502769470215
7.060423001803429e-08
6.469196733860372e-09
4.740333281461062e-08
8.29469737340105e-09
5.950703396706558e-08
3.3736480276047587e-09
1.998480492204635e-09
1.109040059787958e-08
3.9858090161715154e-08
1.819275574632684e-08
6.570819000017991e-09
2.2041138691974993e-08
7.531928539276123
159.45562744140625
322.0556640625
378.83843994140625
1034.4794921875
1613.7276611328125
2090.265625
1362.998779296875
1720.5496826171875
1190.6943359375
7.06073777223537e-08
6.83286600633437e-08
2.3959158212960574e-08
2.9282896107929446e-08
1.1565255420009635e-08
5.099867639302147e-09
3.3981457647769275e-08
6.757986170669028e-08
2.126843234862008e-08
2.068364857166216e-08
4.086692229066102e-08
5.634826649725255e-08
8.31637514409067e-09
3.031291129218516e-08
6.052427181657549e-08
2.732564174934282e-09
3.9653251349136553e-08
2.9619062758001746e-08
4.496932604070025e-08
4.496130046049984e-08
2.8943153651539433e-08
1.7400868301820083e-08
3.168901940853175e-08
4.522075869317632e-08
2.349830552361709e-08
4.601190539688105e-08
2.376493668521107e-08
7.092422293908385e-08
2.498846463083737e-08
6.12818880085797e-08
6.998288171189415e-08
1.3575796486975378e-08
1.7362243198704164e-08
5.09866049469565e-06
1.0803672012116294e-05
3.4363743850462924e-08
3.212301535882034e-08
6.115147943575039e-09
6.873418101349671e-08
3.648804991485122e-08
6.530269214266582e-09
1.2278356997796891e-08
6.23899580887155e-08
3.302480067191027e-08
1.789197767720907e-08
7.1002929757924e-08
6.022543175276951e-08
1.1804049293573371e-08
5.2729113519944804e-08
1.094917934096884e-09
1.771153890217647e-08
3.9465820833584075e-08
1.6924579071542212e-08
5.8670419633699566e-08
3.0239724058134243e-09
2.0586853111126402e-08
6.390514784015977e-08
6.461969803694956e-08
9.839803416511472e-10
2.12173745239852e-08
4.3195804266815685e-08
5.724071172608092e-08
6.866162749474825e-08
5.970564131985157e-08
3.4813080418416575e-08
2.6944361408709483e-08
2.3153626571570385e-08
