8.44412273437456e-09
1.1679532896380351e-08
3.0154332364418224e-09
1.601248733607008e-08
6.6458736291963305e-09
3.5555669519737876e-09
1.6839825534020747e-08
2.37033521699459e-08
2.2547286704366343e-08
7.398855750295752e-09
1.896321322192307e-08
1.1395858479090748e-08
2.2272354627261848e-08
6.3747496170663e-09
2.047345404321277e-08
7.466411933165773e-10
9.582048932088583e-09
4.4098016904747794e-10
4.982739998382613e-09
1.7407737473718043e-08
1.5263518449160074e-08
2.2824499623652628e-08
1.4868413167334893e-08
2.3778456537115744e-08
1.9727710576233903e-09
2.1767426972019166e-08
1.0949361417544878e-08
7.675681423791048e-09
1.0269749495250835e-08
8.621274361075848e-09
1.1948478650936067e-08
4.2505936548309364e-09
1.1168793001559152e-08
9.904583819775326e-10
2.3968578233279914e-08
8.204138701728425e-09
1.0714053644278465e-08
1.7604701696427583e-08
2.3748309985194282e-08
1.1330030247336254e-08
5.2605573230835034e-09
2.382733832462236e-08
5.934071012347886e-09
3.685148630694357e-09
7.121756073757979e-09
1.284643857957235e-08
9.936129252707815e-09
2.1586128440276298e-08
7.219940645342149e-09
1.177872999136298e-08
7.492497289263156e-09
1.8654688904717887e-09
2.1621984203079592e-08
1.3625334638334152e-08
2.2557328449579472e-08
1.6411082270906263e-08
8.980195254082446e-09
1.8580772476184393e-09
8.627050185339158e-09
2.3792649628262552e-08
2.1971523267438897e-08
4.932982466954172e-09
2.0674775669249357e-08
1.751650913206504e-08
1.3934042364383004e-08
0.009913689456880093
140.8205108642578
169.27557373046875
121.7578353881836
1.231331125950419e-08
1.7547796105077396e-08
1.3315937241742404e-09
1.5398628150364857e-08
2.3048631447863954e-08
1.650086289828323e-08
2.161541168277381e-08
3.4363394352254772e-09
1.3431006529174283e-08
1.7263380058807343e-08
1.6246247014350956e-08
1.2335714671962705e-08
3.5884588633905423e-09
2.62045052323856e-09
1.8163362369705283e-08
1.4244016632858347e-08
1.5321216295660633e-08
5.036479233666569e-09
2.2365561846982018e-08
2.046136948763433e-08
1.3489507288966252e-08
0.0005056574591435492
0.28629469871520996
1.9521721601486206
1.869349479675293
157.70343017578125
241.9838104248047
793.4872436523438
667.2498779296875
640.9369506835938
579.2620239257812
184.52987670898438
283.4928894042969
282.5641784667969
64.05541229248047
60.20709991455078
55.290550231933594
87.24505615234375
5.168495853524746e-09
9.727400218650928e-09
4.377121332055367e-09
4.560825495047993e-09
1.530132287541619e-08
1.3966725553871129e-08
5.817165860122486e-09
1.5167197275900435e-08
2.273569954525101e-08
0.044080477207899094
298.1768493652344
2622.271728515625
3225.03564453125
4513.85791015625
6169.1796875
7029.8271484375
7712.63232421875
8879.4140625
8681.9140625
8236.9189453125
7451.01416015625
6480.41357421875
4947.9013671875
3574.15966796875
2448.457763671875
1357.39794921875
530.2078247070312
204.5996856689453
1.0626018047332764
0.0
1.610077582370195e-08
1.587965492433341e-08
9.508309695149819e-09
1.0025226870880033e-08
1.9995013644802384e-08
1.2893539569347467e-08
237.39244079589844
544.7147827148438
2483.16259765625
7997.91455078125
12201.642578125
17539.888671875
21122.673828125
23271.376953125
24486.228515625
25336.94921875
25087.431640625
23804.033203125
22181.076171875
17061.22265625
13491.9208984375
7666.533203125
4967.72998046875
3408.332275390625
2556.67822265625
796.6527709960938
29.89990997314453
0.05791609361767769
1.3925056663310897e-08
1.762743018218771e-08
1.3794378972420418e-08
9.193617422909028e-09
1.6264880997596265e-08
200.38491821289062
595.1215209960938
1453.068603515625
6786.806640625
15821.48828125
21165.20703125
26881.685546875
27948.814453125
28324.11328125
30002.3671875
30038.80078125
29327.13671875
28110.44921875
26226.755859375
22309.30078125
19935.052734375
12748.9443359375
7639.423828125
4826.92626953125
2525.07470703125
1619.29052734375
133.34706115722656
9.883115768432617
1.4046032674741582e-06
6.114200257201219e-09
1.950241390602514e-08
2.314022573557395e-08
6.034499289153672e-11
278.76361083984375
655.0271606445312
4085.156005859375
9020.1259765625
19479.8984375
24279.16015625
28667.68359375
27788.3203125
25141.44140625
23763.345703125
23304.73828125
23592.912109375
22469.236328125
21932.58203125
21933.298828125
18921.689453125
13299.0185546875
8006.14794921875
4078.0126953125
1602.7293701171875
1010.469482421875
123.41123962402344
0.26225119829177856
9.816120360994773e-09
1.80746315692204e-08
1.740845867459484e-08
2.1545378814380456e-08
1.4683803506443383e-08
230.55511474609375
1120.608642578125
3364.308837890625
10250.029296875
18967.755859375
24933.669921875
25245.466796875
18869.9609375
14158.3623046875
11335.0361328125
12166.9951171875
12972.4560546875
13375.0322265625
16903.85546875
16793.31640625
16446.361328125
12218.9375
6977.4990234375
2007.6907958984375
1417.2994384765625
792.6417236328125
0.12735974788665771
0.15225231647491455
1.7888883263594835e-08
1.1261969135034633e-08
1.4412459670154476e-08
2.2761682316740917e-08
1.5074807180326388e-08
0.00011359465861460194
457.2047119140625
2517.352783203125
7688.37890625
16880.44921875
21810.916015625
18993.03515625
12761.6650390625
7783.92333984375
4787.19775390625
6424.00830078125
8863.169921875
11805.4267578125
13286.126953125
13587.9814453125
12235.7236328125
9098.8671875
4287.52099609375
1700.4063720703125
306.8953857421875
18.180545806884766
0.0035690232180058956
0.004480373580008745
1.1343269790131671e-07
3.5067413417522175e-09
1.7118399142646012e-08
1.901155322059367e-08
8.564879472316989e-09
1.76864549672473e-08
68.86653900146484
1517.5472412109375
6147.05224609375
15667.2080078125
17995.27734375
17015.9765625
12001.69140625
7355.94970703125
9323.6318359375
11662.341796875
16891.61328125
18311.298828125
18853.673828125
17479.947265625
14421.9521484375
9683.017578125
6193.55126953125
1991.070556640625
848.7869873046875
2.5333774089813232
7.416996794518127e-08
4.8863796564546647e-08
8.979836430000887e-09
3.4988163477578382e-09
1.841823760173611e-08
7.541498092678012e-09
1.1966789337236605e-08
5.192544727528059e-10
2.535212993621826
1576.669921875
6740.548828125
13451.66015625
18596.1015625
16475.02734375
15730.71875
16518.185546875
19962.1875
23099.025390625
25417.5234375
25694.01171875
25927.78515625
24424.22265625
20567.365234375
17769.650390625
14219.70703125
6497.1845703125
2098.610595703125
138.9195098876953
22.77692413330078
15.148988723754883
2.3037863283725812e-10
2.738038018534894e-09
2.290215483924385e-08
1.5749719750601798e-08
1.2874445509680754e-08
1.5882445580928106e-08
7.008336067199707
1466.7869873046875
4922.94384765625
10102.0693359375
16632.734375
18940.25
21876.06640625
26991.384765625
27797.646484375
28057.505859375
26807.53125
27551.58984375
26392.326171875
26207.953125
25802.779296875
24154.576171875
21550.447265625
16067.9013671875
8254.28515625
2450.486328125
159.67214965820312
37.18781280517578
29.641525268554688
7.31122096198078e-09
1.5026181188204646e-08
9.863278194188752e-09
7.38876071437744e-09
9.935070544031532e-09
9.831390380859375
1530.7625732421875
3702.12548828125
9873.8837890625
15039.8828125
19893.24609375
24166.986328125
25194.212890625
23910.853515625
23372.732421875
22794.3828125
21886.83203125
20363.22265625
20078.744140625
24453.2578125
24399.732421875
25842.587890625
22709.810546875
15000.994140625
7298.99169921875
1111.8870849609375
80.632080078125
38.52207565307617
1.3366171502937618e-09
1.613397948574402e-08
1.2138349880785881e-08
1.9898924730199496e-09
1.5855729174063526e-08
11.068339347839355
2160.50732421875
3935.92236328125
6872.0361328125
12280.6416015625
16687.173828125
16009.9189453125
16478.90234375
16753.134765625
14605.3896484375
12332.619140625
11167.099609375
10374.0048828125
11276.2294921875
13666.205078125
21077.67578125
22719.234375
26169.0078125
24904.134765625
13932.404296875
5207.39697265625
419.1158752441406
70.76737976074219
136.46881103515625
2.359140083285638e-08
1.9241866766606108e-08
1.1830965540582383e-08
8.673828766347924e-09
2.804966926574707
2014.477783203125
3176.781005859375
4358.49462890625
6889.1318359375
9188.9384765625
10299.98046875
9004.888671875
6572.46923828125
6620.681640625
5755.78369140625
4076.374267578125
4415.5029296875
5812.75
6191.7919921875
12214.6943359375
19574.431640625
24707.810546875
27670.25
22557.125
8980.2490234375
1866.9893798828125
187.6630859375
68.72306060791016
1.5845152745441737e-08
2.015771549679357e-08
8.366435322315624e-10
9.115075805254946e-09
0.1897743046283722
890.3285522460938
2507.3447265625
3053.478759765625
4742.603515625
5425.7236328125
5439.9580078125
5377.490234375
3623.900146484375
2500.302490234375
1187.080078125
870.8314819335938
1274.2144775390625
1890.101806640625
2220.661376953125
3103.780029296875
11180.6103515625
22202.5234375
28307.787109375
26486.42578125
12707.107421875
3739.641845703125
173.9311065673828
0.0
1.8431570936172648e-08
6.417860465290914e-09
2.0374312015292162e-08
1.5930487151649686e-08
327.87701416015625
807.5303955078125
952.22802734375
1793.2701416015625
3172.57763671875
4596.10791015625
5332.19775390625
4488.97265625
3776.85693359375
2048.0537109375
1000.0770263671875
137.5365447998047
14.321096420288086
7.192377090454102
199.0823211669922
1791.7666015625
7681.88232421875
17133.92578125
26532.068359375
28539.0234375
18119.439453125
4450.26123046875
114.55699920654297
5.961674487409141e-10
1.373984748198609e-08
1.760657397653631e-08
1.2396585091778434e-08
1.6019898296804058e-08
318.8934631347656
1219.57861328125
1969.954833984375
2295.885986328125
5180.03662109375
7671.19384765625
7469.0439453125
6306.07666015625
4518.05908203125
2088.619873046875
886.6219482421875
194.36009216308594
30.588102340698242
12.250059127807617
452.9289855957031
2259.202392578125
6829.65966796875
18573.048828125
27393.419921875
29569.59765625
17141.81640625
4667.78515625
89.98490905761719
1.1690035606193305e-08
2.0146977419699397e-08
1.787663173047349e-08
6.498355187289917e-09
2.193389647686672e-08
1.1426067352294922
1243.025390625
2623.66748046875
4901.18310546875
7323.07763671875
9717.45703125
12840.3369140625
11525.22265625
9179.4306640625
4664.77392578125
2524.567626953125
2593.982177734375
2333.050048828125
3178.072998046875
3366.17138671875
6432.46142578125
13403.869140625
23776.166015625
28262.73046875
28483.134765625
15283.6376953125
3336.18408203125
100.9494857788086
1.455204179379166e-09
6.703443355959848e-10
2.3361982570690998e-08
1.6069332531287728e-08
3.6360130462043116e-09
7.346287844711696e-08
1267.2052001953125
3339.27587890625
5429.94091796875
8942.2451171875
13609.876953125
18145.462890625
19388.169921875
17312.52734375
14181.1396484375
10873.078125
8187.08935546875
7883.34521484375
8890.12890625
11935.1865234375
17882.1796875
24641.5625
27113.244140625
29264.076171875
21755.75
11484.5439453125
2003.1295166015625
64.23665618896484
7.440614790965583e-09
2.3891896461236684e-08
1.5511485429442473e-08
2.028919254826178e-08
1.8120077882599617e-08
0.00024899354320950806
600.1085205078125
3004.14990234375
6052.15087890625
10682.552734375
15622.126953125
20057.439453125
23445.2109375
24826.1015625
24796.466796875
22624.193359375
21847.017578125
21018.59375
23380.99609375
24992.384765625
27153.763671875
29006.85546875
29903.291015625
25621.0390625
13828.7998046875
5023.091796875
406.1697082519531
3.3594757531396624e-10
1.3549799504630755e-08
1.8174183269437094e-09
2.6160213995041204e-09
4.32448077347658e-09
0.13700661063194275
0.04621698334813118
104.028564453125
1812.0897216796875
3981.605224609375
7663.42529296875
12101.8369140625
18159.353515625
22131.419921875
27398.7265625
28730.658203125
30157.701171875
29694.33203125
29665.78125
30715.49609375
30790.052734375
30202.232421875
28833.3671875
22563.947265625
13531.8232421875
5229.94970703125
1084.6339111328125
30.83633041381836
2.2188455517380135e-08
1.8191139261602984e-08
1.188787290828941e-08
5.124119351052059e-09
6.504409455487803e-09
0.1004985123872757
0.18218860030174255
84.60775756835938
127.25129699707031
2133.9560546875
4487.62255859375
7054.90185546875
10801.04296875
14659.595703125
18890.919921875
23616.685546875
27214.13671875
28139.49609375
27899.50390625
27340.431640625
25834.986328125
22118.6875
16922.94921875
8796.998046875
4748.4150390625
1516.0462646484375
84.94502258300781
1.6339957653599413e-07
2.812489796610862e-08
2.0964387559274655e-08
7.2491865843460346e-09
1.7770350524415335e-08
1.6008419478907854e-08
6.4900227414455e-09
4.208307036179804e-09
0.1989934742450714
51.703956604003906
62.109066009521484
627.625
1365.750244140625
3143.518310546875
4959.97998046875
6649.6708984375
7797.255859375
9365.708984375
9791.3798828125
9995.8173828125
9426.0380859375
7259.52978515625
5066.14306640625
3850.846435546875
2739.94091796875
635.1581420898438
86.70746612548828
1.472940311941784e-07
1.4256316660521406e-07
4.082922444581527e-08
4.55150539480087e-09
1.1723633619453722e-08
2.204686211371154e-08
1.7553997366803742e-08
3.1808564115998195e-10
1.8812638558074468e-08
2.2330117754876255e-09
2.0889009633151545e-08
9.108827470072356e-09
5.5412026078727195e-09
3.151444216697996e-09
0.0001378187444061041
0.0
0.2700624465942383
6.23310661315918
6.4548139572143555
52.92960739135742
99.58170318603516
132.80873107910156
125.89588165283203
77.54452514648438
5.564059257507324
2.7949218051048774e-08
2.175403118133545
4.867828369140625
4.324636648789237e-09
9.350166196853138e-10
1.4897792333101734e-08
2.3609030286309007e-09
1.8397983581053268e-08
2.2923019038501025e-09
1.4513879875721614e-08
8.234802173490152e-09
1.8332652729213805e-08
1.1122994081347315e-08
1.5502974903824907e-08
1.5779852091668545e-08
1.1272251576599501e-08
5.860907315025088e-09
1.3154566325113137e-08
2.172701130120913e-08
1.4165033590529674e-08
2.165075230209368e-08
1.62351039278974e-08
5.301493022358272e-09
1.549191352978596e-08
0.00010218456736765802
0.00013037740427535027
0.00014821426884736866
3.6186153010930866e-05
4.594419511505521e-09
5.52004337310791
2.3134989738464355
2.291251455233123e-08
1.2040661800938324e-08
2.006948607302661e-09
8.770420834025572e-09
1.9950139318325455e-09
2.116652186856527e-09
5.478404396797032e-09
1.723794262886713e-08
1.8651643785005945e-08
1.3432651435607568e-08
1.736465549129207e-08
1.6226755050752217e-08
2.2907947538897133e-08
1.8013198044286582e-08
1.947095817911304e-08
1.276898853319608e-08
2.150792788313538e-08
1.4204653453475657e-08
3.2497884383531073e-09
1.4354955446549411e-08
2.203312643445088e-09
1.6515064871214236e-08
2.046124825128004e-09
6.6041532242877565e-09
1.0266496985877893e-08
1.7197059776208334e-08
2.3141668137327542e-08
2.2858827719574037e-08
1.615720712777602e-08
7.567881432635204e-09
1.5309575829292044e-08
4.310278800545575e-09
2.348456540346433e-08
