1.9342429879998235e-07
2.0078604734408145e-07
2.6725277280092996e-07
1.7882851466310967e-07
1.2539756255591783e-07
1.0175468467821247e-08
1.2809549332359893e-07
2.2563112622719927e-07
1.605530712822656e-07
2.430796826047299e-07
3.9839253673790154e-08
9.611020601596465e-08
1.4049106766833575e-08
7.56516982391986e-09
1.948075691871054e-07
1.754509213469646e-07
2.1631171875924338e-07
1.224247654363353e-07
1.3194416226269823e-07
1.2609215005454644e-08
2.4684265298446917e-08
9.317022886534687e-08
1.0217544144097701e-08
7.50614645994574e-08
4.38996616836107e-09
2.3935950821396546e-07
1.9555383801161952e-07
9.928337618703154e-08
2.883881400350674e-08
2.230454043683494e-07
9.73990594843599e-08
5.166547722978976e-08
7.126855905426055e-08
5.539079950267478e-08
1.3584887881279428e-07
9.504936571147482e-08
2.087143258222568e-07
1.6207843600568594e-07
3.894579325702807e-09
1.424287745521724e-07
2.3130255044634396e-07
3.498784337807592e-07
6.662502869403397e-07
6.770803224753763e-07
4.611279962318804e-07
2.4003554699447704e-07
5.9546795938558716e-08
1.4945149473533093e-07
3.676313653500074e-08
2.708680710838962e-07
1.7655310102782096e-07
4.128057895513848e-08
9.384950772073353e-08
1.213269484878765e-07
3.502050915926702e-08
3.673723014685493e-08
2.1931154492449423e-07
1.8336487528358703e-07
1.8011365909842425e-07
1.2388282755182445e-07
6.627481496934706e-08
2.5240157697226095e-07
1.91777132840798e-07
2.642298682076216e-07
1.1947503253395553e-07
1.0064861299952099e-07
2.4937645548561704e-07
2.43196637939036e-07
8.008741474441194e-07
1.1892501561305835e-06
1.2084905165465898e-06
1.2643597528949613e-06
1.525707602922921e-06
1.736086119308311e-06
1.0862838735192781e-06
2.9501671860998613e-07
1.5063385205849045e-07
1.4061185993341496e-07
2.58371471772989e-07
1.0984831710914023e-08
2.7754941456237248e-08
1.630862129786692e-07
2.2616934813868284e-07
1.2396661475122528e-07
5.744697517684472e-08
1.0134912287185216e-07
2.205196665272524e-07
5.8025008797812916e-08
8.908018322983935e-09
7.536207391467542e-08
2.510794558929774e-07
2.5582022544767824e-07
6.179431721875517e-08
1.9693436570378253e-07
6.497479603240208e-07
1.070359530785936e-06
2.445814970997162e-06
3.418755113671068e-06
4.050814823131077e-06
5.29408407601295e-06
5.29344788446906e-06
1.819255339796655e-05
2.1388832465163432e-05
1.3681404197996017e-05
0.7294361591339111
0.633431613445282
0.20677369832992554
3.046434926545771e-08
2.6685023613026715e-07
6.801529650601879e-08
1.7267939256271347e-07
1.669101123979999e-07
2.1181529064051574e-07
6.639368166361237e-08
5.494874244504899e-08
1.7792750384160172e-07
1.2431688389824558e-07
2.719199017064966e-07
2.4401742848567665e-08
1.282617745346215e-07
1.9671340112381586e-07
5.973486167931696e-07
0.01733292266726494
0.03945871442556381
17.461999893188477
18.166549682617188
20.93110466003418
15.688791275024414
10.061159133911133
42.8089599609375
88.18191528320312
192.6066436767578
322.6811828613281
155.1027374267578
129.58187866210938
218.57223510742188
4.086548805236816
3.720754861831665
5.753212928771973
2.5302554718109604e-07
2.3534022375315544e-07
4.5725833786036674e-08
2.245417221047319e-07
72.07757568359375
31.297868728637695
6.967355403730835e-08
1.7694532061796053e-07
4.610662429627155e-08
0.8367214798927307
143.4508819580078
439.6064147949219
357.93463134765625
401.2530517578125
2011.4058837890625
2347.745849609375
2782.1171875
2100.407958984375
2430.284912109375
2792.423095703125
3539.428466796875
3031.15478515625
2931.727294921875
3891.576171875
4000.710205078125
2565.5830078125
654.8521118164062
4.218405723571777
9.627341768236874e-08
5.4105765201484246e-08
3.1141212275542784e-08
7.734504237077999e-08
118.8393325805664
132.09219360351562
476.1484069824219
462.9463806152344
685.4855346679688
1054.26318359375
2151.8447265625
2309.664794921875
3659.911865234375
6444.6083984375
8342.5712890625
11497.4658203125
12766.51171875
15171.44921875
16818.78125
18711.47265625
17740.513671875
15294.4677734375
13420.64453125
11448.689453125
9237.826171875
3611.776123046875
1034.8836669921875
185.42918395996094
1.442962371811518e-07
1.4596124309207426e-08
2.13777866520104e-08
4.490628313646994e-08
0.0048070028424263
323.04107666015625
1249.6624755859375
1392.16748046875
2447.45654296875
3222.82080078125
5122.63134765625
5745.48876953125
9208.3974609375
15118.21484375
19166.16796875
23786.296875
27322.103515625
27491.44921875
26768.046875
28653.478515625
28640.8125
30177.4140625
25157.5625
20501.6015625
12398.080078125
4384.3408203125
851.0393676757812
199.82012939453125
1.6812970216051326e-07
6.789517925653854e-08
9.492415387057918e-08
1.060985184153651e-07
0.00958670862019062
433.2861022949219
1101.68603515625
1411.6204833984375
3235.12841796875
4107.509765625
6591.99560546875
11579.380859375
17040.8125
25228.42578125
32747.5859375
34020.1015625
29996.076171875
27334.345703125
26537.79296875
27178.6015625
29852.8515625
32522.771484375
29821.9609375
23705.71484375
12248.4462890625
5763.927734375
968.489501953125
582.2380981445312
6.426309795415364e-08
2.463130499563704e-07
2.4626805839034205e-07
6.63230395048231e-08
1.9722398292287835e-07
1.9825034141540527
557.1273803710938
1401.5662841796875
2981.58447265625
5706.58154296875
11409.671875
16914.650390625
26259.1796875
34439.53125
35082.7421875
30573.955078125
23606.8125
20027.369140625
18797.81640625
22540.1015625
27321.0
30651.12109375
29030.25
20829.162109375
11758.9072265625
5133.0478515625
1359.6890869140625
1166.1607666015625
41.603736877441406
8.187215350119459e-09
2.7276678338239435e-07
1.3225812267592119e-07
0.0
113.64456939697266
242.83697509765625
1275.9981689453125
3728.215087890625
8462.6787109375
15702.369140625
23935.27734375
31135.587890625
31736.869140625
27331.423828125
19110.6640625
12979.0380859375
12528.072265625
15601.90234375
24004.759765625
31046.921875
33228.43359375
27020.580078125
15876.0048828125
8036.216796875
3653.759033203125
1894.9876708984375
968.4035034179688
37.35352325439453
1.0135072159300762e-07
1.7640894611758995e-07
0.08921626210212708
393.876220703125
28.10434913635254
452.715576171875
2067.624267578125
4803.34326171875
10044.009765625
20353.328125
27927.23828125
29599.0
27171.7109375
17456.388671875
9077.349609375
8566.994140625
11598.4716796875
21093.64453125
32984.2421875
36928.6328125
32010.494140625
21129.62890625
11664.6787109375
4324.03662109375
2991.3876953125
1183.5645751953125
0.00012481160229071975
4.5723080432935603e-08
2.542961112794728e-07
4.764511274402139e-08
0.09265142679214478
0.07933313399553299
0.05690743029117584
594.3517456054688
3125.23388671875
7159.91748046875
14759.064453125
23430.44140625
28155.423828125
26385.359375
20404.6171875
12973.1796875
11057.263671875
13743.2373046875
22505.494140625
34531.9765625
36832.44921875
36415.86328125
24403.681640625
16453.2890625
6789.72509765625
2377.1669921875
895.282958984375
433.99365234375
2.998431409650948e-05
1.5645414919163159e-07
8.838767939778336e-08
1.2784757075223752e-07
4.314014034889624e-08
0.012299331836402416
1.681534767150879
1098.242919921875
3767.180419921875
8668.623046875
16117.9931640625
23851.07421875
26745.701171875
23863.61328125
18926.640625
17669.5859375
19014.21875
25918.3359375
36284.92578125
38545.26171875
37345.15625
29850.14453125
17925.94140625
7697.08056640625
3346.43505859375
1151.2547607421875
327.2419128417969
19.979387283325195
0.13416288793087006
8.453626776372403e-08
1.6523087253972335e-07
7.366669763086975e-08
2.3782378377745772e-07
0.014154411852359772
0.03903083875775337
704.3414306640625
3480.417724609375
7243.11376953125
14343.8388671875
21210.16796875
23051.33203125
22638.37109375
21260.7734375
23352.521484375
27520.5390625
36567.33984375
38251.4140625
37532.12890625
29910.546875
17279.8828125
7339.19677734375
3844.19677734375
1866.695068359375
1115.642822265625
338.1065979003906
280.1712951660156
0.24628151953220367
1.1537251509707858e-07
2.0280406687334107e-08
2.3058726128510898e-07
0.0078103854320943356
1.927440962390392e-07
158.22686767578125
592.8783569335938
2638.57080078125
6436.927734375
10219.306640625
14863.67578125
16989.3125
17708.84375
22067.587890625
26362.701171875
33322.65625
37834.84765625
36924.30078125
30239.95703125
17193.544921875
7147.4140625
3874.310546875
1894.45703125
1386.6636962890625
733.4356079101562
366.40899658203125
355.1473693847656
49.48646545410156
2.704231860661821e-07
2.602658071282349e-07
1.66242372756642e-07
0.0018401829292997718
8.859507943270728e-06
187.11880493164062
457.28692626953125
2351.850341796875
4499.0380859375
7504.8369140625
10078.7685546875
11462.5556640625
15875.2275390625
21223.029296875
29981.162109375
37560.0625
36984.00390625
30337.8828125
17322.82421875
7613.43994140625
2961.49462890625
1400.51171875
1205.149169921875
1102.51513671875
714.34326171875
691.822998046875
38.095123291015625
0.5281590819358826
1.1859603432640142e-07
7.16020451818622e-08
1.6299034655276046e-07
1.7012007447192445e-07
10.289606094360352
284.32965087890625
359.0068359375
1047.958251953125
2780.322021484375
5916.81982421875
6827.12451171875
9687.1650390625
16852.294921875
27223.830078125
36504.859375
39263.7890625
31492.529296875
19497.14453125
6446.46923828125
3131.15185546875
1756.8092041015625
1293.2479248046875
600.6092529296875
175.18116760253906
233.5630645751953
733.6514282226562
119.43016815185547
3.619111055286339e-08
3.770275114334254e-08
1.2707072016837628e-07
2.1226547630703863e-07
8.94032865517147e-08
29.079166412353516
119.44051361083984
262.4481506347656
788.5746459960938
2383.8408203125
4364.7900390625
7946.67822265625
12413.1884765625
23547.62890625
35325.59375
38442.60546875
34882.96484375
22722.673828125
8063.28515625
2162.214111328125
842.1011962890625
815.59912109375
361.6742248535156
159.45359802246094
160.8481903076172
288.3268127441406
427.43389892578125
85.8517074584961
1.2841225327520078e-07
6.154554643700294e-09
2.0621077112537023e-07
1.3728207193253184e-07
0.012912623584270477
41.28778076171875
281.5103759765625
709.7692260742188
738.2918701171875
3494.698974609375
5440.978515625
11261.353515625
19202.369140625
33053.59375
38727.01953125
37638.48046875
26241.03515625
10090.2138671875
2332.70068359375
517.4020385742188
550.4153442382812
872.4381103515625
488.6153259277344
168.32501220703125
50.61246109008789
187.30108642578125
145.87274169921875
112.55010223388672
2.1123868521044642e-07
1.0786805404450206e-07
1.6825282500576577e-07
1.3279258581633258e-08
1.0086684909538235e-07
50.67116165161133
300.0990905761719
940.5498657226562
1379.16064453125
5173.59130859375
8678.142578125
18876.54296875
30989.857421875
37357.50390625
37680.3046875
30408.0703125
13094.056640625
3617.510009765625
1851.57958984375
675.5051879882812
543.7124633789062
931.4302368164062
455.4077453613281
374.8623046875
18.14592170715332
187.56735229492188
126.79589080810547
64.9357681274414
4.908199002784386e-08
3.202677945068899e-08
2.0560712243877788e-07
2.0142255152677535e-07
2.034941104511745e-07
35.50012969970703
248.61488342285156
1869.497802734375
3376.00634765625
7586.22119140625
15375.5693359375
27870.431640625
38435.9453125
38740.33984375
30973.908203125
17264.830078125
4624.1259765625
2175.96875
1174.8968505859375
337.8592529296875
636.2827758789062
930.0674438476562
463.75115966796875
414.7332763671875
468.18353271484375
256.7624206542969
110.53317260742188
1.0497915070573072e-07
6.125523555056134e-08
8.719300836901311e-08
2.086759991470899e-07
1.268301161871932e-07
1.394990221115222e-07
93.4216537475586
720.1461181640625
2731.07666015625
4701.74853515625
11314.576171875
24659.6484375
36450.71875
37972.75
32081.361328125
19281.853515625
7553.25
3120.300537109375
2074.75341796875
926.8209838867188
768.6836547851562
774.3380737304688
429.4845275878906
383.0611877441406
299.24957275390625
648.7578735351562
181.30572509765625
91.07757568359375
1.607664046332502e-07
7.761813236584203e-08
1.5108842887912033e-07
1.6772547439813934e-07
9.769976827556093e-09
2.3738982335430592e-08
75.76732635498047
739.7656860351562
2670.121826171875
7415.115234375
17054.248046875
30052.703125
36640.19140625
31777.1171875
22604.521484375
11343.623046875
5224.22509765625
2009.76025390625
1186.99267578125
1041.366455078125
904.4749145507812
865.3888549804688
333.6416015625
0.02969410829246044
1.1011346578598022
220.46270751953125
297.034423828125
113.03887939453125
2.41740963247139e-07
1.6894078669338342e-07
5.821493331836791e-08
1.2674330207573803e-07
2.576168078860519e-08
2.7036929850510205e-07
5.281475067138672
571.4067993164062
3037.504150390625
8447.9580078125
18994.904296875
26858.58984375
32142.59765625
23107.90625
13094.9501953125
5732.09619140625
2170.034423828125
1285.299072265625
739.6624755859375
823.3880004882812
924.330322265625
737.1046752929688
448.0466003417969
0.026932330802083015
1.8124492168426514
1.1175447702407837
220.16397094726562
1.2170630725449882e-07
1.6941287128702243e-07
2.267570238245753e-07
2.7459535090201825e-07
9.763969188725241e-09
2.4849560986694996e-07
2.4634717377125526e-08
3.7215654850006104
356.6235656738281
2553.99609375
7503.00537109375
15465.31640625
19499.4609375
17029.42578125
10743.9052734375
5233.0673828125
1842.6541748046875
935.9140625
552.6754150390625
302.6640625
647.0724487304688
422.35369873046875
199.48731994628906
0.07580062001943588
0.02433015964925289
0.027393365278840065
0.0006989868707023561
132.783935546875
0.0
2.4162554268514214e-07
2.0100729614114243e-07
6.730422796863422e-08
2.511583545583562e-07
1.9740912904353536e-08
2.729644563714828e-07
2.639033317565918
400.2439880371094
1223.828857421875
2559.945068359375
3874.7841796875
5070.30859375
4052.666259765625
1380.121826171875
906.1355590820312
57.940975189208984
162.7801055908203
207.59535217285156
252.2764129638672
173.80538940429688
1.1469824556797903e-07
0.05326198413968086
0.029225457459688187
1.232473891832342e-07
1.2651319991618948e-07
2.614455354432721e-07
85.61282348632812
1.9680544482980622e-07
0.08419571071863174
2.0633575559259043e-07
8.728422784543e-08
1.3218496519584733e-07
1.445752584317006e-08
2.3433362628111354e-07
2.5442474793635483e-07
0.00027054944075644016
0.0002788507263176143
0.06393731385469437
0.07098783552646637
0.03768555819988251
48.463348388671875
41.075157165527344
1.8071419560783397e-07
9.038730652832783e-09
1.4979606532961043e-07
1.093964883125409e-07
2.675466248547309e-07
2.4703302869966137e-07
0.05166573449969292
0.04600454494357109
1.235407438571201e-07
2.3818644478978968e-07
1.9107383764094266e-07
3.5507628837194716e-08
2.6026119925859348e-08
1.0154244023397041e-07
2.3514525082646287e-07
1.3754549854638753e-07
8.445287846825522e-08
