2.6702404731793195e-09
6.66137422999924e-10
8.857873878831413e-10
1.036690955302788e-09
2.326213444092673e-09
7.729429318814596e-10
8.804483253577189e-10
3.96941679525753e-09
1.6339835040568573e-09
2.566323153985195e-09
3.5021410216273807e-09
1.0095461133730055e-09
1.078196754100702e-09
3.0641018611277104e-09
3.273552318105999e-09
1.7962058507237089e-09
2.995196535238165e-09
2.3698225604107392e-09
2.4272635013034005e-09
3.903237733027254e-09
9.523145605427885e-10
1.6333262520262792e-09
2.91179058642399e-09
6.365326599144794e-10
1.4148500149246956e-09
8.111714633329825e-10
1.8719112926390835e-09
3.3730791493269408e-09
1.1588608961332625e-09
1.7277537178728153e-09
3.1767461994292034e-09
9.220586100200379e-11
2.212363847675647e-09
3.2958793472204206e-09
145.323974609375
129.62562561035156
123.01134490966797
0.0
54.842769622802734
203.4045867919922
259.9237976074219
414.2022399902344
298.87725830078125
477.5062561035156
593.8046264648438
298.1632995605469
234.77442932128906
5.568326950073242
3.1771809627656467e-09
3.5420260058316444e-09
0.34608951210975647
0.27707287669181824
1.0513668824430056e-09
1.9543029416979607e-09
5.1546336643504276e-11
3.5238107987112244e-09
2.590912151489988e-09
3.8645899813616325e-09
16.566974639892578
3.6840457351416944e-09
0.0
2.5991262475599797e-09
0.0
144.25967407226562
151.40081787109375
104.11054992675781
310.02392578125
2347.369140625
6712.8037109375
11841.5791015625
15561.1318359375
11877.7587890625
6274.603515625
4261.16650390625
2145.772216796875
993.5441284179688
389.8754577636719
70.8376235961914
0.5271735191345215
0.22949357330799103
3.18264992138495e-09
9.573563053422163e-10
1.9795499961450247e-10
1.7144419217629547e-09
4.699262090568368e-10
4.08057321266142e-09
53.250240325927734
8.193875022932673e-10
0.4774538278579712
3.603183884592909e-08
28.5971736907959
100.63533782958984
272.37249755859375
551.5775146484375
2458.393310546875
6750.94091796875
15579.5087890625
21067.6328125
23784.546875
21753.37890625
14347.853515625
8389.8671875
5135.84716796875
3610.962158203125
1115.1644287109375
539.3801879882812
0.935643196105957
0.024429434910416603
0.03603115305304527
1.9788271021781156e-09
2.3906880919355444e-09
3.735065590149134e-09
4.129555808418672e-09
4.138071663106757e-09
3.2271407768291738e-09
1.983858632925717e-09
7.703804261183222e-10
0.0014551186468452215
1.9911433458328247
108.20885467529297
368.8215026855469
1577.3665771484375
4519.8779296875
12238.9111328125
21692.630859375
28348.830078125
27409.724609375
22356.34375
13678.7939453125
7854.61962890625
4792.67333984375
2780.7392578125
1434.296142578125
284.135498046875
43.55381393432617
0.41568833589553833
0.03982088342308998
3.677892435050012e-09
1.164661589392324e-09
2.8467959101163842e-09
2.056070647071806e-09
3.7042513501006624e-09
2.6934174890413942e-09
3.5150620192325732e-09
13.641345977783203
7.71223783493042
0.0022686272859573364
127.78002166748047
709.4696655273438
2031.926513671875
8804.525390625
18063.435546875
28930.197265625
30829.21875
25184.947265625
16102.8759765625
8500.5693359375
4575.60009765625
2641.404296875
1971.8695068359375
1276.026611328125
172.6085968017578
0.7864342331886292
240.23651123046875
210.9027557373047
5.198064804077148
1.1163829860549868e-09
3.3439766511378366e-09
3.3923341913322247e-09
1.5330766656163064e-09
2.9910598442484115e-09
1.6902198751722608e-07
0.0
0.001261143828742206
0.0018416759558022022
52.758262634277344
686.7890625
5080.408203125
14122.912109375
27801.30859375
34111.93359375
28916.658203125
19324.685546875
9102.466796875
4373.77587890625
2323.166748046875
1488.57568359375
555.388916015625
461.5113525390625
137.50704956054688
449.7590026855469
345.9710388183594
270.7064514160156
9.649002095102333e-07
2.953647104675383e-09
2.184767922130959e-09
2.969158474641631e-09
1.2758093470566223e-09
2.7732740548458423e-09
3.578300038498128e-07
3.119844791399373e-07
1.159896731376648
227.8166961669922
652.0845947265625
2788.02587890625
8521.302734375
20912.626953125
34105.49609375
32035.228515625
22782.669921875
12535.1806640625
5313.78076171875
1414.0838623046875
480.6916198730469
214.40560913085938
351.0176696777344
298.1838684082031
208.6751708984375
507.20831298828125
484.5738525390625
472.3339538574219
5.986931341794843e-07
2.002381593868563e-09
2.9813453927829414e-09
2.4383290941898395e-09
3.290404615441389e-09
1.8012011882007073e-09
3.683028069190186e-07
176.42044067382812
184.2566680908203
225.79957580566406
1585.073486328125
3329.901123046875
12986.0263671875
30562.927734375
34945.921875
29128.279296875
16470.892578125
7352.90576171875
2324.946044921875
1163.028564453125
544.5513916015625
550.3463134765625
433.2681579589844
396.3016052246094
311.0882263183594
552.7040405273438
329.7499084472656
492.57708740234375
3.052967804251239e-05
1.2967161788779435e-09
4.0839873705067475e-09
4.048606339068783e-09
1.0585041732014133e-09
2.360500017672962e-09
1.2413602368255283e-09
104.84873962402344
261.4652099609375
439.4306945800781
1413.696533203125
6731.93359375
20849.421875
33523.75390625
34411.359375
22804.23828125
10224.7109375
3106.337890625
1403.0257568359375
1101.6434326171875
937.1107177734375
862.1557006835938
883.12939453125
951.7972412109375
1004.9547729492188
527.766845703125
388.7250671386719
82.91018676757812
3.36365592374932e-05
2.007863431074952e-09
2.3198134524449188e-09
3.327625952564972e-09
1.7897271442635088e-09
1.952635164670369e-09
2.6943074438179337e-09
204.9928436279297
214.2928924560547
692.4678344726562
2588.13134765625
12088.509765625
26646.765625
35138.27734375
31709.076171875
15912.083984375
5273.64697265625
2126.862060546875
2684.8251953125
3310.87890625
3843.13037109375
4263.248046875
3446.89794921875
2761.0673828125
1515.0775146484375
1153.2454833984375
633.6063232421875
155.70716857910156
0.11595035344362259
0.10959868133068085
0.09466161578893661
2.5508171130894652e-09
1.1470310257166716e-09
1.7743255753543963e-09
2.323760739386671e-09
222.69532775878906
249.5056915283203
919.5116577148438
6589.22998046875
18515.646484375
31553.20703125
34825.546875
25191.880859375
10939.2744140625
3076.727294921875
4153.3544921875
5747.212890625
7686.892578125
10028.0751953125
11013.92578125
10755.1826171875
8902.3759765625
5980.40869140625
2406.663818359375
659.07275390625
345.14959716796875
0.0
0.09743113070726395
0.11039077490568161
2.8494691051150767e-09
1.8820023317545065e-09
1.2728084142210605e-09
1.6030887728391008e-09
183.75601196289062
186.70936584472656
1235.788818359375
8187.6865234375
22217.701171875
32239.94140625
33131.8359375
20586.05078125
7905.3759765625
5429.18017578125
7928.2041015625
12005.33984375
17362.08984375
19122.140625
22214.982421875
22901.76953125
19179.21484375
13778.3935546875
7820.4482421875
2711.576171875
946.2438354492188
211.8241729736328
0.0
2.1843338249283306e-09
4.0331787909408945e-10
2.314529234936913e-09
2.7103941313555424e-09
2.5994699726084036e-09
138.72805786132812
239.89718627929688
2156.613525390625
12314.4296875
24897.6171875
32433.208984375
30030.080078125
17476.318359375
9270.642578125
12073.5146484375
17494.921875
22464.873046875
28569.2109375
31377.087890625
31109.580078125
32270.287109375
29198.201171875
22788.990234375
12831.7734375
5568.341796875
2440.307861328125
451.263916015625
2.0686412582904268e-09
4.125096708662568e-09
1.5633067063092199e-09
1.7070275193376006e-09
4.038915424331435e-09
3.53624907134531e-09
53.13569259643555
797.264892578125
4381.3583984375
13730.8427734375
24708.701171875
30566.880859375
27812.2734375
17210.650390625
13351.8427734375
17715.15625
24902.751953125
30504.4453125
31131.27734375
29598.6875
29867.27734375
29443.005859375
32154.263671875
27177.46875
16145.6875
7752.57470703125
4172.37451171875
953.9713745117188
2.400150078685215e-09
3.4248351377108577e-10
2.431509882327987e-09
3.165060658005814e-09
1.1857075321586308e-09
3.308803453450082e-09
0.0015586868394166231
985.01611328125
5283.22509765625
15446.29296875
24384.515625
31914.53125
27788.380859375
19366.35546875
18078.5859375
23661.49609375
27772.91015625
29855.24609375
24974.970703125
19571.193359375
19261.8984375
23454.767578125
30091.80078125
30015.9296875
19477.517578125
8886.55859375
4447.52490234375
1437.43310546875
0.0
3.6483112086926894e-09
2.7654403211840872e-09
3.321856567595205e-09
2.1438699704390274e-09
2.173752011724872e-10
184.10018920898438
1261.0030517578125
6176.5322265625
14665.0341796875
23105.359375
28520.474609375
26046.748046875
22598.41015625
22454.677734375
24756.033203125
27066.125
21456.599609375
16459.65625
11875.2138671875
12636.548828125
19748.125
29674.052734375
31357.1015625
20434.896484375
8361.8837890625
3981.926513671875
1064.717041015625
0.0009338078089058399
1.4744684362355542e-09
3.733207520895121e-09
9.381702081867616e-10
3.5715195245700215e-09
3.6000369352251482e-09
306.1313171386719
1295.9368896484375
5739.3837890625
12936.6044921875
21672.275390625
28988.6484375
29035.349609375
27469.216796875
25906.974609375
25634.09765625
24171.53515625
17497.794921875
11683.7109375
10551.51171875
15037.26171875
24984.681640625
32229.275390625
28078.18359375
18345.70703125
7000.869140625
2752.095458984375
648.9765014648438
1.67267228334822e-06
3.898828708770452e-07
4.132831854519736e-09
1.3431303846900278e-09
2.9003575097164003e-09
0.0016383028123527765
247.26239013671875
1136.34033203125
3870.63232421875
11264.373046875
19465.98828125
28250.298828125
29986.0
30804.294921875
30358.775390625
27543.130859375
24144.771484375
20365.66796875
17985.267578125
19792.828125
25461.48828125
30187.9375
30576.787109375
23038.86328125
13580.953125
4716.3876953125
1186.372802734375
341.7227783203125
2.0246670828782953e-06
1.416372469975613e-06
1.201094890213028e-09
3.802446801870474e-09
7.210723129702501e-10
0.0024581977631896734
90.0418472290039
531.4681396484375
2315.099609375
8802.8603515625
15465.962890625
24960.970703125
29762.98046875
33465.23046875
33254.23046875
31722.099609375
28810.671875
25624.7265625
27858.33203125
28747.400390625
31563.466796875
31521.58984375
25198.560546875
15458.9873046875
7040.21240234375
1714.116943359375
100.90641021728516
0.02088913507759571
1.5950835319245016e-08
3.45851502991934e-09
2.782359231900955e-09
1.6993145779409247e-09
1.989707509864047e-09
0.0018020678544417024
26.369993209838867
90.80046844482422
981.3934936523438
4369.8583984375
9982.171875
17364.828125
25574.8125
29718.59375
34718.11328125
35256.40625
35256.9765625
33329.05859375
33036.8515625
30655.26171875
28027.83203125
21536.875
15135.267578125
6339.92041015625
1662.8013916015625
217.6282196044922
78.12623596191406
1.1286307426416897e-06
6.18818241093777e-09
2.856195058242861e-09
4.0504239962046995e-09
1.4244085910775084e-09
8.659860606385905e-10
8.862603428916316e-10
0.0036515139508992434
11.836502075195312
71.90289306640625
464.51123046875
2176.053466796875
7481.3984375
13965.5537109375
22293.923828125
26959.732421875
31284.142578125
32037.646484375
30790.27734375
27475.857421875
23493.3359375
17708.123046875
11496.9970703125
4132.85498046875
1305.5377197265625
505.1443786621094
229.59104919433594
0.0
5.715584734389267e-07
1.7916065853107455e-10
4.140054077339528e-09
2.2681128086787794e-09
2.0912642728632136e-09
6.387076201264108e-09
6.493143356323117e-09
0.005447397008538246
0.003925310913473368
0.03580198064446449
400.7506103515625
708.3748168945312
989.5758056640625
2162.59326171875
3587.12255859375
4971.8828125
8555.5810546875
9347.7236328125
9880.0283203125
9738.572265625
7272.10546875
5343.62548828125
2480.211181640625
947.674072265625
266.3878479003906
208.34262084960938
5.613371811818979e-08
5.001954406225195e-09
3.875479936965576e-09
1.2243200897543716e-09
3.0188036514999794e-09
3.9194016920873764e-09
9.662743938321228e-10
6.9901124888360755e-09
4.561881539189017e-09
7.659981093866008e-09
0.005933065433055162
0.004341674502938986
421.0753173828125
457.991455078125
770.7137451171875
627.651123046875
588.8026733398438
278.7942199707031
350.9953308105469
381.9903869628906
303.87579345703125
410.8482666015625
424.7480163574219
600.5021362304688
568.4086303710938
216.7441864013672
0.0002680539037100971
6.816392073005773e-08
1.4369875955821954e-08
4.0244696464242224e-09
4.002991271789824e-09
4.0868131101490235e-09
3.9074592450560885e-09
3.3420339828893475e-09
2.7509834410466283e-09
2.9235043275122052e-09
1.8642384858047478e-10
5.245915368767839e-10
1.5386198981559573e-09
1.2179595998418336e-08
1.6165300209536326e-08
2.487306893783625e-08
3.9506605986616705e-08
6.541111474689387e-08
8.605744739043075e-08
1.0677489825638986e-07
8.916994431729108e-08
1.3765288997547032e-07
1.2963866424797743e-07
1.1333550986591945e-07
7.375178512347702e-08
8.802816608977082e-08
7.410374536220843e-08
5.0331479428677994e-08
5.461106766802004e-08
2.5735428010875694e-08
1.5781502327172348e-08
2.461128523201239e-10
3.2184994669393063e-09
1.7923996731283864e-09
1.0630251123799894e-09
2.8208964053533236e-09
2.369185958528419e-09
1.210992195410654e-09
3.8274041713748375e-09
2.0635217978792753e-09
3.2880542732982576e-09
1.9740533652168324e-09
3.5907183892902594e-09
3.0655769034382274e-09
1.6661093837910812e-08
2.5880856568960553e-08
3.024271677531942e-08
3.319471986173994e-08
2.3708828678081773e-08
2.6364023852920582e-08
1.867576848724184e-08
1.0464833444245869e-08
2.327264603252388e-09
4.5240672319479813e-10
4.1062270250691313e-10
1.3762186057419967e-08
1.4154404759381123e-08
1.4267061310135887e-08
1.3222702044402013e-08
3.902014544809873e-10
3.3383560360533693e-09
2.4479371862895505e-09
5.436554539883787e-10
2.7518072265309e-09
2.4556712219236942e-09
1.8427827042089007e-09
1.1104791530769376e-09
1.7362680182486656e-09
3.4890867972592332e-09
3.759768496536253e-09
5.576583639310684e-09
3.899248479655171e-09
6.33512087233612e-09
2.4711379609243522e-09
4.1108778603415885e-09
6.941387908909746e-09
6.563038557061418e-09
1.962842666181075e-10
1.0514528137051116e-09
5.449656281797388e-10
1.7959675968626243e-09
2.4260937703246555e-09
8.594505662706808e-10
3.595387321198018e-09
3.0948423823673465e-09
3.0829363506512664e-09
3.1285811719072854e-09
2.13959738815106e-09
2.294951562120673e-09
3.0501123848836187e-09
4.146044840780405e-09
4.210719550812314e-10
2.3794124448528464e-09
3.633437772876391e-09
2.1533683725039054e-09
3.5618910043666574e-09
4.0537706524901296e-09
4.087440164113332e-09
1.7148331643568326e-09
1.3978920243573612e-09
5.425094817823606e-10
1.2748357924863285e-09
2.967669221476399e-09
1.4430698858092228e-09
2.3771999924093734e-09
3.078856503080374e-09
3.1626514740423772e-09
3.741579934768424e-09
1.410724315142886e-09
3.6024143668100805e-09
3.5026541667093625e-09
2.7869955232517896e-09
8.834122322554094e-10
1.5643239481555327e-10
2.624712891474701e-09
3.512630852853249e-09
2.4415194310734023e-09
7.968852799855597e-10
7.15148107399699e-10
