4.523996288696708e-09
6.7407617265757835e-09
2.323183423413866e-09
1.652378678329569e-09
1.424654283432858e-10
1.8408333746222638e-09
7.867448914566921e-09
4.395381836275192e-09
2.0463337691012384e-09
8.304361642785807e-09
3.5009901644400543e-09
8.150263575146255e-09
1.109824898648526e-09
2.6515667439497292e-09
4.568138756155804e-09
6.670444196998915e-09
4.542350051650601e-09
1.8134914403500346e-10
7.167757498649507e-09
4.403085895887671e-09
4.574037676396969e-11
2.299340717826226e-09
9.227862030058986e-09
7.295295034737137e-09
8.34113844661033e-09
3.6747753728860744e-09
5.2716075948922025e-09
1.0875356171169415e-09
8.473349133453212e-09
6.435920241187887e-09
3.454335928410046e-09
5.493788979293868e-09
4.23941681759743e-09
8.016833419333125e-09
5.886653386966145e-09
6.3313869702597e-09
3.6188312346752127e-09
4.037079115448705e-09
7.970363924414414e-09
3.3801501597707784e-09
4.546452103681986e-09
3.839414564055232e-09
3.3296470025589997e-09
8.600782308576527e-09
4.988384372239807e-09
3.1150335644269944e-09
7.465025042563411e-09
6.22825702123464e-09
3.9661034456628386e-09
6.70401600899595e-09
9.957649149683334e-10
7.956763248273546e-09
7.93121923692297e-09
1.012614658790767e-09
6.759777182452353e-09
5.901838573407758e-09
2.924008368765385e-09
6.3693095242456366e-09
6.036993127622736e-09
2.566867607356471e-09
8.521226391167147e-09
9.142360646308134e-09
2.1628554502939323e-09
7.819829228594699e-09
1.8513020449972828e-08
2.8389232298309253e-08
3.019615846255874e-08
8.714843957591256e-09
5.899420507660125e-09
8.477299751064038e-09
1.4821271987486284e-09
3.4899025891377278e-09
9.44285272197476e-09
1.1157669455030828e-08
8.31934077183405e-09
9.014470947477093e-09
6.881358594057474e-09
5.361315391638755e-09
5.663225000063221e-09
2.2637844931949758e-09
7.3338806139133794e-09
2.7592734763715043e-09
9.064044625972656e-09
4.315954704736669e-09
2.2505593222366116e-10
3.864960351762647e-09
1.187158371607211e-09
7.324321149582147e-09
1.7218462211587848e-09
2.303634838440871e-09
1.9396628747614386e-09
8.133527629183845e-09
2.655655251260214e-08
2.882590344199798e-08
3.1103446929137135e-08
2.5473712028656337e-09
7.559323833561393e-09
2.6349420068072504e-07
1.688214410933142e-06
1.65312223998626e-06
7.826041148462082e-09
1.1144262401785454e-08
3.9014795838454575e-09
7.415076732635498
20.19774055480957
19.77960968017578
18.056196212768555
1.5363792181015015
86.89777374267578
5.295551552819688e-09
1.6709738037690158e-09
1.907416669055806e-09
7.748843233734704e-10
8.13683165290513e-09
6.917332928679798e-09
9.034934578266984e-09
1.0454201948562059e-08
5.262505098357906e-09
2.6925877083527894e-09
2.1574795283640924e-08
3.203714982191741e-08
0.010835971683263779
0.04980497062206268
7.129852771759033
260.3358154296875
341.07977294921875
567.089111328125
999.315673828125
1206.836669921875
1041.5438232421875
1450.3193359375
2278.661376953125
3527.924072265625
3654.543212890625
2340.12255859375
1885.76806640625
721.3566284179688
193.38246154785156
23.323596954345703
3.924962577173119e-09
3.85606657715698e-09
8.339039681004579e-09
7.094628440285078e-09
4.945385434496075e-09
3.458734454397927e-08
3.236991474864226e-08
0.0
59.55376052856445
134.46029663085938
180.12777709960938
32.28175354003906
508.76031494140625
1386.51611328125
2373.48876953125
4082.76611328125
4206.49755859375
4824.2412109375
7243.57373046875
8252.130859375
9700.3251953125
12495.6455078125
12561.3837890625
12175.568359375
8736.255859375
6468.201171875
1421.4879150390625
239.38711547851562
14.908541679382324
4.095510153234727e-09
6.101425142901462e-09
6.93980650723347e-09
7.490999820447541e-09
3.1601217642673873e-08
188.32559204101562
197.71131896972656
302.49993896484375
384.93157958984375
219.8502197265625
12.09050464630127
1018.848388671875
4106.65087890625
9130.681640625
11994.6396484375
13906.330078125
15174.6494140625
19285.869140625
20414.599609375
23208.517578125
24818.189453125
25434.779296875
25157.853515625
21000.37890625
15108.8583984375
6936.2783203125
1728.7991943359375
26.259191513061523
4.583145418735057e-09
1.8768582243922083e-09
7.62102825291322e-09
7.839143917331981e-11
2.2186977588489754e-08
0.0
459.07537841796875
545.1861572265625
471.3532409667969
585.4702758789062
2179.1416015625
7711.97802734375
12210.1435546875
17246.951171875
22073.900390625
25496.9140625
26417.486328125
29625.484375
31385.271484375
32231.64453125
32782.921875
32996.44921875
30638.271484375
26611.39453125
18769.46875
9437.3798828125
2329.930419921875
3.0465188026428223
4.688415877751595e-09
2.4649406960008946e-09
7.608421448423996e-09
1.3207441867599257e-12
9.893404984140375e-10
1.1813593658871469e-08
481.77862548828125
497.564208984375
952.5753784179688
2510.636474609375
8689.4296875
14053.3544921875
24720.69140625
29973.95703125
32334.814453125
35467.0703125
35276.33984375
35269.0234375
35146.52734375
34054.7109375
33182.8671875
30113.78125
28017.087890625
21475.43359375
16230.9794921875
8377.462890625
1500.220458984375
2.5257418155670166
7.082504360766961e-09
3.447283791757627e-09
6.0549201208459635e-09
6.053318957199849e-10
1.7610057412298374e-08
5.169947669969588e-08
258.81817626953125
875.1409912109375
2396.50732421875
7770.07275390625
14877.431640625
24421.798828125
31958.234375
35561.2265625
35258.9140625
33717.3515625
31754.640625
30185.765625
25986.732421875
24193.654296875
21620.783203125
18761.71484375
16854.958984375
14218.5029296875
9482.32421875
4918.0693359375
1118.525390625
7.846108651676786e-09
7.658784717534672e-09
7.65544605485502e-09
4.675656750663393e-09
4.883597082283586e-09
4.3028997254168644e-08
5.2496986313599336e-08
249.29672241210938
1516.7659912109375
4006.813720703125
12706.81640625
21663.79296875
32201.443359375
35668.859375
31925.513671875
27104.064453125
21558.1015625
18994.5703125
18155.71875
15540.771484375
12989.2666015625
11204.3701171875
8314.4873046875
8852.986328125
5542.63818359375
2801.596435546875
1070.7476806640625
190.63088989257812
7.08339831234639e-10
8.876833490489844e-09
4.890851279526487e-09
3.581028431686589e-13
8.10069522572121e-09
4.621496074719289e-08
1.243927272298606e-07
300.4183349609375
2506.4482421875
9009.9814453125
19606.966796875
26564.83203125
34206.8515625
32014.25
24951.853515625
17242.115234375
11602.396484375
8601.2236328125
6221.63427734375
5120.7197265625
5217.3046875
3776.873779296875
2795.493408203125
2146.46337890625
1317.8006591796875
412.60137939453125
29.913354873657227
2.5506932735443115
8.337352142007148e-09
8.324504641166186e-09
9.697140868070164e-10
7.481302688461255e-09
5.736821684365623e-09
9.640195486326775e-08
55.636924743652344
1138.155517578125
5026.87158203125
12855.2109375
24412.193359375
32328.228515625
32777.53125
27153.71484375
22353.896484375
16108.58984375
10277.0185546875
7374.79638671875
7102.6533203125
4151.18994140625
3087.4775390625
2167.052734375
1630.1781005859375
1120.88720703125
630.6580200195312
300.25958251953125
1.9275822639465332
1.2361559553752954e-09
8.713157306772246e-09
1.0923784099503564e-10
5.931385604895922e-09
5.860027574300375e-09
1.1380641318226026e-08
410.3024597167969
141.60971069335938
1777.9713134765625
6282.88134765625
14050.7529296875
27383.490234375
33269.421875
33106.9296875
27850.29296875
25625.59375
19159.7421875
15656.0556640625
12178.771484375
8079.2822265625
5774.62841796875
4000.151123046875
2518.29345703125
1517.613525390625
724.0313720703125
469.6488037109375
30.764230728149414
5.449571016669097e-09
6.4069425320667506e-09
5.031091543372668e-09
2.7186750628516165e-09
7.104665744606109e-09
7.978843363787291e-09
1.0582230203226572e-08
0.026183409616351128
162.37510681152344
1492.02783203125
6559.73876953125
16064.5654296875
26221.470703125
31648.830078125
33762.1171875
32003.02734375
29897.41796875
26450.296875
22158.515625
16971.677734375
11032.4228515625
8459.0048828125
4356.06640625
2450.92724609375
1397.2381591796875
248.44166564941406
45.495906829833984
18.7695255279541
9.933088129798762e-09
6.293088272713021e-09
6.057652601754171e-09
3.016725091953276e-09
8.829240449870213e-09
5.478895115373916e-09
6.253860984628545e-09
185.03439331054688
261.2655944824219
1462.2388916015625
6926.37548828125
15505.060546875
21170.4375
25363.3125
28395.55078125
28306.0234375
26199.873046875
26790.314453125
26212.1953125
21847.8984375
16628.759765625
11664.6845703125
6394.0791015625
2374.27880859375
1352.8782958984375
237.42018127441406
41.69950485229492
1.180129274302999e-07
2.830982948065497e-10
1.42514400280902e-09
5.361694199734757e-09
4.644271633935659e-09
7.098467647015383e-11
7.1455437122835974e-09
3.2630842472514132e-09
144.40403747558594
539.4443359375
3146.853515625
7319.41064453125
10453.189453125
14447.3212890625
16615.07421875
16956.1171875
16364.3994140625
19108.271484375
21958.802734375
24114.869140625
25987.078125
21021.666015625
13785.7333984375
6785.1953125
2538.330078125
908.9436645507812
330.4475402832031
0.0
1.0995265853352976e-07
5.360071053672755e-09
6.326153823010827e-09
6.28962615323303e-09
8.712340182626122e-09
6.130357110833984e-09
9.305078929600086e-10
1.154741102737944e-08
598.297119140625
2164.367919921875
5912.87158203125
7332.3876953125
7992.40283203125
8671.6220703125
6659.80029296875
7399.32421875
7893.26611328125
10174.056640625
17363.638671875
24456.29296875
29997.4609375
24482.228515625
16465.93359375
6692.10107421875
2232.734619140625
812.2930908203125
248.4110565185547
1.5652442186819826e-07
6.996459234187569e-08
4.240539475119931e-09
8.833389575357842e-10
8.955312935654547e-09
7.774765720114374e-09
8.62168381132733e-09
4.003818609987775e-09
2.1278335537999737e-08
1010.0466918945312
4987.88525390625
10348.9970703125
10538.0322265625
9218.3916015625
7447.17333984375
5405.5703125
3288.690673828125
3909.479248046875
9155.8896484375
15916.26171875
27837.419921875
31288.44140625
26519.958984375
15311.810546875
5670.67529296875
2181.68359375
440.1578674316406
112.83686065673828
1.52470320813336e-07
6.077236491819349e-08
6.672312924393964e-09
8.272148299681703e-09
4.761652405704808e-09
5.0779780380594275e-09
5.546063164274528e-09
4.5401655768273486e-09
0.4327639937400818
1880.91015625
9370.32421875
17529.962890625
18138.89453125
14527.8125
9050.7705078125
6689.6826171875
6977.89501953125
8633.884765625
15879.46484375
24493.17578125
32557.685546875
31662.892578125
25081.580078125
12550.5341796875
4147.7880859375
1883.3770751953125
406.8025207519531
0.0004060928476974368
1.0812774320356766e-07
1.707333940892397e-09
5.2513455806035836e-09
5.716764395202745e-09
8.561571895882025e-09
7.530060130989114e-09
7.299596482823745e-09
3.635911127730651e-09
4.152763843536377
1617.4761962890625
9984.2509765625
20910.126953125
26075.3203125
22805.712890625
19111.548828125
16233.8505859375
16802.85546875
20212.4140625
25669.978515625
31659.962890625
34650.4296875
30272.0234375
17632.267578125
8382.6171875
4039.970458984375
1665.995849609375
373.8765563964844
0.0006515765562653542
1.0399424432705473e-08
4.030595857074104e-10
3.346015908789468e-09
3.3088203288400564e-09
0.00876833125948906
1.2975659435809916e-09
1.7721996092845416e-09
8.922179439707634e-09
6.787684917449951
1604.034912109375
8255.0
21272.654296875
28057.65234375
29463.494140625
27937.439453125
27968.61328125
29655.525390625
32082.974609375
36226.6484375
35477.34375
31480.27734375
22607.169921875
11154.029296875
5233.76806640625
2072.500244140625
897.4728393554688
435.82269287109375
115.63721466064453
9.512275573797524e-05
8.34439628505379e-09
1.6163360649912306e-09
6.226641868778415e-09
2.014181044174279e-09
6.283835674025795e-10
3.999642839147555e-09
6.479117242719212e-09
0.004724876489490271
1120.2113037109375
4522.88037109375
13700.587890625
25066.70703125
30215.662109375
33043.96875
33850.83203125
34523.87890625
35029.5234375
32400.384765625
29072.591796875
21105.298828125
12720.8759765625
5243.97900390625
2789.88525390625
1271.8209228515625
476.8238525390625
461.54400634765625
162.7947540283203
0.0005430486053228378
5.3863340454540776e-09
7.073558960790649e-10
2.608004256998697e-09
7.917836386539534e-10
4.577609846734276e-09
8.029264364495248e-09
1.803660961741116e-05
1.864787918748334e-05
775.1002197265625
1382.00537109375
6956.70849609375
14939.00390625
21119.20703125
24003.21875
25613.923828125
26446.005859375
25639.1953125
22272.978515625
14514.91796875
10462.8935546875
3928.6767578125
2141.275390625
770.9629516601562
397.2873840332031
347.2622375488281
375.83001708984375
0.0006730566383339465
2.410332378133262e-08
5.615146125848014e-09
7.283388114842637e-09
8.954011754269686e-09
1.6681558356879123e-09
5.2971564912240865e-09
6.435164401352722e-09
3.5994947022999213e-09
3.120772307241282e-09
82.83888244628906
200.8991241455078
1467.49462890625
4416.1923828125
8388.6328125
11262.3388671875
11908.873046875
11553.66015625
9709.3583984375
6936.99951171875
4115.4140625
1862.6505126953125
1010.9472045898438
724.9421997070312
203.97499084472656
325.8356018066406
360.1195373535156
345.3677978515625
1.194574997498421e-05
3.731909892223939e-09
2.776281871064157e-09
6.399135887846796e-09
8.383889138485756e-09
6.158112686449613e-09
2.024796996735745e-09
3.6473508657763887e-09
1.8093527787144126e-09
5.03899233450511e-09
1.2514599561691284
0.8039987683296204
0.4149070680141449
611.3887939453125
1538.4349365234375
1753.7996826171875
1883.7491455078125
1895.5826416015625
1564.8475341796875
1174.1856689453125
478.81549072265625
151.88558959960938
46.52036666870117
2.374043077679744e-07
2.920635289171969e-08
7.277521696380518e-09
2.9855959926550213e-09
1.7556994746925625e-10
7.719660466420919e-09
5.964513771772317e-09
2.130291276714047e-09
2.1956779450160724e-10
2.6515991624620483e-09
4.706709244572949e-09
7.753814479372068e-09
5.129794367064733e-09
3.857454633493518e-10
1.3672919463303401e-09
2.1300163854931498e-09
6.064018176488162e-09
1.2432822549257594e-09
8.178422383764428e-09
7.848737659799099e-09
2.259361764345158e-07
3.9573058074893197e-07
4.73854953497721e-07
6.7415976445772685e-06
3.4226787090301514
3.6920530796051025
5.664025783538818
4.290069455237244e-08
1.6096477040150603e-08
1.2995512221891659e-08
3.466962938958318e-09
6.108525352210847e-10
7.25838145143598e-09
7.207396901520724e-09
2.350376338000615e-09
1.4442407270109925e-09
3.2510616421177474e-09
3.806063450517705e-11
6.178166422898812e-09
7.753315323100196e-09
7.2332109191108884e-09
5.3386575160629945e-09
3.4043272645334355e-09
1.188824261255661e-09
2.985099056829199e-09
2.8502546989273014e-09
2.3185970920991394e-09
5.017712023658305e-09
7.034087534663058e-09
3.1619982188146878e-09
4.414629106719303e-09
8.306103360666839e-09
8.727119582552234e-10
8.240153448468845e-09
2.145410959997207e-09
4.941219433618471e-09
1.8817534197523855e-09
4.885946314203693e-09
1.3286044486804371e-09
7.363399223692113e-09
3.0183113786108606e-09
5.896187538212416e-09
1.280011791005009e-10
7.66770558158214e-09
2.6135771324931056e-09
6.644734984462275e-09
1.398736459989891e-09
