7.206285346228469e-09
6.0978044835735545e-09
2.3910722291020647e-09
1.7613587255382868e-09
9.050020288725591e-09
4.055034530381363e-09
1.8924195543945643e-09
2.717360503279309e-10
3.6268718583976067e-10
8.63732108058457e-09
7.439040938805874e-09
1.0468713673716934e-09
6.958093212716676e-09
3.687960147857666
3.7701005935668945
3.451752772498651e-10
1.8288485170714353e-09
1.9706771769989473e-09
8.379450022744095e-09
8.7140614724035e-09
9.244714327394377e-09
1.1588868753520387e-09
9.169023762467532e-09
1.5918336648823583e-09
3.4247433777778724e-09
8.249963379114433e-09
2.0897326091784407e-09
5.405696446025843e-10
8.679593932470198e-09
5.461584517973961e-09
6.908856819975995e-10
2.8832174425730273e-09
5.689407167608351e-09
5.839332128942942e-09
8.514884797250488e-09
4.054583779833365e-09
4.3954506701027185e-09
1.5051945245758702e-09
134.7000732421875
112.11539459228516
147.82228088378906
6.703481197357178
9.715070724487305
428.7784118652344
781.8197631835938
428.2601013183594
34.709388732910156
7.562340975653115e-09
6.042478517542804e-09
3.571734907836799e-09
8.47868619757719e-09
7.636393739574032e-09
3.936086567790653e-09
5.766992217104416e-09
7.300478443994507e-09
6.143156650040282e-09
1.123013904091863e-09
5.731806140829576e-09
7.8618844767675e-09
2.0336460293535197e-10
3.99411703710939e-09
0.0005490445182658732
0.0034165242686867714
45.66980743408203
724.8497924804688
749.7227172851562
1260.748779296875
1409.8768310546875
1549.9093017578125
1358.243408203125
1293.23583984375
1047.5281982421875
1323.2662353515625
1018.1586303710938
443.20452880859375
469.8432312011719
587.1632690429688
510.03271484375
0.0
1.7496788462523227e-09
5.9240989891407025e-09
5.2527053817641445e-09
3.8553786829709225e-09
3.6290555005535907e-09
8.658447292475557e-09
5.534146030328202e-09
8.306913379385605e-09
4.7919361811921135e-09
0.0015285786939784884
0.003920790273696184
0.005793478339910507
81.62261199951172
1710.907470703125
1894.190185546875
2451.66748046875
3918.7099609375
7297.30419921875
9131.892578125
11411.9267578125
10152.826171875
9492.43359375
7382.97314453125
4100.82275390625
1570.8095703125
1321.2386474609375
562.6774291992188
37.84387969970703
4.372402191162109
2.5227002709016233e-09
7.772492871538361e-09
4.345707349528993e-09
5.338585129521789e-09
6.276581476782894e-09
9.108227061460639e-09
41.92259979248047
0.0
0.002468135440722108
9.045411109924316
8.893345832824707
721.5468139648438
2185.806640625
4392.8544921875
7868.6884765625
13162.40625
16145.302734375
18789.0625
21203.546875
21325.53515625
20193.44921875
17305.349609375
9855.7548828125
4776.93310546875
2129.95166015625
1343.521484375
586.336181640625
82.3266372680664
7.417209513249645e-09
3.108039159371856e-09
3.809466520010574e-09
3.0092879299559172e-09
7.088104547747776e-10
1.5220137372651266e-09
3.913481094741655e-09
6.483509729093839e-09
9.512809753417969
18.37120819091797
206.16766357421875
2621.2568359375
5382.4755859375
8520.1416015625
12008.8154296875
19434.796875
23593.361328125
23826.19140625
26147.40625
25220.796875
24930.376953125
24729.537109375
17277.201171875
8586.572265625
4287.39453125
1734.177734375
937.7979125976562
321.5460510253906
271.2125244140625
6.916168526771571e-09
9.268214640201222e-09
6.009607478318912e-09
7.589405548458217e-09
6.697942200872831e-09
0.18429723381996155
1.44612877228667e-09
16.05663299560547
760.7218017578125
1665.0184326171875
4104.9345703125
5763.62841796875
10826.1259765625
17221.45703125
22093.05078125
25780.849609375
25326.91015625
26656.908203125
24993.890625
26399.8046875
26972.68359375
22938.677734375
14178.4677734375
5357.90478515625
2275.0341796875
689.0647583007812
265.6528015136719
214.08668518066406
8.215547353529473e-09
7.337859653233636e-09
2.517262842616219e-09
6.755898507293523e-09
8.991556943449552e-10
3.8219987175125425e-09
2.7470787866690216e-09
419.9342956542969
1144.501220703125
1879.228759765625
3951.0966796875
6494.9248046875
10176.615234375
15995.408203125
21020.5859375
21468.095703125
19860.443359375
19363.921875
20041.802734375
23013.060546875
27377.267578125
26662.98046875
18856.158203125
6970.60107421875
2538.5908203125
513.990966796875
60.827144622802734
3.100145917755981e-08
3.1618563323121407e-09
8.809189822045482e-09
6.183811684934426e-09
9.68626845399001e-11
7.921635791774406e-09
6.787061465729494e-06
6.645012035733089e-05
18.174863815307617
1215.0760498046875
1738.8936767578125
3335.05078125
5124.453125
7984.62548828125
13108.4091796875
15174.9619140625
14766.7353515625
11379.3505859375
11904.9453125
14234.9677734375
20254.375
27487.1171875
28254.9296875
21354.9765625
9521.6748046875
2224.33984375
314.7178039550781
53.05205535888672
2.7886185804959496e-08
5.5962572353962514e-09
2.0156742941424e-09
7.16505388353994e-09
5.9914873062894e-09
2.86029910867569e-09
7.918146002339199e-05
7.781755994074047e-05
23.7622013092041
931.213134765625
1550.67578125
1701.2947998046875
4194.49560546875
6746.1591796875
7999.33740234375
10184.1669921875
9441.953125
7664.18505859375
7875.5546875
10170.677734375
16350.95703125
27007.689453125
28866.056640625
21992.13671875
8122.4287109375
2015.0126953125
337.447265625
7.4201178550720215
0.009478457272052765
0.004182280972599983
2.9419817693110417e-09
3.2432325713926957e-09
1.1247327513785876e-09
7.459776796281403e-09
8.775560722540376e-09
6.219078585445459e-09
24.97272491455078
210.25344848632812
687.050048828125
817.0289306640625
1872.894775390625
4179.38623046875
5791.134765625
5869.84033203125
5455.15380859375
4554.2177734375
6140.19970703125
8062.62939453125
15707.013671875
28454.978515625
29156.083984375
21511.796875
8397.46484375
1830.1949462890625
199.78851318359375
0.5180851817131042
0.006476475857198238
0.010412839241325855
7.112136213294207e-09
1.241445835020727e-09
4.080636273329219e-09
5.2681334850035455e-09
2.391604247975465e-09
6.876951896828132e-09
24.850740432739258
107.90569305419922
314.6384582519531
518.7793579101562
864.6226196289062
2996.8984375
3955.7060546875
2872.52978515625
2098.337646484375
2516.81591796875
4667.18359375
9257.7060546875
18411.533203125
28716.474609375
29603.333984375
20175.587890625
6767.96533203125
2232.58154296875
132.4233856201172
63.68217468261719
143.4102020263672
0.5361457467079163
6.473492852876461e-09
1.1613403572141578e-09
2.7450064443712563e-09
7.173309501951053e-09
9.150677549030206e-09
1.0887403201209622e-09
18.161617279052734
59.56586456298828
273.89776611328125
572.3928833007812
849.646240234375
1792.3707275390625
2452.40771484375
2682.383056640625
2621.310791015625
3536.368896484375
6487.05908203125
12094.8837890625
23156.189453125
29944.591796875
26918.896484375
15720.5498046875
4496.07763671875
1937.431396484375
1227.4598388671875
585.7518310546875
273.456787109375
0.41286206245422363
7.681398628278657e-09
2.952496580554964e-10
5.8000426683690876e-09
7.982841943032781e-09
9.222453911661432e-09
5.580595985321679e-09
15.7461576461792
359.92205810546875
533.3848266601562
1234.018310546875
1731.672119140625
3160.64013671875
4561.236328125
5608.41455078125
6613.18408203125
9022.92578125
11428.9677734375
16092.5849609375
25982.767578125
30537.400390625
25027.8203125
13653.4541015625
4578.07666015625
2469.10595703125
1560.20068359375
1600.5419921875
1493.692626953125
675.44091796875
25.422183990478516
7.584535666183001e-09
1.5179191237280065e-09
7.569632920478853e-09
4.259460784084013e-09
1.3790835660942857e-11
245.0269012451172
650.90673828125
1727.3521728515625
3730.982177734375
7564.98974609375
12956.005859375
15032.7255859375
14194.25390625
15757.392578125
16741.091796875
17740.07421875
23849.419921875
27960.064453125
29085.94140625
22106.50390625
12561.517578125
6412.09765625
3941.9384765625
2691.96875
2653.607177734375
1972.560302734375
1398.006103515625
10.238924980163574
1.6371866085052034e-09
2.3400013038354928e-09
5.658377322248498e-09
0.005682309623807669
13.332603454589844
374.4244689941406
2813.107666015625
6397.123046875
13363.537109375
18505.50390625
21960.12109375
26370.44921875
27126.00390625
26662.76953125
27219.244140625
27817.69921875
28888.568359375
29274.33984375
26911.5234375
21634.166015625
12719.9609375
9049.3203125
7120.8232421875
5464.23193359375
4879.9599609375
3230.984130859375
1408.201904296875
7.156859105350577e-09
7.925221368054736e-09
2.8290290249310956e-11
3.3174771818522686e-09
0.021760620176792145
96.35256958007812
1075.882568359375
5449.67626953125
14154.83984375
20470.77734375
27492.0234375
29229.6796875
29298.490234375
28661.9375
31634.537109375
29549.79296875
31745.134765625
32286.5390625
31735.337890625
28122.18359375
23252.4765625
18486.35546875
14745.0234375
12095.552734375
10413.041015625
8565.9091796875
6927.8076171875
2582.381103515625
102.04774475097656
9.091259300930687e-09
6.086647852399096e-10
2.608271376658422e-10
0.0173384677618742
352.9400329589844
2008.398193359375
8331.943359375
19950.103515625
26590.30078125
29988.517578125
28918.849609375
25979.076171875
25494.47265625
27484.02734375
30755.880859375
34075.3046875
34007.78515625
32009.056640625
27930.845703125
25619.123046875
22067.2109375
19577.720703125
18537.876953125
13713.7060546875
11146.1982421875
8206.5107421875
3606.6806640625
418.6770935058594
7.708071514400672e-09
6.065488999951185e-09
7.4186479182003495e-09
0.66671222448349
366.0157775878906
3112.898681640625
11552.6572265625
22810.646484375
30036.15625
32002.1640625
27106.927734375
24459.658203125
25597.138671875
28632.7578125
30962.759765625
31223.154296875
30535.05078125
28125.712890625
28166.876953125
25373.833984375
24035.521484375
23115.798828125
20190.96484375
17106.2890625
14039.27734375
11863.1689453125
4846.75927734375
454.8055725097656
8.180207622388025e-09
6.295729271243999e-09
5.510259803997997e-09
40.906951904296875
612.473876953125
3745.118896484375
11037.0947265625
23632.23046875
31101.2109375
33825.24609375
29937.56640625
28403.115234375
29907.90234375
29639.400390625
29803.498046875
26873.17578125
22144.875
18432.44140625
19361.189453125
21211.7265625
20931.384765625
21918.810546875
21082.2109375
15766.0068359375
13434.353515625
8975.298828125
2739.903076171875
280.2920837402344
7.2012555918377075e-09
4.198149827772113e-09
4.8255381912554185e-09
165.2412109375
1045.6944580078125
3205.9794921875
9993.2255859375
20315.185546875
28530.326171875
30720.08203125
31154.130859375
29551.583984375
28418.560546875
26630.029296875
21751.8046875
13966.8115234375
10766.345703125
10514.4345703125
11411.7529296875
13840.861328125
14248.7431640625
15110.5361328125
14710.23046875
11724.513671875
8051.26611328125
3635.61865234375
1467.9468994140625
23.289438247680664
5.352737808550501e-09
6.418350739778589e-09
6.825763954054764e-09
156.00619506835938
593.8564453125
2034.5994873046875
5723.68603515625
13848.201171875
20525.78125
25542.23046875
25422.97265625
22777.455078125
19894.0859375
15758.396484375
9111.8671875
5304.24853515625
4276.59326171875
3978.96484375
4094.911865234375
5273.5615234375
5242.63330078125
6871.46533203125
7035.26123046875
5839.56787109375
5164.146484375
3086.173095703125
977.1553344726562
28.35770034790039
1.332266102993529e-10
2.0360924057882812e-09
2.6500761585168675e-09
10.69021224975586
57.20612335205078
871.5130004882812
2767.058837890625
7136.576171875
12565.486328125
14315.3896484375
14446.8935546875
11684.810546875
7924.0341796875
5306.4794921875
2842.689453125
1572.4698486328125
1495.1845703125
1650.7022705078125
1774.631591796875
1584.6802978515625
2085.480224609375
2274.72265625
4334.37060546875
2693.593017578125
1862.9039306640625
1201.9671630859375
5.387474060058594
5.032910848967731e-06
5.225821553267451e-09
2.0711606041334818e-10
5.2765511959762534e-09
0.005557458847761154
30.191553115844727
78.59357452392578
1000.6422119140625
1857.4130859375
3091.704833984375
3421.558837890625
2952.507568359375
2059.008056640625
1307.4691162109375
269.9944152832031
325.9742431640625
130.7895965576172
747.3963012695312
457.1679382324219
308.5083312988281
113.02559661865234
1091.8223876953125
1225.2525634765625
1012.1636962890625
906.755126953125
264.2073974609375
3.0486762523651123
2.6897647380828857
8.630316017388395e-09
3.6398399849701946e-09
8.311050514464569e-09
7.0813577224271285e-09
8.068854029374961e-09
4.6955654642300004e-11
1.4422073535413915e-09
60.6989860534668
46.6015625
70.5221176147461
3.749680757522583
7.592442512512207
8.944086074829102
4.321513458194204e-08
4.900249095385334e-08
3.9200674706307836e-08
3.6933638369873734e-08
74.90184020996094
59.8764762878418
83.99981689453125
0.003937149420380592
0.0030479650013148785
173.87728881835938
214.49844360351562
274.9860534667969
18.25014877319336
1.206647137763639e-08
7.434287851992849e-09
1.8960972791859376e-09
1.87464599399334e-09
8.614468249845686e-09
3.1794080701530447e-09
4.796795849415503e-09
6.161485099909214e-09
1.539192773236664e-08
2.6160368093997022e-08
2.3893319323065043e-08
8.58549054072455e-09
8.970529556274414
5.8877482414245605
2.1619033674369348e-08
2.820743993936503e-08
3.3479395256108546e-08
2.957844102979834e-08
3.475805598895931e-08
2.059441506219173e-08
2.3182211705830014e-08
0.0025774529203772545
0.0038939660880714655
0.0032202748116105795
0.0034038727171719074
3.092998301923444e-09
8.138648865951836e-09
8.253541849967405e-09
1.3236254314819007e-09
6.533169116806903e-09
2.469461968246378e-09
5.369128253107647e-09
1.0472295253194375e-09
8.028388620573423e-09
8.655427485848577e-09
2.4932005349143083e-09
7.206232943701707e-09
2.661774356482738e-09
6.9603993679834275e-09
3.2459528398476323e-09
3.0616611468303745e-09
7.733276241594922e-09
1.7515070283025125e-08
2.58416168463782e-08
3.2043264042158626e-08
2.7755893583503166e-08
1.7532315155222022e-08
6.298061516751829e-10
5.672573966108985e-09
2.6899718008621676e-09
1.476803013211736e-09
7.902573706530802e-09
1.6063282926026545e-09
8.344269719628983e-10
7.388195388813301e-09
6.368626959130097e-09
2.2333794813533814e-09
6.7327028396846345e-09
7.696890236275067e-09
3.789432323486608e-09
4.805774889149461e-09
3.6035281425483845e-09
8.61033733201566e-09
4.935408082218373e-09
8.963570330422499e-09
3.7850908518599624e-10
4.2292267465882105e-09
5.339371167423224e-09
3.1870067696004867e-10
8.936579476426232e-09
5.8334137520432705e-09
7.326848572297706e-10
3.131392922739451e-09
3.5598943792791715e-09
9.21470189041429e-09
3.4651397307072784e-09
4.346087045803415e-09
8.843223042731552e-09
5.843039385666771e-09
7.014638314650767e-10
3.741928988887366e-09
4.755306370896051e-09
6.812009178958078e-09
7.77463704526582e-10
9.307060677699042e-10
6.066419810935031e-09
5.463287600093736e-09
1.26060706318043e-09
