7.160780302051251e-10
2.568403545399889e-10
5.259157553894056e-10
3.657471270290813e-10
4.1483949608789317e-10
1.0614995687996398e-10
4.893871974331887e-10
5.894855159560564e-10
3.074407395331491e-10
5.231322597332166e-10
6.055889817391247e-11
6.027732202262825e-10
6.194317281327244e-10
6.164306842748601e-10
6.309500838463933e-11
5.880653741741071e-10
3.015329930189381e-10
1.9262280659404496e-10
4.4282746913815174e-10
7.367188109563827e-11
4.2460343574468595e-10
1.5679042786320707e-10
2.4022450695326825e-10
1.4544342293032475e-11
6.872431512761068e-10
7.723727768471633e-10
5.865006397209882e-11
6.991010548240695e-11
1.2649105374240577e-10
7.393453627102531e-10
6.192457102649485e-10
5.783911682932796e-10
3.806490123103856e-10
3.6073846687578737e-10
4.3739498134520716e-10
4.327521396785272e-10
6.479826120120435e-10
7.682173785994451e-10
4.420045718322996e-10
2.0232744646353495e-10
3.3747998839928073e-10
4.778157314255793e-10
0.008142337203025818
94.05536651611328
115.43191528320312
83.21663665771484
23.279512405395508
236.78823852539062
255.01715087890625
0.0007518058991990983
9.814523946261033e-05
1.4202312936806294e-10
1.7468593238589847e-10
4.5133957682352843e-10
4.879576742666814e-10
2.319772846037793e-10
4.52350407131874e-10
5.617621368081416e-10
7.076458308219458e-10
3.353150646034919e-07
5.1007698065319573e-11
9.101635417563259e-11
3.262130149339626e-11
0.0007301215082406998
0.00035241604200564325
45.338134765625
65.19914245605469
0.006544581148773432
0.35638198256492615
3.7995212078094482
22.35232925415039
1548.623779296875
4193.2822265625
5520.37890625
6560.4326171875
5702.76806640625
3411.301513671875
1258.13232421875
890.4330444335938
547.5137939453125
3.8465704917907715
0.0006299715605564415
6.005970165645635e-10
4.058341163126755e-10
2.230719775564438e-10
5.190895491224978e-10
4.882853010812482e-10
2.979676992254099e-06
3.5250710084255843e-07
4.780396564707523e-11
0.0
3.7528035640716553
56.630706787109375
119.1490707397461
215.64039611816406
265.9678955078125
559.2643432617188
1555.8631591796875
2781.197021484375
7087.94384765625
14213.5576171875
20576.146484375
19813.001953125
12964.1953125
7326.873046875
3519.635986328125
1900.4056396484375
1297.957275390625
249.16766357421875
386.8424377441406
5.200351260725711e-10
5.654907098140427e-11
4.547428544832144e-10
4.836507305761018e-10
0.0
10.084683418273926
1.3135931231644804e-10
0.0
4.03911018371582
100.98155212402344
151.92860412597656
185.4147186279297
376.1036682128906
844.71875
1353.95068359375
3528.63818359375
7916.0302734375
17171.541015625
27434.953125
29175.470703125
26939.626953125
17726.62109375
8470.7890625
4784.64453125
2150.16552734375
1102.4517822265625
264.9595947265625
340.0914611816406
4.4773115770446736e-10
7.313543104459086e-10
7.643616295460731e-10
5.496512689440181e-10
1.4753764867782593
34.72684097290039
0.0
0.009254730306565762
90.60052490234375
497.93707275390625
470.57281494140625
424.8931884765625
823.6343994140625
1444.5269775390625
3004.6025390625
7093.4794921875
17317.857421875
28235.884765625
34337.80078125
31271.96875
24579.84765625
16823.62890625
8168.6455078125
3757.8349609375
1794.4813232421875
530.3801879882812
490.4829406738281
196.19967651367188
3.790154579075278e-10
2.8582006553201644e-11
2.0100598269179315e-11
1.238233127143218e-10
2.2165133953094482
2.179425806492219e-10
0.0
0.0
46.61941146850586
669.826904296875
420.1304016113281
502.2837829589844
833.0255737304688
2037.2825927734375
4933.20068359375
13276.4033203125
25358.396484375
35066.19921875
33958.609375
27827.63671875
20382.869140625
12221.6865234375
6842.10693359375
2783.9814453125
1757.1751708984375
631.9910278320312
240.4601287841797
12.158197402954102
0.07978199422359467
1.123946624659311e-08
6.941658359238545e-10
0.00014951710181776434
4.2704192959597265e-10
0.0
2.6725188035925385e-06
0.0007538673235103488
0.0
250.1764373779297
455.71221923828125
558.2080688476562
1436.949951171875
3329.93310546875
11524.1669921875
20587.521484375
33646.26171875
36916.4609375
30861.5703125
20812.759765625
13930.6279296875
7856.05419921875
3966.669921875
1758.1031494140625
972.5993041992188
115.27359008789062
94.68191528320312
136.99383544921875
0.046650949865579605
2.3204780319474594e-08
4.0476745198247954e-05
2.9775532039977293e-10
6.995450330116171e-10
5.7370496506337076e-05
0.0
34.84958267211914
111.7065658569336
72.16122436523438
505.87115478515625
661.9127807617188
2209.224609375
7267.666015625
17641.6171875
30708.365234375
37458.81640625
33004.65234375
23360.060546875
14143.5478515625
8599.33203125
5069.29345703125
2605.05419921875
1265.23046875
375.6250305175781
114.0936279296875
396.3204345703125
89.37334442138672
0.0004766843921970576
4.4645834251788585e-10
1.9144427709782974e-10
7.9684742138042e-10
6.801362251174226e-10
9.124378993874416e-05
48.90797424316406
50.66510772705078
110.70291137695312
260.58758544921875
402.1246643066406
1166.943359375
3448.313232421875
13003.724609375
25924.955078125
37533.828125
36777.4765625
26855.298828125
14549.7451171875
7510.3984375
6080.53515625
3854.894287109375
2225.138427734375
1127.890625
177.90478515625
118.87930297851562
26.32474708557129
23.279266357421875
28.310951232910156
5.841565564601581e-10
3.461028408313638e-10
6.692405518649025e-10
5.171421069150028e-10
8.324391819769517e-05
39.85011291503906
37.606319427490234
68.2986831665039
262.5389709472656
668.2019653320312
1820.332275390625
8762.4921875
20258.244140625
33984.1953125
39319.17578125
30584.1796875
19334.208984375
9238.7431640625
4825.48876953125
5010.0390625
4568.21728515625
2973.415283203125
1493.04052734375
413.7728271484375
333.27593994140625
63.21634292602539
55.63834762573242
33.49477767944336
6.191160362156722e-10
5.91236282154739e-10
0.0002413521142443642
2.6248955266316987e-12
1.9021124675333567e-09
44.624900817871094
47.87879943847656
82.39617919921875
306.2954406738281
747.9400024414062
4123.001953125
15352.013671875
29497.45703125
39011.44140625
37396.59765625
23682.25390625
12784.0849609375
8206.2529296875
8647.517578125
9386.9228515625
6845.77392578125
4395.267578125
1786.1624755859375
773.5394897460938
513.8358154296875
38.257266998291016
33.962833404541016
21.400033950805664
3.862402619958516e-10
7.390040801524833e-10
5.120804336122831e-10
3.5433700418252556e-10
1.7612242331210837e-08
0.0
43.89235305786133
134.9317626953125
221.8324737548828
1524.183837890625
8307.1552734375
21044.978515625
36840.9375
40313.96484375
31876.5390625
19386.9140625
14169.5478515625
13345.1943359375
13776.8828125
13448.8408203125
10772.291015625
6866.482421875
1970.1058349609375
845.8343505859375
503.36669921875
36.709354400634766
83.67757415771484
31.939722061157227
3.618946808892076e-10
3.224832345605222e-10
2.3024040274322033e-06
6.833874022227349e-10
2.1134079375428882e-08
0.01107619609683752
0.0
109.45158386230469
573.8186645507812
3420.1767578125
13260.3408203125
29498.341796875
37743.24609375
38595.4375
27028.328125
20198.79296875
20139.1640625
22017.4453125
22320.205078125
19820.671875
17281.587890625
10153.5869140625
4983.87646484375
837.6621704101562
230.88868713378906
113.04334259033203
74.226806640625
41.50693130493164
6.729706791830381e-10
4.689837407312325e-10
5.930498314654642e-10
5.943379122186343e-10
2.2641605923467978e-08
0.010768101550638676
0.6239706873893738
97.8545150756836
2165.50146484375
6815.759765625
20799.328125
35183.33203125
39985.859375
34179.97265625
25444.09765625
25738.173828125
26884.607421875
28806.32421875
28062.232421875
24537.59375
20651.96875
13788.8642578125
7501.5283203125
1094.3970947265625
358.4918518066406
146.7791290283203
44.16737365722656
6.192990564812817e-10
4.845669976383249e-10
4.314778742631198e-11
6.000680508044809e-10
1.574955166283587e-10
0.02725539170205593
287.7802734375
42.775821685791016
509.2259521484375
2933.54833984375
11740.36328125
25230.974609375
36792.84765625
38169.0078125
30198.330078125
26300.052734375
25489.78515625
27828.166015625
28425.767578125
29568.326171875
28749.083984375
23776.681640625
15866.6416015625
7185.146484375
2248.44140625
376.4925537109375
209.3978729248047
119.3813247680664
9.962188712853148e-11
9.06668767841623e-11
1.0869843913852151e-10
6.830746860941872e-05
4.4447738822839256e-09
0.05233561247587204
327.54571533203125
110.06839752197266
871.1519165039062
4996.78076171875
14141.431640625
28339.3828125
35871.1796875
35873.91015625
27336.0859375
24403.09765625
22480.92578125
23117.47265625
24898.044921875
30874.201171875
33659.00390625
25782.521484375
15407.091796875
8022.30712890625
3538.04150390625
262.9012145996094
217.33021545410156
165.9832000732422
6.059316243200996e-11
2.8535412921470993e-10
5.606020647697108e-10
7.659867740095194e-10
5.2538744057528675e-06
119.72502899169922
467.68365478515625
399.51220703125
1461.1163330078125
8183.6669921875
18139.9375
29186.427734375
34654.7578125
34614.74609375
25906.443359375
22325.056640625
19633.32421875
18266.54296875
24778.505859375
32058.955078125
33021.5078125
25970.818359375
14289.68359375
5978.62841796875
1896.220703125
368.5909423828125
257.6852111816406
132.49818420410156
8.749633795268608e-10
2.8199738153489307e-06
7.066161544777572e-10
1.081945991132649e-11
0.0011095006484538317
314.5224914550781
305.65264892578125
387.5007629394531
2546.057373046875
9261.7783203125
18247.51953125
30393.650390625
37310.60546875
34604.97265625
25608.48046875
20583.73828125
19004.630859375
22766.423828125
30377.65234375
35326.171875
31087.919921875
23477.521484375
11546.0869140625
4553.72802734375
1285.9814453125
435.4217529296875
234.04100036621094
145.2301788330078
3.5040390033991287e-10
4.5430138817526e-11
3.131019610247421e-10
5.10847894474864e-06
0.0010048075346276164
96.0810317993164
32.642822265625
661.089599609375
2626.90234375
7365.63916015625
17012.03515625
27594.6875
35476.39453125
36005.515625
32300.984375
25899.7890625
26093.083984375
35322.984375
36584.5390625
35230.75
26999.69921875
16965.423828125
7801.68701171875
3022.75048828125
1198.7977294921875
415.69903564453125
120.76544952392578
120.64019012451172
6.952316500274947e-10
1.2261292675619373e-11
2.9735136575226306e-10
2.2854021153762005e-05
0.0013812199467793107
0.07106257230043411
26.177459716796875
874.1270141601562
2443.80712890625
6610.04736328125
13312.5859375
24270.419921875
34646.62109375
38796.2421875
37737.65625
34372.5234375
36485.5
36294.9453125
35442.1015625
28804.70703125
19297.3203125
10461.3447265625
4606.5068359375
1912.926025390625
617.8157348632812
429.38629150390625
136.2602996826172
49.437217712402344
2.958918388085152e-10
1.5226750416097445e-11
1.973688226741821e-11
2.696777801070027e-10
7.322069450310664e-06
0.05504395440220833
24.301494598388672
400.9100341796875
1809.62890625
2825.480712890625
8337.408203125
17788.94140625
28157.072265625
36334.44921875
38007.54296875
37382.49609375
35598.8125
33427.546875
26020.3828125
16124.5478515625
8729.4453125
5129.08740234375
2683.88232421875
1244.1771240234375
579.2105712890625
170.39588928222656
27.343629837036133
39.210697174072266
0.0
5.462752125651171e-11
4.4556366929349167e-10
2.2833605839434057e-10
1.0917738067772742e-11
0.03814685344696045
6.715630531311035
157.090576171875
263.08624267578125
924.7269897460938
2936.19775390625
6511.10791015625
11556.892578125
18436.451171875
25573.646484375
24724.1328125
22398.888671875
18047.6796875
11777.7763671875
6348.177734375
2592.95166015625
1288.368896484375
609.6195678710938
349.4481506347656
361.73663330078125
25.036540985107422
16.83793067932129
2.842016899595734e-10
2.958792377771857e-10
2.525072095860281e-10
7.313420702370621e-11
1.554544409865244e-10
4.637581429989268e-10
0.008596807718276978
0.020116601139307022
64.00209045410156
178.61038208007812
217.29107666015625
743.825439453125
1790.0133056640625
3322.587646484375
5264.54541015625
6563.138671875
7412.07373046875
6380.3603515625
4388.34423828125
2975.736572265625
1222.7509765625
362.0165100097656
130.46554565429688
139.81036376953125
180.48707580566406
128.82522583007812
0.004360041581094265
3.983313956457124e-10
2.19497767184329e-10
6.886255454752188e-10
7.085935171957658e-10
3.743562404512346e-10
5.555533255652279e-10
1.7409225450126797e-10
3.0491054126002837e-10
2.1315423037737702e-10
52.40138244628906
75.17083740234375
53.37205123901367
217.35914611816406
709.233154296875
895.6583251953125
909.4661254882812
1138.0830078125
959.3056640625
393.16473388671875
389.05718994140625
157.29393005371094
31.299654006958008
105.54708099365234
0.5393140912055969
98.5196762084961
126.74762725830078
171.46878051757812
0.0006733174668624997
2.426106815445195e-10
1.2196277321407933e-10
2.620880734660602e-10
3.243591228940801e-10
7.745517005552927e-10
3.388246627711311e-10
4.267491360288034e-10
4.5532667913850133e-11
5.889586734975083e-11
0.0005147255724295974
0.0010881146881729364
0.0013895138399675488
0.0015314487973228097
0.0002767134865280241
6.56457586956094e-06
5.8715081214904785
15.618292808532715
0.0057719070464372635
0.0038963486440479755
1.529058408777928e-07
5.417263970741715e-09
7.574578830826795e-08
8.299215892293432e-08
1.0427237384647015e-07
6.108599137633064e-08
1.1511206432501808e-09
2.96889873796502e-10
6.246029804479747e-10
6.392112394948413e-10
5.626837884520342e-10
5.33595445606494e-10
2.674001575719842e-10
1.7601184398863268e-11
6.842796884676261e-10
7.641474675246229e-10
3.2552655016004906e-10
3.566674733335162e-11
1.8787296718336677e-10
0.0010388714727014303
0.0007250919588841498
0.0
2.531364673430403e-09
3.0532074646316687e-09
5.483167342390516e-07
2.7296161420053977e-07
1.6459472362839733e-07
1.63437306355263e-07
8.254197325641144e-08
5.469732999863197e-10
9.804469458529752e-10
1.0750594858777163e-09
8.537077156312023e-10
1.2184611826449032e-11
4.6395742803184703e-10
5.573281836035449e-10
1.3882816771171314e-11
4.793671570801905e-10
7.3647421494627e-10
6.834610655204187e-10
2.77180417507239e-10
1.0838016595293709e-10
1.750928291244236e-10
3.397895298462572e-10
7.021923598138358e-10
7.283063596652539e-10
5.957281196122821e-11
5.859556728715631e-10
7.387133682534852e-10
3.6114922163932306e-10
7.493433096250612e-10
4.6276951715107373e-10
7.293253778684061e-10
6.041707689696807e-10
1.4876080456360796e-07
1.8987719840879436e-07
5.1988678251291276e-08
8.2802048551045e-10
1.107175351400258e-09
6.419104137123099e-10
6.095060567368193e-10
3.7262015695205264e-10
3.38011868494803e-10
5.762137433862335e-10
7.119983491676862e-10
5.307077000082927e-10
4.905085781992113e-10
3.6533839842256555e-10
6.994121393155694e-10
