8.132820528139462e-10
8.186552130640123e-11
1.4158741956649123e-09
5.390661805826369e-10
7.07330471971801e-10
6.811586295007999e-10
9.382818966230388e-10
3.9415418151556025e-10
1.83570614264994e-09
9.219789931513844e-10
1.237426383582374e-09
1.8558604653051702e-09
1.0113844206571798e-09
1.736962795817476e-09
1.7797499030081099e-09
4.648126605832914e-10
9.252224542066756e-10
1.299836571710955e-09
1.5188761359752334e-09
1.6975487682202584e-09
1.492848733519736e-09
3.109969530165624e-12
1.8197588991242242e-09
7.457227890750318e-11
1.0653413706762649e-09
3.395229930536203e-10
1.8377165345029312e-09
7.092715303969044e-10
1.123500736888161e-09
1.7472702174003985e-09
1.740142141493095e-09
5.162654748147588e-10
7.301347304533579e-10
4.8963857274264555e-11
6.790056850114468e-10
1.0042586762182282e-09
1.8457203543320588e-09
1.16607098976651e-10
4.71935879264862e-10
1.1117256004666842e-09
3.126803815867163e-10
4.362968319959748e-10
0.042253278195858
0.05445418134331703
0.018261516466736794
5.635850675034249e-10
6.627471904607773e-10
6.385746376125212e-10
1.3478633764663073e-09
5.509745437670688e-10
1.6451865425537449e-09
1.318774534020406e-09
1.370490942953495e-09
1.3376685314980818e-09
1.4093671785175843e-09
1.8281010039089551e-09
4.043726464786346e-11
1.1167962110647522e-09
1.3230576634271074e-09
1.5653845997221083e-09
1.3494083628273756e-09
1.8136843138449876e-09
9.309837345483629e-10
1.7153700682115414e-09
0.0012682450469583273
0.001327203819528222
1.8966940641403198
1.9938470125198364
7.730517337378728e-10
0.004313809797167778
2.3428006172180176
2.431732177734375
3.280395746231079
3.672193382708855e-10
1.1868172000717436e-09
1.0753967716325974e-09
2.1195027677389788e-10
1.7620546133301218e-09
1.7431363019682067e-09
4.756131044558742e-10
1.5535860375948118e-09
1.289690798600418e-09
1.2143938632469542e-10
5.802084368511373e-10
7.314711059080992e-10
1.1911254205188015e-09
103.59785461425781
9.59131107869382e-10
1.3944867482962309e-09
5.678085224225526e-10
8.074592106055434e-10
1.7843912458737066e-10
0.0014028471196070313
133.91317749023438
219.46817016601562
212.8356475830078
255.99819946289062
152.37123107910156
441.1766357421875
370.38507080078125
449.5342712402344
303.0556640625
144.32693481445312
0.10537557303905487
0.1000400260090828
0.12173686176538467
0.12299572676420212
0.02283683978021145
3.787168079139036e-10
1.5442627177009172e-09
2.8846416921801676e-10
1.2332243004564702e-09
2.2763824159000023e-10
4.3836584362466624e-10
102.33251953125
17.124595642089844
9.848585280636257e-10
3.5542349815368652
8.744359016418457
41.136837005615234
344.3061218261719
774.5944213867188
1945.0206298828125
6749.07373046875
14562.48828125
26800.373046875
28939.974609375
21992.58984375
9234.6796875
3472.512939453125
453.859619140625
2.311629295349121
1.404215931892395
0.4025147557258606
0.09436389803886414
0.11793746799230576
6.860359835769714e-09
1.1262987209548214e-09
1.5924764840136163e-09
1.4586361007928872e-09
3.362277123386548e-10
8.21971934961141e-10
2.468066861993634e-10
9.93811366534203e-10
2.356814521320416e-09
193.2469940185547
263.2146911621094
614.7805786132812
1134.0233154296875
2975.725830078125
5240.85986328125
12376.7744140625
26620.37890625
46454.328125
52255.0390625
37604.05078125
18769.873046875
6629.7412109375
1818.3671875
239.69017028808594
14.139432907104492
0.9166998267173767
31.11246109008789
0.9120379090309143
8.812458318629979e-09
1.6968486615809297e-09
1.5894810467820264e-10
1.6835438598761243e-09
1.8213804908739917e-09
1.1793470644505533e-09
1.7083628955916197e-10
1.5987704493625188e-09
61.37875747680664
299.41357421875
744.9818115234375
1047.9000244140625
2146.36767578125
4224.48388671875
8247.2421875
14844.244140625
29537.634765625
53583.9765625
59571.02734375
45487.15625
23097.6875
9905.6630859375
2320.542236328125
499.99871826171875
63.052738189697266
9.963961601257324
2.2013397216796875
2.378790855407715
7.762253950716058e-09
1.6920893575189666e-09
1.4768065659254148e-09
1.8352996900006247e-09
6.795995433073188e-10
4.669088449205105e-10
1.9527657268980647e-11
0.0001157616134150885
316.0757751464844
384.0480651855469
661.8390502929688
1367.2437744140625
3552.806884765625
5356.0458984375
8660.8330078125
14406.53515625
32550.169921875
56077.6640625
62416.10546875
50193.68359375
25701.685546875
10752.49609375
3074.37890625
553.4677124023438
145.4882354736328
5.9731764793396
34.76815414428711
1.479026198387146
0.300217866897583
2.239697982631128e-09
3.005734827699058e-10
2.2521437839650993e-11
7.604433194252636e-10
7.864661144552088e-10
1.6681793724160343e-09
0.00033808377338573337
248.29409790039062
388.5333251953125
1061.422119140625
1433.107421875
3055.781005859375
4832.6181640625
7112.1796875
12141.23046875
30999.091796875
54779.609375
60459.859375
52302.8046875
25119.572265625
10458.302734375
3986.0966796875
1039.0897216796875
720.0772094726562
11.252989768981934
42.363136291503906
38.263038635253906
0.5750799179077148
1.5971625133559542e-09
1.5026269117868196e-09
1.3710393931276599e-09
3.903674605787444e-10
1.6508128197756378e-10
1.2957928063883628e-09
3.483321270314477e-11
247.12925720214844
763.5546875
733.9920043945312
837.3303833007812
2372.646240234375
3740.90673828125
5352.0341796875
9387.302734375
28907.630859375
55965.0703125
62409.015625
55058.9453125
27334.107421875
9565.97265625
3576.990966796875
814.6192016601562
207.82032775878906
14.83790111541748
38.1932487487793
31.119264602661133
7.098338603973389
0.012084688059985638
6.444598188437567e-10
1.8014316705006195e-09
1.2788526904117248e-09
1.5856176371897845e-09
1.777039626560395e-09
1.2690494211042846e-09
1.3867923021316528
429.3963623046875
508.3944091796875
762.505859375
1925.9835205078125
3315.89306640625
4759.5263671875
8427.3427734375
28092.59765625
57037.54296875
62744.61328125
56489.49609375
27627.275390625
8331.712890625
2808.1259765625
872.8539428710938
272.4580078125
69.42842864990234
30.247262954711914
0.14192765951156616
3.062144426912994e-10
0.014074523001909256
1.8242841681725963e-09
6.945341524122739e-11
1.169058405636747e-09
5.532327929103076e-10
9.309841231264215e-10
1.8149453051563569e-09
4.2344092121560095e-10
454.6036071777344
549.1543579101562
370.4024353027344
1745.624267578125
1978.32421875
3277.3017578125
8252.9033203125
26528.91015625
57933.12890625
63242.96875
58111.7421875
30585.638671875
8215.791015625
1923.142333984375
1154.07861328125
350.1661376953125
20.41613006591797
3.1996726989746094
0.13872623443603516
7.946920344004127e-10
0.007496981881558895
3.430245254509856e-10
1.8362388610839844
7.784177746827936e-10
1.6886710918484482e-09
1.0152453322476163e-09
1.6017798198930677e-09
0.0
0.01251827273517847
0.00642077811062336
56.7307243347168
1350.392333984375
1983.32275390625
2503.98291015625
6825.505859375
24633.82421875
58975.359375
63798.48046875
59906.19921875
32756.337890625
6706.14208984375
2006.95361328125
923.2159423828125
386.908447265625
3.8690872192382812
4.111452102661133
0.002408403204753995
0.0
0.018226854503154755
6.741047164915415e-10
2.351686954498291
9.853159399497713e-10
2.3730828413448535e-10
1.1005328870439257e-09
1.371675772965375e-09
2.955786943435669
1.714311957359314
0.0001775077689671889
90.84403991699219
813.5670166015625
1182.5406494140625
2505.017333984375
4665.3583984375
24846.8046875
59608.69921875
63510.875
58388.59375
29407.513671875
6051.69970703125
2139.464599609375
1885.213134765625
448.9195556640625
1.058092713356018
5.284595966339111
0.002907457761466503
1.5622305671314507e-09
0.020212290808558464
1.1506835484453859e-09
3.3471755922498403e-10
1.1191145787847745e-09
1.723617026883062e-09
2.743400645544014e-11
3.2655833592798444e-10
10.035809516906738
7.616640567779541
1.8595857620239258
46.47354507446289
535.3399658203125
1365.0364990234375
2721.852294921875
4939.74462890625
24738.306640625
58161.07421875
63722.77734375
59505.9609375
29319.7109375
5735.19873046875
2975.465576171875
1575.783935546875
779.7597045898438
14.670796394348145
13.639650344848633
5.739904880523682
0.147123783826828
0.277521550655365
0.9596391916275024
1.6134973357395666e-09
1.1926885694346634e-11
7.397513157592073e-10
4.5995451891656103e-10
1.7212958836054781e-10
10.492681503295898
10.203971862792969
12.948444366455078
91.5484619140625
874.7559204101562
1455.107421875
2743.0537109375
5625.12451171875
26403.16015625
59961.44140625
63414.14453125
59776.9140625
29909.990234375
6084.81982421875
2252.19091796875
1288.770751953125
610.276611328125
26.351123809814453
17.66864585876465
10.931488990783691
9.392992973327637
0.1459343433380127
1.4676769799493172e-09
1.5924314089588165e-09
1.053047760102288e-09
0.0
4.82993811612431e-10
2.73048250676311e-10
2.533451795578003
12.935517311096191
61.89493179321289
298.7405090332031
436.1196594238281
1459.540771484375
2143.4775390625
6609.2041015625
26128.142578125
57491.21484375
63691.6484375
61613.0625
29695.24609375
5939.45654296875
3027.576416015625
1568.9078369140625
648.1767578125
964.5858154296875
347.6909484863281
95.79418182373047
14.827577590942383
0.04141711816191673
7.683089164878254e-10
8.96104968006739e-10
1.0584840781646676e-09
0.0
2.8695318343707754e-10
1.2021965645203636e-09
2.8178259725564203e-09
3.9309420585632324
4.635866165161133
227.93341064453125
364.63848876953125
1190.2537841796875
2184.91650390625
7043.97705078125
24162.375
56214.10546875
63880.28125
60951.52734375
31287.703125
7756.671875
3670.28271484375
1962.1690673828125
1446.146728515625
1263.4012451171875
513.8854370117188
300.6723327636719
38.364479064941406
6.166516741679118e-10
1.3590623071380037e-09
9.216098995068478e-10
1.7859568268718817e-09
3.631239475776482e-10
2.0998178890119235e-11
8.388932326575116e-10
2.631836304445301e-09
13.59719181060791
31.754411697387695
48.87828063964844
320.4718017578125
809.4071044921875
2199.0166015625
7016.28857421875
25751.591796875
54082.31640625
63196.8359375
60520.859375
33449.1953125
10105.1796875
3915.942626953125
2249.40625
1711.010009765625
838.796875
356.7928466796875
84.81159973144531
70.8947982788086
1.1195190330326454e-09
1.2994152420731098e-09
7.786101195961237e-05
4.11104067454815e-10
1.2190930487321339e-09
2.3176259134061183e-08
1.671284444171306e-08
0.08809136599302292
20.577829360961914
45.251468658447266
95.74852752685547
253.55706787109375
855.4479370117188
3017.095947265625
8616.392578125
26242.44140625
51815.75390625
63570.38671875
59149.953125
36809.75
12883.7626953125
4393.8134765625
2326.069091796875
2211.53955078125
1453.1937255859375
135.97970581054688
141.79478454589844
101.28512573242188
37.04710006713867
4.4259859666162527e-10
4.3260562961222604e-05
1.0416127682599807e-10
9.655602983826839e-10
8.890664870975229e-10
1.215859524172913e-09
0.1013740748167038
11.658196449279785
92.6219482421875
79.45834350585938
355.5910949707031
1445.9962158203125
3259.66796875
9305.736328125
25302.38671875
48938.4453125
62005.2890625
57913.61328125
36804.09765625
13645.6083984375
5132.443359375
3154.150146484375
1772.2943115234375
1599.5465087890625
579.8389892578125
449.59771728515625
455.48748779296875
66.83916473388672
1.0907765801704272e-09
9.80408754180928e-10
1.7449439670969014e-09
1.5190441127188592e-09
1.8673584900597007e-09
2.1564692254116835e-09
0.1381547749042511
57.288421630859375
48.504024505615234
135.92013549804688
399.285888671875
1423.223876953125
3754.7138671875
9428.2861328125
25208.583984375
48648.06640625
60859.9140625
57247.296875
38580.19921875
18549.650390625
6839.87109375
3865.166015625
1779.0269775390625
1222.738037109375
553.9526977539062
482.18267822265625
492.4852294921875
7.761002951411911e-10
1.2197430843130519e-09
3.046478069812508e-10
1.3216786554082205e-09
1.0955684137670119e-09
1.4041690032939869e-09
1.7492430837151574e-09
0.014176882803440094
23.2089900970459
19.032194137573242
108.80895233154297
188.29483032226562
1975.1976318359375
4169.61474609375
9568.1552734375
23862.40625
45992.1875
58571.63671875
55867.296875
37331.20703125
18450.90625
8078.50927734375
3522.982421875
1938.8770751953125
1142.4354248046875
629.7376708984375
272.4832458496094
4.851476442802038e-10
7.050717787393523e-10
1.0055257737562329e-09
3.433208994874093e-10
1.6620986809101623e-09
1.2934505688733111e-09
1.5672969588820251e-09
1.7225645354557173e-09
1.7618826397836074e-09
0.0001283586025238037
0.0
10.024686813354492
157.7954559326172
1608.4937744140625
2765.806396484375
7874.869140625
17130.908203125
36398.65625
49809.73046875
48106.84375
32848.0078125
13841.068359375
4645.37744140625
1652.0726318359375
578.4121704101562
556.9227905273438
425.539794921875
160.34918212890625
1.7475430965423584
5.132237967941933e-10
82.73528289794922
7.464112661281774e-10
7.263221690756438e-10
1.6037687844416837e-09
1.231800328405086e-09
1.76077186164747e-09
8.544506213681302e-10
1.6381989098590566e-09
1.5950202270076375e-09
3.4488321087877694e-09
42.3807258605957
194.48423767089844
430.99884033203125
2409.672607421875
5667.880859375
9916.9345703125
14534.205078125
13165.9443359375
7104.88720703125
2349.059326171875
713.6373901367188
255.77224731445312
287.30438232421875
344.64337158203125
189.9628448486328
263.20068359375
6.025880905369263e-10
0.010282423347234726
1.0708313125107338e-09
1.5218317717113905e-09
1.7536776475424176e-09
5.417442883182133e-11
7.509974864206015e-10
1.2941674398803116e-09
7.965098199058662e-12
1.709071106859028e-09
5.484741549821592e-10
1.3534894316435953e-09
5.803546082461253e-05
0.00012916038394905627
5.7991485595703125
316.169189453125
606.963623046875
1130.8927001953125
824.7303466796875
740.8648071289062
460.83587646484375
128.85775756835938
0.03348015993833542
4.706160461331876e-10
1.7108794381215375e-09
1.0896260560500082e-09
1.3962350164931081e-09
5.315850537535027e-10
1.4801935233066388e-09
1.7742735058945414e-09
6.905443994398297e-10
9.561916813893845e-10
1.3307264179474032e-09
1.0708650632906824e-09
6.186955392450955e-10
1.6410383052445354e-09
1.2280373384854215e-09
8.088739678058232e-10
1.079446643181825e-09
4.197673320049944e-10
1.7067943725024293e-09
1.8495828202347298e-09
5.606164421578796e-10
1.202658111987276e-10
0.6173078417778015
125.87712860107422
78.90421295166016
190.5762176513672
157.7053985595703
55.744449615478516
5.867923924540719e-10
2.836144374906979e-10
8.493700187628406e-11
9.094123787356523e-10
2.0162452263328134e-10
9.586730298494217e-10
4.394602459711905e-10
8.936593132169435e-10
6.542405506237969e-10
9.868668382484458e-11
1.6214278530934934e-10
3.3220004524991964e-10
3.950452742707e-10
1.3139329624323182e-09
6.611341474282995e-10
4.4291073586499863e-10
5.372831624050889e-10
4.6282960797228156e-10
1.0924740279083522e-10
2.6217672477457654e-10
5.166961303260109e-10
1.186603149072596e-09
6.512692607429926e-10
1.6434350547100962e-09
1.2926121284451142e-09
3.9193556733430057e-10
6.118526241216671e-10
5.834247529534764e-10
9.955224422597553e-10
8.40678027191899e-10
1.7428594123458652e-09
8.541831131303468e-10
9.646667492591021e-11
1.1430753010799322e-09
1.032029128822387e-09
9.408532841703732e-10
1.0195664312817598e-09
1.0004308492739256e-09
