2.7510509426065255e-07
1.8544118063346104e-07
2.6601696845318656e-07
2.6491071025702695e-07
2.1705409380956553e-07
2.7606355956777406e-07
1.308171420077997e-07
2.519542476875358e-07
2.8800030804632115e-07
7.218173436740472e-08
2.140630641633834e-07
6.555259091101107e-08
1.2440314378636685e-07
1.6598116303612187e-07
2.533867160536829e-08
1.9988443966667546e-07
3.1552553991787136e-07
1.1710807257259148e-07
1.267504785573692e-07
1.9211201163216174e-07
1.0728776089763414e-07
3.781360291554847e-08
1.2693533335550455e-08
6.200946245371597e-08
8.775434423569095e-08
2.9431879511321313e-07
2.5909642431543034e-07
2.3420560069098428e-07
2.0499285824371327e-07
2.86086077494474e-07
2.529482685531548e-07
1.3640625695643394e-07
2.335018081112139e-07
6.10408008583363e-08
5.831738647543716e-08
3.805239501275537e-08
3.546128723996844e-08
3.336789689001307e-08
1.5328647862133948e-07
1.5084138738075126e-07
1.7297983845310227e-07
4.548775223156554e-08
8.136031226513296e-08
1.8082706887412314e-08
4.183731761031595e-08
2.1973624697579908e-08
5.957284798796536e-08
2.818176483287971e-07
2.731071901962423e-07
9.686218938043112e-09
2.206833471518621e-07
2.1273726247272862e-07
1.5666391561808268e-07
4.325994851228643e-08
4.026280819857675e-08
1.675264229561435e-07
6.19709297211557e-08
1.0434933983560768e-07
1.390628341368938e-07
3.0736825351596053e-07
2.5929827529580507e-07
2.819345183979749e-07
7.664799284157198e-08
1.5981441947587882e-07
1.648190561809315e-07
2.652730017871363e-07
3.554001182237698e-08
1.0575851661087654e-07
2.553033340291222e-08
1.792290191815482e-07
7.401506252335821e-08
2.1666282634669187e-07
1.4319370222892758e-07
3.3174270441804765e-08
3.717645924439239e-08
8.40265457213718e-08
2.087633248493148e-07
3.088283904162381e-07
1.8208403673725115e-07
1.82460524911221e-07
1.6367586397336709e-07
2.1982776843287866e-07
5.165439631582558e-08
2.791381632505363e-07
1.2488129641496926e-07
1.3512043040009303e-07
2.5084372623496165e-07
2.1043804565579194e-07
1.8814994007243513e-07
1.4796002290040633e-07
3.0791167660026986e-07
1.9113552696126135e-07
1.0582192544461577e-07
4.200562955247733e-07
4.286163743927318e-07
152.00247192382812
123.45410919189453
163.7842559814453
135.30267333984375
135.46116638183594
0.0
9.040581971930806e-07
9.730073315949994e-07
4.85103702545166
11.755369186401367
16.022428512573242
3.0199129241736955e-07
7.832302628685284e-08
2.606406894756219e-07
1.4483006793852837e-07
2.9912641252849426e-07
6.404624031119965e-08
9.747559204242862e-08
1.382071275202179e-07
2.886075094465923e-07
1.021572941795057e-07
5.946935388578822e-08
577.5872192382812
591.2584838867188
434.44964599609375
783.0955200195312
1551.9534912109375
2135.69091796875
2481.41162109375
4096.81884765625
2995.94091796875
2744.93994140625
2552.7041015625
3092.080810546875
2289.267333984375
1294.015380859375
1322.5982666015625
559.8961181640625
57.26748275756836
5.80033540725708
0.46449801325798035
0.07488717138767242
3.024516104233044e-08
8.721396049793384e-09
9.417665580713219e-08
2.7890646947525966e-07
4.478739512592256e-08
1.3749027516496426e-07
84.33062744140625
273.5852966308594
636.25244140625
2649.425537109375
5157.57275390625
7843.79296875
11805.6962890625
15406.6357421875
17592.197265625
19193.513671875
19696.361328125
17752.0625
16875.671875
16336.6162109375
12790.259765625
7285.94287109375
4264.759765625
3001.455322265625
1512.4013671875
1190.8590087890625
186.7619171142578
7.104075908660889
0.735016405582428
1.7249043082756543e-07
1.2588739828345297e-08
1.272095460080891e-07
1.5962554300585907e-07
8.511342031169988e-08
264.3233337402344
865.879150390625
4861.021484375
9050.8720703125
14207.84375
18776.59765625
24180.521484375
25999.56640625
27265.32421875
27830.4375
28916.857421875
28232.267578125
27141.09375
24773.076171875
21537.908203125
16876.083984375
8941.1455078125
6701.72802734375
5029.5537109375
3179.72265625
2448.499755859375
1500.823974609375
0.08130400627851486
2.4997359560074983e-07
2.3021956963020784e-07
2.7113537726108916e-07
1.428986990958947e-07
1.3818670652199216e-07
642.4454956054688
3770.268798828125
7195.29443359375
15031.048828125
20886.29296875
25048.53515625
28934.791015625
30299.48046875
26903.779296875
26893.90625
25610.892578125
25301.05859375
24589.451171875
26577.34765625
24342.0546875
19998.2578125
13455.1416015625
7454.37451171875
4976.349609375
3355.111328125
1631.763671875
577.6212158203125
0.0
2.989803533637314e-07
3.7531659557998864e-08
2.4963716782622214e-07
2.405590748821851e-07
1.478614564121017e-07
1967.521728515625
4997.1025390625
11144.2939453125
18003.302734375
24665.349609375
26175.720703125
25791.3828125
21503.0390625
17932.0078125
13960.912109375
13430.806640625
14861.0595703125
16836.828125
17782.728515625
20881.0390625
18185.357421875
12631.029296875
5911.7958984375
2940.450439453125
1928.5093994140625
961.0447998046875
39.74040222167969
23.29032325744629
10.219585418701172
2.682540696241631e-07
2.628494257805869e-07
1.915330614110644e-07
7.497517628962669e-08
1702.4993896484375
5607.42724609375
11098.1884765625
16762.794921875
21458.009765625
22512.634765625
18575.833984375
13709.5439453125
7633.869140625
5925.1572265625
6703.39990234375
7256.2490234375
10155.4453125
12143.5673828125
15490.1962890625
15505.2607421875
12094.671875
5915.041015625
2975.055419921875
1409.6015625
452.97344970703125
5.760317325592041
8.762185096740723
26.484115600585938
2.841716764123703e-07
5.496382016190182e-08
2.0872136019534082e-07
0.011090015061199665
1045.2742919921875
5405.22216796875
9171.05859375
15857.4267578125
19829.693359375
20430.46875
15504.4990234375
8998.8662109375
4782.9755859375
3179.9560546875
4800.03857421875
6841.82421875
10657.57421875
13450.73046875
14183.2646484375
13940.271484375
10603.3017578125
6717.44140625
2252.677978515625
1294.0948486328125
779.2037353515625
0.0
1.3041955071457778e-06
1.6916766298891162e-07
7.151442815711562e-08
3.755882360678697e-08
2.0471043171710335e-07
0.01225608866661787
309.2311096191406
3423.441650390625
7821.90869140625
13791.3330078125
19613.421875
19958.1953125
17924.224609375
12334.6767578125
9785.2763671875
7493.861328125
9750.2509765625
13601.2939453125
18883.55078125
17458.33203125
16022.5390625
13328.4482421875
9733.1298828125
6141.84765625
1680.486083984375
1134.382568359375
504.6374816894531
296.9958190917969
9.145647368313803e-07
2.922153896633972e-07
1.8436156778989243e-07
9.287541402613897e-09
4.8570129251857e-08
2.901170148561505e-07
246.2444610595703
1678.227294921875
4903.056640625
10180.6904296875
17658.67578125
21302.724609375
21400.083984375
20284.650390625
20962.91015625
20831.15234375
20548.779296875
21724.111328125
21694.9375
19195.01171875
17512.76953125
12309.0810546875
8740.7060546875
5583.544921875
2761.79443359375
1188.9334716796875
498.7184143066406
331.2675476074219
7.63775744871964e-08
2.5068536047001544e-07
6.219066506218951e-08
3.6508343015384526e-08
2.0321316185345495e-07
2.1263987548536534e-07
16.203380584716797
804.2353515625
3214.163330078125
8653.703125
15894.6328125
21555.50390625
25280.3984375
28715.865234375
29923.09375
27936.14453125
28218.802734375
27608.0546875
24791.626953125
23041.91796875
20612.625
16288.9326171875
12393.9072265625
8232.4228515625
3920.88037109375
1353.59033203125
226.96734619140625
29.289386749267578
0.5508763194084167
1.566472889180659e-07
7.234864374261463e-10
1.6999426577513077e-07
2.141712371894755e-07
2.986257641168777e-08
61.3149528503418
1022.6043090820312
2981.365478515625
5930.8935546875
13220.9111328125
20714.775390625
24875.73046875
27583.640625
30222.875
29509.208984375
29271.828125
28345.455078125
28292.73046875
27154.55859375
25727.84375
24548.03125
20298.62109375
14253.771484375
8047.01513671875
3132.807861328125
1095.323486328125
116.25076293945312
7.363883972167969
1.6966974669685442e-07
1.7914905470206577e-07
9.446344506613968e-08
2.0770587028096088e-08
2.0576509385250574e-08
70.50829315185547
1023.1431274414062
1981.2979736328125
3621.61865234375
8125.52490234375
17171.029296875
22134.841796875
22887.431640625
23718.5546875
23201.66796875
21030.619140625
21283.248046875
21367.564453125
21653.89453125
24626.98828125
26280.435546875
27063.669921875
25373.298828125
13847.078125
5364.2626953125
2194.6396484375
597.3056640625
13.48238754272461
2.2588150727642642e-07
9.069729856037156e-08
1.182432214363871e-07
8.862128453301921e-08
2.841535433617537e-07
96.48412322998047
173.4150390625
1588.969970703125
2379.041015625
5274.79443359375
8463.7138671875
12698.6083984375
15882.4560546875
16271.04296875
13490.3193359375
11386.2509765625
9235.322265625
9898.2978515625
11223.072265625
13171.529296875
20837.859375
24803.51171875
27721.9140625
22766.33984375
11189.837890625
4158.49169921875
1446.599609375
15.738799095153809
1.265138678263611e-07
1.0411454809400311e-07
5.924949775248933e-08
1.9674436657624028e-07
1.331573145080256e-07
13.3472900390625
285.6866760253906
377.89556884765625
943.1870727539062
1708.6796875
4916.22216796875
8835.875
11748.380859375
10269.4755859375
7710.28515625
3899.399658203125
2855.982177734375
2394.888916015625
2849.382080078125
5596.5166015625
9540.1044921875
21271.416015625
27344.982421875
26548.59765625
18234.607421875
7012.61474609375
2198.5048828125
10.706025123596191
2.3613276312062226e-07
8.020673902819908e-08
5.8361390387062784e-08
2.478853957654792e-07
1.5348192050623766e-07
348.2530212402344
470.1631774902344
474.3126525878906
890.853759765625
2093.1826171875
5211.48974609375
8843.591796875
10356.4384765625
9381.607421875
4830.47509765625
2771.538330078125
2027.7235107421875
1751.5230712890625
608.37646484375
891.2854614257812
5328.42529296875
13375.876953125
22922.650390625
28466.3984375
21925.5546875
9969.6396484375
2887.78564453125
126.3648910522461
2.1724095233821572e-07
2.6628296012631836e-08
2.4461047587465146e-07
4.4189143011408305e-08
3.041525928892952e-07
252.6259307861328
392.6367492675781
962.4854125976562
832.9743041992188
2397.43115234375
5836.78662109375
10817.607421875
12862.5908203125
9942.4599609375
4921.6064453125
3468.763916015625
2380.541748046875
1840.346923828125
1212.994140625
1348.3206787109375
3673.252197265625
13229.2607421875
23370.517578125
27737.755859375
22611.546875
10786.3486328125
2646.190185546875
5.802278995513916
1.8820307445821527e-07
9.416692314800912e-09
2.5938955428017607e-09
1.1317237635921629e-07
7.175015781513139e-08
0.0009879424469545484
386.9970397949219
920.9651489257812
2318.951171875
3986.94970703125
6591.39404296875
12633.8720703125
14035.98828125
12983.7421875
9235.939453125
8053.080078125
5296.08837890625
3762.53564453125
3797.55029296875
4972.326171875
10186.8173828125
21137.75
25335.712890625
28537.38671875
21084.666015625
9990.4580078125
2274.295654296875
0.0
2.494982140888169e-07
1.4063921582874173e-07
1.0858984822448292e-08
4.176195744776123e-08
1.0785730530926685e-08
3.2250490188598633
260.06500244140625
764.9764404296875
3004.84619140625
5483.36376953125
8822.21875
12922.0146484375
15564.2119140625
16657.728515625
14933.7998046875
13452.7822265625
11809.853515625
11477.43359375
11377.7099609375
16426.466796875
20233.0546875
26214.08203125
29686.890625
25647.18359375
15534.3720703125
7210.6142578125
1535.8065185546875
25.222246170043945
2.127822966713211e-07
3.0814641149845556e-07
1.4915941903836938e-07
1.0495549673805726e-07
3.0568682518605783e-07
2.8672940731048584
141.54409790039062
633.1480712890625
2753.462890625
3725.476318359375
8616.6201171875
11134.26953125
17396.28125
20743.818359375
21874.837890625
23479.869140625
22850.412109375
24678.953125
25460.337890625
27183.79296875
28579.5859375
29957.90234375
28403.8359375
19517.884765625
9760.8994140625
1897.1241455078125
289.3235168457031
30.66100311279297
2.1522872373225255e-07
2.405660097792861e-07
3.0200897072063526e-07
1.3582500457687274e-07
8.4128203070577e-08
2.7725396156311035
24.500110626220703
68.60873413085938
550.19189453125
3145.00390625
5649.37060546875
8584.3798828125
13860.611328125
20012.677734375
24183.986328125
26027.6015625
28419.908203125
28665.13671875
29764.513671875
29445.62890625
27816.697265625
23829.599609375
16790.125
7857.4326171875
2012.641357421875
231.1806182861328
24.908164978027344
4.7842183113098145
2.743026072948851e-07
1.3221136896390817e-07
1.535645139938424e-07
3.438395523858162e-08
7.993825335006477e-08
1.002716132347814e-07
1.173769669549074e-05
64.89965057373047
160.27891540527344
1014.2739868164062
1706.1473388671875
3836.455078125
5698.86376953125
8994.8984375
12989.6298828125
17244.1171875
18813.576171875
18569.609375
19592.66015625
16517.298828125
12469.6044921875
9045.1953125
3869.506591796875
774.0428466796875
144.029541015625
3.81097149848938
2.079620838165283
2.4915948415582534e-07
3.0201345868619e-09
1.715207389452189e-07
1.3416547517408617e-07
1.8677077662232477e-07
1.3426928546778072e-07
1.8915477539849235e-07
2.897363629017491e-07
86.60367584228516
182.8140106201172
303.53302001953125
530.0330810546875
437.75726318359375
1321.8433837890625
1448.7435302734375
2547.433837890625
2810.06591796875
2605.865966796875
2645.5078125
2570.48291015625
1104.8568115234375
787.4158935546875
556.0274047851562
57.151248931884766
4.793740272521973
4.428177356719971
3.1043763160705566
2.6570069167064503e-07
8.705620047066986e-08
1.3750756977515266e-07
1.9754860858256507e-08
1.9432231823657276e-08
2.788625579341897e-07
8.773206872092487e-08
3.788394309367504e-08
2.713832429890317e-07
2.3255813630385092e-07
3.029375648111454e-07
2.511093555312982e-07
2.1678516759493505e-07
1.430313432138064e-07
4.156990129899896e-08
1.1942437083689583e-07
4.7634433286702915e-08
1.214891369727411e-07
1.2170467300620658e-07
3.3543315680617525e-07
3.7696145227528177e-07
5.516877195077541e-07
4.829616955248639e-07
0.09173338860273361
0.34224870800971985
0.655789315700531
0.27988767623901367
9.837556547154236e-08
5.0710418975086213e-08
8.27613320097953e-08
2.7461492635438844e-08
3.703814499544933e-08
1.971242937770512e-07
2.220473049874272e-07
9.810548107225259e-08
1.7433052335036336e-07
9.881019735757945e-08
2.938110696959484e-07
3.0924806537768745e-07
1.588878149050288e-07
1.5337920444835618e-07
5.079812837038844e-08
1.7982547717565467e-07
2.769225773135986e-07
2.0553443391690962e-07
7.797159184974589e-08
3.280524651927408e-08
2.950585837879771e-07
2.761189250577445e-07
2.8190660827931424e-07
9.49329646005026e-08
1.2926747672281635e-07
1.9323371702739678e-07
0.6969205737113953
0.7364470958709717
1.5931105679101165e-07
2.716276696901332e-07
1.4667527636902378e-07
3.916355595379173e-08
2.376645653612286e-07
