1.3136207677177936e-08
1.0610442524594532e-09
1.499980939456691e-08
6.3815837059166824e-09
1.2795839943180454e-08
4.355336924444231e-10
4.389074437227691e-09
3.904561118872607e-09
1.5198946101691035e-08
1.918082048746328e-08
1.2190140452617015e-08
3.2053395493392145e-09
1.1040775405035674e-08
9.535568779028836e-09
1.3074830107484559e-08
9.804397294033151e-09
5.486429643930535e-10
1.872727040108657e-08
3.998187558806876e-09
1.887829803592922e-08
9.317130178487787e-09
5.234648270402431e-09
1.4073447296425456e-08
1.5212748394333175e-08
1.4615996413169796e-08
8.105916826650628e-09
9.59178847459441e-10
9.220249452823737e-09
1.9206662926762874e-08
1.1816778666684513e-08
5.538681513428401e-09
1.587591746954331e-08
3.9610719218541313e-13
1.4408773063578906e-09
1.749296352215879e-08
7.669173740509905e-09
1.6863193064153847e-09
1.8303856208490288e-08
8.276937357720726e-09
3.7123644158754132e-09
4.484216886702086e-10
1.3720957703355907e-08
1.788022352400276e-08
96.55517578125
209.3043975830078
231.31712341308594
2.3615135091858974e-07
1.1043081826755952e-07
2.0859833860242816e-09
1.3646066499006793e-08
3.460242092856447e-09
1.2354253620117106e-08
7.403801127736642e-09
1.9179520194256838e-08
2.451108205292485e-10
1.7768579496646453e-08
6.7117360558199834e-09
7.490316811242792e-09
3.7714076306372135e-09
1.3101356444167322e-08
1.5574782352700822e-08
1.3489906969255117e-08
3.914848001329574e-09
1.979572239463323e-08
3.541280602092911e-09
2.3709796348470036e-09
3.590698227640132e-08
3.4236934425280197e-06
7.0849055191501975e-06
0.039717983454465866
0.048567768186330795
0.0012549652019515634
120.75927734375
2.1183916032896377e-05
2.0138573745498434e-05
2.7437506560090696e-06
4.0347541130358877e-07
1.1133862720669185e-09
1.2112071345882214e-08
3.316537489084226e-09
1.6308630890193854e-08
1.4699406136742255e-08
1.2590408715595913e-08
1.0634882308124816e-08
1.9062246892076473e-08
6.6051786262733e-09
1.4336396958469777e-08
1.0764475533164841e-08
1.2741904420465744e-08
1.250517556172781e-08
7.0084311687423906e-09
8.577377696994404e-10
1.9574603271621527e-08
2.0758214702709665e-07
8.052660973589809e-07
0.3596588373184204
1.9429383277893066
2.2293121814727783
2.449446201324463
93.67586517333984
17.316165924072266
68.21854400634766
36.495906829833984
47.33374786376953
2.254066930618137e-05
1.989553311432246e-05
9.209587915393058e-06
9.472872264382204e-09
1.9280616214700785e-08
1.3647383223513998e-10
6.664848228865594e-09
9.043607640535356e-09
2.406112198372057e-09
1.792618320450856e-08
5.672686320679077e-09
1.1749946793315758e-08
1.9070503398666006e-08
3.1595817517882097e-08
4.671388253996156e-08
0.00016645817959215492
0.04245869070291519
0.4065498411655426
8.020393371582031
46.04255676269531
629.0042724609375
811.8478393554688
434.82904052734375
460.1822204589844
258.2066955566406
516.0553588867188
1403.5791015625
1137.130859375
388.2596435546875
9.960282325744629
4.81351900100708
0.0320003442466259
1.3451079894366558e-06
4.774737476509472e-07
1.4224800004569715e-08
1.2256310633063094e-08
7.032729953948547e-09
4.855421398275439e-09
8.678794571892468e-09
1.687138784234321e-08
8.273667617686442e-07
17.649415969848633
212.95591735839844
343.4405517578125
326.67437744140625
764.1343994140625
1805.76123046875
2675.858154296875
2616.873046875
2450.884521484375
2900.785888671875
3770.356201171875
6169.5908203125
7855.34814453125
7480.32275390625
5569.03515625
3299.223876953125
693.9933471679688
3.76170015335083
0.002196245826780796
3.8400572520913556e-05
9.589321052771993e-07
1.412387895527445e-08
1.1485750128770178e-08
4.742303438831641e-09
1.202921096066234e-09
8.453564070975972e-09
3.082133844145574e-05
160.37887573242188
1.0333973169326782
263.98681640625
385.4134826660156
1045.78369140625
1566.78515625
5397.8125
10373.0283203125
12678.09375
16883.697265625
19199.576171875
23484.216796875
24471.197265625
20852.2421875
14991.7314453125
10575.2587890625
4697.46728515625
1161.3189697265625
351.7617492675781
5.903171062469482
2.5699827671051025
0.00022977193293627352
1.852246356293108e-08
4.117185259389089e-09
1.8556011172066178e-09
1.701344309879005e-08
5.808879155466684e-09
4.23906822106801e-05
1.8430347442626953
16.50743865966797
72.5243148803711
907.693603515625
1600.4501953125
5055.8447265625
10684.8193359375
18651.47265625
24870.365234375
28566.630859375
31932.201171875
35404.06640625
34729.3125
32336.759765625
23682.802734375
13087.6171875
6333.103515625
2138.510498046875
435.7200012207031
72.1259536743164
5.876964569091797
3.763828754425049
0.0
1.3835763645886345e-08
4.872698911029261e-10
2.922874164923428e-09
7.704356264071066e-09
19.996784210205078
35.87779235839844
16.33658218383789
404.0028076171875
1373.91259765625
3882.372314453125
9093.22265625
18334.8203125
28918.845703125
32168.4921875
32243.384765625
31058.455078125
32817.04296875
35677.63671875
35999.74609375
28979.14453125
16581.419921875
7499.11865234375
2415.613037109375
947.6832885742188
111.32928466796875
84.35369110107422
66.20283508300781
0.0006739575183019042
1.9532453876536238e-08
8.561901410075734e-09
1.3113066188452649e-08
127.17581176757812
147.7626190185547
426.66619873046875
280.7296447753906
608.4921875
2319.37109375
5325.68505859375
14925.337890625
26940.517578125
35128.15625
33001.66796875
27874.240234375
22559.880859375
24509.46484375
33014.50390625
35847.2421875
29549.142578125
19275.0703125
7815.521484375
2121.845947265625
641.4951171875
131.9790802001953
111.86588287353516
57.422943115234375
0.004266561474651098
1.1615149730914709e-08
4.56821025451859e-09
3.4270855042706216e-09
199.45135498046875
171.6693878173828
413.8060607910156
448.4453430175781
767.6571044921875
2611.48046875
10298.8662109375
24014.7265625
33051.37890625
34606.4609375
27266.58203125
18029.390625
12989.6240234375
17257.4765625
30961.759765625
37336.89453125
30743.806640625
18975.962890625
6881.8818359375
1832.6326904296875
206.17208862304688
114.15863037109375
128.8525390625
94.41692352294922
115.86717987060547
95.81784057617188
1.3264989107142355e-08
6.410407316082001e-09
155.3328399658203
180.47108459472656
201.70455932617188
292.0549011230469
1390.4320068359375
5293.056640625
15639.53515625
29638.080078125
36497.890625
33506.6796875
19747.90234375
10543.3232421875
10120.6962890625
20857.427734375
33628.28515625
39419.73046875
31974.599609375
18141.78515625
5837.8564453125
1849.52392578125
55.70949935913086
74.0986328125
56.32748794555664
64.22921752929688
78.44898223876953
74.62301635742188
2.6498829797105827e-09
4.08146272334875e-09
1.0729897859107496e-08
9.364968178715571e-08
0.04527674987912178
792.8023071289062
2154.315673828125
8512.2998046875
19974.56640625
34566.16015625
36423.1328125
27271.419921875
15739.1123046875
8849.583984375
11117.4794921875
23920.720703125
37921.171875
40525.11328125
28703.0703125
15959.763671875
4471.302734375
1591.16455078125
839.69189453125
22.202550888061523
7.564890384674072
0.01418119017034769
0.010298633016645908
2.8782622951695203e-09
7.0291910070352515e-09
7.81470177457777e-09
8.984140514867178e-11
8.387460326275686e-08
0.01669834554195404
875.6275634765625
3378.340576171875
10635.044921875
25976.15625
37648.55078125
36865.42578125
26456.41796875
13133.86328125
13582.1455078125
17142.8515625
30289.255859375
41940.546875
40213.46875
27994.546875
13954.8583984375
4681.02783203125
1774.7181396484375
933.7115478515625
661.6912841796875
66.67164611816406
1.093644380569458
0.014135269448161125
4.221663907344464e-09
8.024297670772285e-09
8.12845080133684e-09
9.787067156707963e-09
1.3629382955571145e-08
163.0064697265625
890.6652221679688
4722.68994140625
12182.82421875
26859.509765625
37609.77734375
37334.12109375
29030.541015625
22556.20703125
24395.10546875
28327.630859375
38365.921875
43181.61328125
39632.03125
29545.01953125
13364.5595703125
6037.38037109375
2989.428955078125
1606.1175537109375
378.95758056640625
144.45623779296875
3.9520883560180664
1.4163948902634615e-09
1.082999645518612e-08
2.8134476970365085e-09
9.435114911582332e-09
8.38050162599302e-09
0.002883808920159936
46.181541442871094
1488.8404541015625
4281.0283203125
12246.5537109375
25841.53125
36662.80078125
38463.796875
37236.25390625
34281.046875
34556.12109375
35091.49609375
39830.15234375
43126.3828125
39297.9765625
27370.87890625
13986.7578125
7427.21728515625
3797.01611328125
1507.12841796875
905.0934448242188
171.66197204589844
24.592426300048828
1.6336150169372559
6.2891682972576746e-09
1.8402012358365027e-08
1.711396535597487e-08
1.165006668912838e-08
0.003781319595873356
64.59069061279297
1293.0093994140625
3767.513916015625
9142.154296875
18179.287109375
28616.13671875
33393.55859375
35315.625
34857.49609375
34109.8515625
36258.390625
40711.40234375
44148.33984375
37658.18359375
22023.408203125
9019.4560546875
4413.10595703125
2538.226318359375
1134.570068359375
656.0022583007812
154.7955780029297
135.29734802246094
0.2429363876581192
6.0135345592016165e-09
1.45509435611757e-08
6.8411236675558484e-09
1.224956663881116e-10
0.08749938011169434
115.70516204833984
590.4869384765625
2377.276611328125
7254.8857421875
11558.5888671875
17777.328125
21098.380859375
23471.31640625
23879.53515625
22956.408203125
30229.412109375
40066.00390625
43365.4375
31260.58203125
12652.3740234375
4630.3388671875
1806.569091796875
745.9700317382812
390.9631042480469
168.94309997558594
79.46826934814453
44.07472610473633
0.011192168109118938
1.0514013659701504e-08
1.7330574308971336e-08
1.8002561219532254e-08
0.08781232684850693
0.08329790830612183
3.735356569290161
362.35418701171875
777.3713989257812
2911.224365234375
5005.0966796875
6640.72314453125
9023.2666015625
10828.5703125
10010.6474609375
10663.0908203125
26199.134765625
41851.9453125
42776.265625
25742.564453125
7833.76708984375
2399.32373046875
885.6713256835938
538.9140014648438
192.8324432373047
331.1539306640625
0.9500921368598938
3.7686723430852e-07
8.956171915208699e-10
1.3295597511842061e-08
1.8555358138883093e-08
7.313312622159174e-09
0.09142456203699112
13.216167449951172
47.163185119628906
44.24653625488281
176.53196716308594
841.3148803710938
1315.7364501953125
1315.4158935546875
1908.1236572265625
1490.11572265625
1989.628173828125
6629.5009765625
28124.572265625
42187.671875
40943.09375
21140.720703125
4891.68212890625
919.5033569335938
227.7327880859375
125.94025421142578
49.934669494628906
105.00851440429688
0.0
7.947039648570353e-08
8.231918258161386e-08
3.872944631666542e-09
1.4854693475285785e-08
6.473989344613074e-09
0.06380123645067215
46.6730842590332
44.403648376464844
34.63190841674805
154.73507690429688
195.24862670898438
408.1473083496094
634.8549194335938
865.4475708007812
1540.8607177734375
2316.754150390625
9839.5732421875
30235.4765625
42502.890625
38157.25
17194.37890625
4393.515625
183.84523010253906
80.11107635498047
114.94575500488281
79.87079620361328
1.4099196195602417
6.674819985619251e-08
9.095040809370403e-08
4.5309842988672244e-08
9.131527534123052e-09
9.909573606137201e-09
1.9728469524693537e-08
33.08925247192383
48.094913482666016
38.040061950683594
44.66582107543945
118.22743225097656
126.04022216796875
104.93594360351562
227.22491455078125
810.3331298828125
1902.5079345703125
3561.590576171875
12889.3076171875
32622.853515625
43406.80078125
36276.27734375
14808.8369140625
4229.44775390625
400.44171142578125
126.56549072265625
128.34201049804688
88.366943359375
7.790485858917236
3.193765962805628e-08
3.587651065117825e-08
4.621609051014275e-08
1.492437462502494e-08
6.632350779689489e-10
1.0813930861885979e-09
1.9503740844584172e-08
40.415283203125
35.77477264404297
38.040061950683594
36.80170822143555
89.83035278320312
130.2653350830078
188.04627990722656
771.8245849609375
2225.433349609375
5377.0361328125
17214.486328125
34247.74609375
41019.6796875
32458.10546875
14115.90625
3912.169189453125
821.127685546875
323.05133056640625
441.4578552246094
0.03822951391339302
0.0196764525026083
1.0776939340928493e-08
1.7593310142061114e-09
1.2968355278530908e-08
1.689215700650948e-08
3.7939920649598946e-10
2.6544602071965073e-09
3.5452814017844503e-09
1.1193239224382978e-08
1.646241720720809e-08
40.415283203125
40.06745529174805
85.64142608642578
109.87459564208984
175.231201171875
636.8771362304688
2404.48876953125
7276.27001953125
19995.357421875
35119.67578125
40102.61328125
27369.998046875
11554.6708984375
4414.7763671875
1450.7099609375
154.41665649414062
0.008808733895421028
0.0013247550232335925
4.6043808765716676e-08
1.160987661563695e-08
4.277997955881574e-09
6.367098404069793e-09
1.2565810614262318e-08
2.445785574067827e-09
6.4839293933971476e-09
1.5768302219498764e-08
2.384505037866802e-08
1.5974588762901476e-08
0.0
31.469619750976562
0.0
70.26741790771484
125.12198638916016
589.6387939453125
2020.751953125
7917.37939453125
19391.90234375
31239.568359375
33598.484375
20009.484375
7755.60693359375
3350.587646484375
398.0604248046875
2.4702107906341553
0.04156293720006943
1.6044555195549037e-06
4.047042523325217e-08
1.3104389573470598e-08
1.9769146319958963e-08
1.4305899576072534e-08
2.297471768386572e-09
1.2580355424063328e-08
7.691007830601393e-09
1.460656751106626e-08
1.6337688535372763e-08
1.8614345620449058e-08
0.0
217.1438446044922
188.01461791992188
176.5900115966797
210.18423461914062
496.47601318359375
1780.071533203125
5664.4619140625
13433.6767578125
19655.48828125
17095.091796875
9051.9599609375
2878.794677734375
1069.7296142578125
129.3031768798828
0.5590471625328064
0.0
1.5129867279028986e-06
1.1357858653582298e-08
1.88480857588047e-08
1.5865113667246078e-08
1.751727474186282e-08
7.60308171976476e-09
1.5942402953328383e-08
9.245677112801332e-09
1.0071553591117777e-09
5.680135473085102e-09
6.030949073476677e-09
0.053624000400304794
0.0592353492975235
1.408021965687567e-08
7.382595867966302e-09
9.74771285910947e-09
47.79354476928711
493.1275939941406
1408.5015869140625
3620.39013671875
4572.88134765625
3164.888671875
959.51806640625
106.08969116210938
9.447554588317871
1.3769096085525234e-08
1.1070148353553577e-08
1.6415199866059993e-08
1.0340163392186241e-08
1.065551380463603e-08
1.8804836798835822e-08
1.7868508450646914e-08
1.918055225758053e-08
1.764694879113904e-08
1.2925064574176304e-08
3.2094360502554764e-09
1.9608727086506406e-08
8.914864402242983e-09
2.3407991101009884e-09
1.6289883220110823e-08
1.889274514610406e-09
7.937542179092816e-09
1.4586887253642544e-08
3.3871463411827563e-09
1.4209306620216466e-08
1.8652354327741705e-08
8.059219958056474e-09
0.8167418837547302
0.7208414673805237
1.6823042514602093e-08
4.08838687349089e-08
4.080294857544686e-08
2.4840895562761034e-08
7.65360930188308e-09
1.3678451260545899e-08
6.430111998412258e-09
1.1393443521967583e-08
1.594006704408457e-08
1.854638931320096e-08
1.3554767308576743e-09
1.0124346694340147e-08
1.0245292614285972e-08
