9.349512275491634e-09
3.635940659663106e-09
1.8143181401697461e-09
5.003832015404441e-09
8.768099135636476e-09
6.562155263623026e-09
5.192248853091996e-09
4.6476622550528646e-09
1.2366896395832327e-09
8.795892902924152e-09
7.2902972547694844e-09
6.69430066935206e-09
6.954969933303801e-09
5.7945901410505485e-09
5.209235709457971e-09
1.6313507211762612e-09
8.097338799473164e-09
6.163307197937229e-09
2.1630319757548477e-09
9.64662350000367e-10
7.323960549143749e-09
7.954498726370218e-10
7.65289964732574e-09
8.618388669390242e-09
4.431660816095473e-09
6.382133044269267e-09
2.2114585718213675e-09
8.798751949257166e-09
9.24902643362202e-09
3.5855614033408756e-09
9.480097595826464e-09
4.910140294356324e-09
1.1002631028489418e-09
5.296527660902939e-09
5.151964188598868e-09
9.210191720399052e-09
3.7542853270622345e-09
5.245512912921413e-09
7.564778137236772e-09
6.543982689066752e-09
6.4236562735686675e-09
2.364836104717938e-09
8.286214381314494e-09
4.1775694015200315e-09
2.6052253687680604e-09
3.7029630473028874e-09
5.9787952366718855e-09
5.372640554668351e-09
4.730687397369593e-09
8.807771401109221e-09
2.4085780037097493e-09
1.8995662820486814e-09
6.484768277914554e-09
4.398195141419592e-09
3.2659157600534172e-09
7.881221897321211e-09
8.70177174761011e-09
4.432752387373284e-09
1.3902767825868523e-09
9.456425864584617e-09
6.211188008364843e-09
6.911160976841302e-09
5.188629970120928e-09
9.264937261832529e-09
1.1372839336942775e-09
8.363075565398503e-09
8.858166644643006e-09
4.071611492406646e-09
2.3466906640123852e-08
1.7323348089348656e-08
1.8661912903894518e-08
2.1519285908766506e-08
1.1464187110732382e-07
1.1822370282743577e-07
8.119326366795576e-08
1.0822902574147975e-08
1.3394275022449165e-08
6.760998011445807e-11
3.591066055630421e-10
9.578817738997714e-09
7.615127195492732e-09
1.261215798464832e-09
9.432467251713206e-09
6.151737341753005e-09
5.364266808527418e-09
3.5765612693694493e-09
1.087405387956153e-09
9.461750494210719e-09
3.848884322366075e-09
8.19656964523574e-09
5.166553407320862e-09
5.170031069923198e-09
5.1253085331381953e-08
1.6716269254684448
2.10060715675354
248.1836700439453
218.42578125
267.6759948730469
1021.42822265625
1565.4561767578125
1643.63916015625
930.7910766601562
273.8780822753906
0.0704251080751419
0.005297149997204542
2.590639667232608e-07
8.833209363956485e-08
3.929672232061421e-08
7.977544735915387e-10
4.026564415227085e-09
6.786352368948201e-09
5.896755972401024e-09
7.451321337725858e-09
8.761443126559243e-09
8.999776035523155e-09
2.0933445199489142e-08
4.87475926291836e-09
3.933643188958058e-09
0.8744471669197083
1.7560111284255981
14.182394981384277
364.8570861816406
816.7451782226562
3335.353515625
5937.6689453125
9962.091796875
13674.37890625
17122.98828125
15620.1328125
13224.09375
8666.548828125
4491.2177734375
1140.990478515625
7.099887371063232
0.41390809416770935
2.672176378837321e-05
9.312248194781603e-11
4.094242722629815e-09
1.909261193588918e-09
4.772194195368229e-09
6.309090583300758e-09
7.269686519428831e-10
5.086219889705035e-09
2.895021289361921e-08
3.214694643816074e-08
180.91001892089844
132.2514190673828
13.134603500366211
194.0415496826172
1389.848388671875
3940.306396484375
9566.826171875
15252.71484375
23620.078125
28270.5390625
29068.005859375
28678.943359375
25021.384765625
18849.330078125
10791.326171875
3792.3662109375
1090.597900390625
9.014845848083496
0.36192119121551514
3.9278603480852325e-08
2.1719566423161751e-10
2.0247172827225768e-09
6.486167714037094e-10
8.060546008437086e-09
3.758312328017155e-09
5.405495162591478e-09
4.846573352813721
0.0
1.953583002090454
3.138019561767578
217.8437042236328
986.5648193359375
2850.160888671875
10359.8583984375
19220.96484375
24875.33984375
28777.193359375
31296.408203125
29331.634765625
28843.876953125
29278.673828125
25985.169921875
19276.58984375
10292.9150390625
2351.940185546875
781.91357421875
91.28982543945312
0.2557510733604431
9.615270801788256e-10
6.632156157593272e-09
8.379218208176553e-09
9.04922536903996e-09
6.744572456085507e-09
6.164617538452148
7.817271709442139
31.885684967041016
24.106237411499023
204.19488525390625
570.464599609375
1865.2882080078125
6508.24169921875
16656.619140625
24540.169921875
30309.24609375
29579.0625
25937.3515625
24441.900390625
25468.2265625
26414.90625
27902.341796875
24437.265625
16604.53515625
6625.2412109375
1728.9410400390625
135.22300720214844
48.71022033691406
0.40277552604675293
6.2083231888721e-09
7.547749980574281e-09
7.970055726502778e-09
1.0925710336451289e-09
4.553163051605225
4.9342570304870605
8.59265422821045
34.24534225463867
279.7261657714844
580.5162353515625
4673.66064453125
13224.2666015625
23731.27734375
28907.9765625
27507.07421875
23721.763671875
20320.091796875
18058.47265625
19641.337890625
23161.302734375
27613.875
28580.2265625
20690.8515625
12140.892578125
3418.595703125
155.9022674560547
99.7836685180664
0.3426212966442108
5.046858486679184e-09
5.231434396790746e-09
7.646722366416725e-09
7.977948079940234e-09
4.39905845084354e-09
4.546429634094238
8.569985389709473
17.802467346191406
302.9434814453125
2008.8526611328125
7969.126953125
20801.54296875
29356.294921875
30306.486328125
24774.0546875
19510.27734375
14484.3759765625
12218.2392578125
13735.548828125
19437.142578125
25452.986328125
28986.525390625
25131.302734375
14945.5966796875
5919.4794921875
333.3424072265625
35.216209411621094
1.5044159695776216e-08
2.1555834894826376e-10
2.6219957316442333e-09
6.392629092744073e-09
9.400224598721252e-09
4.456872204627871e-09
9.014406110452455e-09
7.016895771026611
364.2759704589844
1139.3680419921875
3704.48193359375
13153.97265625
24444.53515625
30397.162109375
27829.654296875
21170.423828125
12331.8359375
7215.52685546875
6699.14892578125
10301.3759765625
12457.8212890625
21701.232421875
28511.29296875
27006.986328125
17669.86328125
7927.99072265625
789.390380859375
113.98003387451172
1.0476549405780133e-08
7.279013392036404e-09
7.77924924477702e-09
5.743387987422466e-09
1.9639040393926166e-10
6.77853639885484e-09
8.953990437987613e-09
4.501842975616455
395.4008483886719
2005.458984375
6898.36181640625
18150.92578125
29036.861328125
31606.302734375
25382.765625
15176.904296875
5847.97900390625
4284.595703125
3942.8125
5342.04296875
8946.328125
18686.40625
27629.23046875
29282.88671875
22138.080078125
8077.88720703125
1016.9607543945312
256.4957275390625
8.557432096267803e-09
6.115190132049975e-09
5.487344467702826e-10
1.276094674373951e-09
3.616935417838363e-09
6.8649486095750945e-09
3.052528008140598e-09
0.012993043288588524
1190.1973876953125
2517.022216796875
9824.8720703125
21854.00390625
30596.48828125
31136.177734375
21534.33203125
8846.5966796875
2674.905517578125
2162.2705078125
1812.7049560546875
2375.4140625
5478.44140625
15665.3984375
27832.826171875
29784.677734375
21944.521484375
11121.8203125
2306.66943359375
188.37728881835938
3.962774108856593e-09
6.626705850720782e-09
8.37626767946631e-09
5.378756107177196e-09
1.867150656309491e-09
5.7624198745998e-09
7.999445550410655e-09
0.022520244121551514
1185.992919921875
4050.002197265625
12325.03515625
26317.115234375
30987.62890625
26672.48046875
13999.10546875
4070.14794921875
1509.1490478515625
1279.3541259765625
1136.41455078125
1094.41064453125
2923.91455078125
14291.18359375
25953.212890625
31093.03125
21278.59765625
10250.09765625
2315.28271484375
199.00787353515625
7.183459604931386e-09
2.242183771983264e-09
6.012028208601805e-09
9.473553497230114e-09
6.564048415924617e-09
9.547332702197764e-09
4.8584678502550105e-09
58.11203384399414
967.4663696289062
5668.40185546875
15791.8466796875
28109.69140625
31435.890625
23425.54296875
9180.6787109375
1766.9468994140625
1186.8740234375
1240.9615478515625
784.3861694335938
526.4608154296875
2675.25732421875
14589.9853515625
26934.619140625
30603.513671875
22152.337890625
9707.0537109375
1886.900146484375
127.17776489257812
0.03304831311106682
6.829500520666443e-09
9.876227613503374e-10
5.739930308834573e-09
1.6051766582592109e-09
5.4540860716656425e-09
1.104677327390391e-08
471.88983154296875
1289.4346923828125
6531.4794921875
18866.05078125
30373.703125
31072.193359375
19551.669921875
6547.708984375
1126.32373046875
783.6236572265625
793.2492065429688
726.8129272460938
593.3671875
5092.484375
14459.9189453125
26474.615234375
30487.55078125
21727.126953125
9216.1884765625
2093.07763671875
380.2969055175781
0.12666699290275574
3.1495885899346376e-09
9.167973047397027e-09
3.2002507310835426e-09
1.3272788423890347e-09
5.0190940292793584e-09
7.480541519555572e-09
148.60324096679688
1757.5389404296875
7239.65478515625
20780.97265625
30286.365234375
30000.689453125
18883.421875
5233.34130859375
1313.808837890625
850.121826171875
464.1867980957031
460.5626220703125
1616.776123046875
8194.0302734375
18115.072265625
27888.681640625
28029.724609375
18313.091796875
7241.986328125
2207.29296875
413.0733337402344
0.1089225634932518
3.701966022617853e-08
8.617146995959502e-10
5.944094105814202e-09
9.596940131473275e-09
5.633001287641548e-10
3.4609686228037617e-09
110.7433853149414
2339.28369140625
8764.3076171875
22051.572265625
29516.80859375
30320.197265625
18249.83203125
5103.13525390625
2184.81005859375
1322.2952880859375
1273.4989013671875
2216.71044921875
4874.2216796875
12216.3056640625
21799.80859375
29357.625
26660.515625
14973.671875
6527.23095703125
1000.1026611328125
47.797996520996094
0.00012580402835737914
8.251336839748546e-05
6.825966014645246e-09
3.867422382342056e-09
7.008782887396592e-09
9.213658332824707
33.7114143371582
143.25003051757812
2291.25830078125
7609.7939453125
21787.384765625
29687.01171875
30166.435546875
18709.041015625
5990.52294921875
3043.008056640625
2707.7734375
3402.9228515625
4674.63916015625
9948.107421875
18206.435546875
27348.322265625
28037.244140625
22916.119140625
11711.5849609375
5151.005859375
518.89306640625
45.414833068847656
0.0001389191165799275
1.5083027449236397e-07
5.127542390681583e-09
6.042233824388177e-09
7.550998937233544e-09
33.3665885925293
35.04298782348633
221.22630310058594
1765.2626953125
7804.685546875
20492.25390625
27867.087890625
29070.029296875
22537.6015625
12194.44921875
6958.078125
6019.7333984375
7266.6708984375
10045.86328125
16838.021484375
25506.287109375
29371.91015625
27478.84765625
16630.64453125
8049.96826171875
2295.442138671875
866.4473266601562
0.07548399269580841
7.117167842807248e-05
7.649641986517963e-08
2.335845517009716e-09
2.1075721168273276e-09
9.73639835422091e-10
13.77301025390625
33.397647857666016
70.7448501586914
1404.6068115234375
6937.25439453125
16577.6328125
25993.853515625
30165.41796875
26694.25
19701.685546875
13711.921875
13914.232421875
16306.3837890625
21145.890625
26741.927734375
29903.890625
29151.005859375
19738.994140625
11525.5185546875
4364.7470703125
1088.9122314453125
54.11366271972656
0.047754716128110886
1.1309421665828268e-07
4.4715502134362595e-11
6.375109329326278e-09
5.229664701289494e-09
2.8488509329349654e-09
7.961977743775606e-09
3.9506711959838867
39.57834243774414
575.1002807617188
3987.755859375
12419.4697265625
22588.009765625
26849.40625
29543.765625
27540.08984375
25384.947265625
25480.166015625
27624.787109375
30185.779296875
30909.509765625
30154.3671875
21128.671875
13098.4013671875
5334.1669921875
1776.06396484375
837.4961547851562
49.12274169921875
28.134506225585938
3.117993685464171e-08
6.843478006501869e-10
3.3052685921575176e-07
4.990965862816665e-09
3.2649043468779837e-09
1.5831799871079966e-08
2.3043975830078125
17.298965454101562
37.42130661010742
1588.5906982421875
7328.95654296875
15001.96875
21860.25390625
28852.69921875
30572.57421875
31950.41796875
31086.5
30603.470703125
30224.2265625
28995.22265625
20358.80078125
11661.1767578125
5715.60791015625
2606.09912109375
699.5202026367188
382.54302978515625
25.755430221557617
30.790952682495117
1.5441304445266724
7.697151360730459e-09
6.422530987038044e-07
7.565498449935149e-09
9.712380899529194e-10
8.827304220915266e-09
0.0863027572631836
0.047530341893434525
2.6460838317871094
193.06407165527344
1906.1033935546875
7149.1181640625
13856.2978515625
20981.845703125
26035.982421875
28949.3046875
28740.7578125
27444.494140625
23972.173828125
13860.728515625
8406.3427734375
3994.30810546875
1623.1846923828125
339.8972473144531
40.29307174682617
28.8516902923584
27.437551498413086
0.8416759371757507
1.0369396209716797
1.0485989854203126e-09
4.37569047662123e-09
4.3759632029072293e-10
8.072996493524442e-09
2.9390856415290045e-09
6.626663662245846e-09
7.965447856861374e-09
2.7305373517805265e-09
1.4659473634992537e-08
214.21487426757812
1348.6650390625
3852.498779296875
4890.70849609375
6864.48486328125
8342.53515625
7913.42626953125
6153.51025390625
4154.42041015625
2612.23095703125
1216.5665283203125
471.954833984375
3.9627439975738525
0.19661487638950348
6.508039440689117e-09
7.945581415036429e-10
6.9222361176457525e-09
0.9366103410720825
0.754342794418335
5.193669494474307e-09
9.303839476615394e-09
2.030826617982484e-09
2.801479936920259e-09
5.031970395918961e-09
6.444225153501293e-09
1.3412666532985895e-09
8.702679465955043e-09
5.735461883205062e-09
7.570454485517075e-09
3.301945028511e-08
4.748495641138106e-08
5.887444487484572e-08
7.193858664322761e-08
90.06123352050781
135.1426544189453
80.19329071044922
2.5168399810791016
7.191022177721607e-08
4.5983391316894995e-08
2.4555731670261594e-08
2.101795359976677e-08
5.908344036242852e-09
5.522589940909484e-09
5.890381959972046e-09
8.067577716985852e-09
4.098233308269528e-09
3.955364924479454e-10
7.357754405745709e-09
3.964912398402021e-09
5.601656916098818e-10
4.7523989188391624e-09
2.2162123247682075e-09
4.898044636547638e-09
9.389668598203116e-09
1.1888872109011572e-09
3.4259892145449555e-10
9.907703102385312e-09
1.1033518099168305e-08
1.8498282017276324e-08
2.476529026296248e-08
5.390265656046722e-08
4.904165251673476e-08
0.0001966168056242168
0.00021152904082555324
0.00018623750656843185
2.479441008063077e-08
2.7511878997188433e-08
1.3021330680373921e-08
1.567927832013538e-08
1.705508090310559e-08
3.834789819023854e-09
6.292274701280576e-09
3.4698746098627e-09
3.7159586518953347e-09
5.946488634833713e-09
1.7568183574567797e-09
6.978807753910132e-09
3.5051335167679554e-09
1.0739942268855884e-10
2.8287316933273132e-09
6.557424825359703e-09
4.211514692542551e-09
9.630949371342012e-09
3.226885203488905e-09
8.376518145780665e-09
7.659412548655098e-10
3.6423524196749213e-09
1.0743885781039353e-09
1.2147557404418308e-09
8.073798518637432e-09
9.025952207863952e-10
2.859639192109853e-09
9.113426457929563e-09
9.622654673080433e-09
1.2486049971727198e-09
3.7141798525652803e-09
6.955759523918914e-09
3.398857639780317e-09
6.555863629742475e-10
5.3553743661893805e-09
4.2494033292150846e-10
5.452332363375945e-09
2.681975974638817e-09
5.101878031155138e-09
4.933282671260031e-09
