3.297211037533998e-08
6.435124877413045e-09
6.430579679861381e-11
2.4212500449038998e-08
2.701453283293631e-09
1.806566096718143e-08
2.8931264495213327e-08
9.857989979877857e-09
2.4339483317703525e-08
3.120457137129051e-08
3.239863488602168e-08
4.553202259671707e-09
1.2967675822039837e-08
6.1606901802235825e-09
6.273937813716657e-09
9.79015535307326e-09
1.1330865135050772e-08
7.453968997594984e-09
1.8799061862750932e-08
1.2666496296276364e-08
2.539204402296491e-08
1.536361082798976e-08
1.6216895604159731e-09
2.058043513386565e-08
2.6604016767350913e-08
1.1337717431558758e-08
1.9197191392095192e-08
2.4579698276738782e-08
1.644103342357539e-08
1.735921739687285e-09
2.2853621217677755e-08
2.101730345316355e-08
2.9355788910834235e-08
1.5011782039664467e-08
2.0557994417913505e-08
3.404346671231906e-08
1.9057473821249005e-08
2.0470986683562842e-08
3.3031810175998544e-08
3.059805564475937e-08
1.3415951904960366e-08
3.001045456585416e-08
3.062747566673352e-08
1.0731498356619795e-08
3.116605284958496e-08
1.0397238625614591e-08
2.998355697059196e-08
1.1551183121127906e-08
2.0249524723681134e-08
7.31874427728485e-09
1.474630639819452e-08
1.5113348794670856e-08
2.8431399456962936e-08
2.536382126550052e-08
1.6834787730513057e-10
7.983241623321646e-09
2.095424500581089e-09
2.966271139825949e-08
3.2878151756676743e-08
1.8669645385216427e-08
1.6671489078134982e-08
8.681621643802373e-09
8.196121115133792e-09
2.3675050808691367e-09
1.3378511631856327e-09
1.5925552432349832e-08
2.9643294041648005e-08
149.47689819335938
140.7910919189453
364.8462829589844
669.537109375
863.012451171875
902.5628051757812
844.4175415039062
570.6798095703125
914.329345703125
501.18023681640625
1.7174791366869613e-08
9.590450211760526e-09
369.4716796875
286.8674011230469
8.922559580071265e-09
2.739504267879056e-08
5.315250017901008e-09
2.1539522165880953e-08
1.2012236538794241e-08
3.059821196416124e-08
3.3589930836797066e-08
1.0615702095151391e-08
4.785867713508196e-05
4.662505307351239e-05
0.31539425253868103
100.19234466552734
1017.0673217773438
1492.8599853515625
2317.909423828125
3618.450927734375
5906.9560546875
8556.64453125
11395.5576171875
13338.8955078125
11889.1044921875
11200.4921875
7671.07763671875
4644.12158203125
1520.2554931640625
431.58624267578125
371.9150695800781
0.0
1.3279142230260277e-08
1.4820966676154512e-08
1.0525864624355563e-08
1.2025758167055756e-08
1.768352753117597e-08
12.235238075256348
1.1936478472307499e-08
6.842591382394403e-09
1.8338758945465088
22.94820213317871
54.96072769165039
468.8541259765625
1420.4949951171875
3259.696533203125
6476.421875
11432.033203125
16619.10546875
20881.798828125
25178.2734375
28160.150390625
27572.140625
25390.28515625
19746.548828125
13606.59765625
5279.59228515625
1544.25390625
543.232177734375
2.3429199700331083e-06
2.1676733013009652e-06
5.992918161723537e-09
2.7779423206197862e-08
1.541164706964082e-08
1.3845913304777469e-09
8.023602615647718e-11
4.243854601071462e-09
510.4429626464844
372.9410400390625
440.51715087890625
1066.50634765625
2348.529541015625
4668.16748046875
7954.0810546875
15587.9306640625
20840.125
25290.548828125
28307.685546875
29854.611328125
31132.021484375
31915.533203125
29633.998046875
24517.388671875
18066.65234375
10092.716796875
3989.2568359375
590.6506958007812
2.569204980318318e-06
2.454891728120856e-06
2.2657493659039574e-08
1.365842372536008e-08
2.6341066217128173e-08
2.6473491843148622e-08
2.772348217661147e-08
3.076918941857798e-09
505.41729736328125
828.8274536132812
1150.37255859375
1862.6419677734375
4009.435791015625
7189.81396484375
12821.4111328125
20052.1640625
25851.568359375
28144.666015625
27860.5625
27544.1328125
26908.001953125
27686.61328125
28581.748046875
28560.712890625
20991.609375
12687.9111328125
4365.03955078125
349.0087890625
1.601996928002336e-06
2.2373441765921598e-08
3.15703445608051e-08
8.946317464619824e-09
2.304087942661681e-08
4.398189590304469e-10
3.267449955046686e-08
5.350758947031409e-09
406.1650695800781
477.7554016113281
699.5427856445312
2046.27685546875
5112.986328125
9260.412109375
15772.0712890625
20720.568359375
24455.693359375
24360.3125
22336.02734375
18329.552734375
15062.08984375
17594.0
24674.224609375
29189.177734375
24667.244140625
14155.001953125
6123.07275390625
584.683837890625
1.8813182123267325e-06
5.6425744077159834e-08
3.301759576856966e-08
1.3292509315476764e-08
3.22671951380471e-08
2.288207490153127e-08
1.666545834666522e-08
9.987156879276426e-09
0.0
698.3661499023438
1177.2843017578125
2523.9287109375
4741.18408203125
7982.591796875
12717.4853515625
18463.623046875
19770.521484375
17932.853515625
12804.5263671875
10066.06640625
7145.08544921875
13681.5107421875
22041.564453125
29404.783203125
26938.62890625
13325.5556640625
5010.59619140625
443.5932312011719
0.00202748435549438
3.9261917095245735e-07
2.1027831920150675e-08
2.5342592024912847e-08
6.890555903638074e-10
2.2419866851919323e-08
2.7246853662177273e-08
1.7550043196479237e-08
1.333425956318024e-07
333.92852783203125
1158.8890380859375
2499.072265625
4548.1650390625
6169.11767578125
8888.90625
12871.4267578125
12648.6025390625
9637.8408203125
5945.6611328125
4423.03515625
3457.328369140625
11035.24609375
22786.146484375
29612.353515625
26864.705078125
13427.0732421875
4530.96728515625
424.5592041015625
9.259915351867676
8.240735382969433e-08
2.3374257196451254e-08
2.25138858667151e-08
1.8253569322723706e-08
1.0820336626693461e-08
3.1196123018162325e-08
8.394558381752404e-10
1.210225804015863e-07
58.97077560424805
1462.271240234375
2556.72412109375
2798.61279296875
4704.89453125
6004.72216796875
6453.59423828125
5405.67236328125
3244.141357421875
2244.2119140625
1419.143798828125
3856.649658203125
13092.5263671875
24556.740234375
30817.564453125
24357.548828125
12138.42578125
3226.43701171875
122.22796630859375
8.82083511352539
2.8100366478156502e-08
2.7718808581767007e-08
2.1046009379688257e-08
8.583723953847766e-09
7.501091303652174e-09
2.0273043688234793e-08
2.6080325454813647e-08
32.58740234375
56.29237365722656
710.6419677734375
1344.9998779296875
1955.2711181640625
2830.503173828125
3384.36181640625
2917.736572265625
1866.1749267578125
1826.6640625
1331.4180908203125
1240.185302734375
6806.6982421875
17270.41796875
26471.98046875
30359.833984375
21857.658203125
9600.888671875
2288.330810546875
168.2600860595703
3.566030502319336
1.1942563382660865e-08
2.097228168906895e-08
1.160347640194459e-08
3.205839149700296e-08
1.3257497322172185e-09
2.360416218039063e-08
5.831672922340658e-09
73.73553466796875
50.251399993896484
115.56684875488281
1331.6246337890625
1163.950439453125
903.7024536132812
572.3096923828125
1042.754638671875
807.6084594726562
760.38720703125
2217.400146484375
4359.04248046875
11256.560546875
20606.099609375
28335.751953125
26243.736328125
16842.10546875
6861.6025390625
854.0744018554688
72.12911224365234
2.0767810344696045
2.9528081313401344e-08
4.3383213688130695e-10
4.585020807468254e-09
1.1426494417321464e-08
1.8883904218114367e-08
0.000194317486602813
9.335008508060127e-05
66.86851501464844
189.3686065673828
509.5157165527344
614.81005859375
370.5644836425781
191.28175354003906
265.3686828613281
755.3689575195312
1682.033447265625
1985.4071044921875
4175.96533203125
9064.8525390625
19296.263671875
26466.794921875
29121.94140625
22206.7265625
12580.8310546875
3324.81103515625
880.1602783203125
201.18667602539062
7.706001269980334e-06
8.152625014190562e-06
1.8940269796985376e-08
1.3694307909872805e-08
1.7688936537751943e-08
1.390609227769346e-08
2.2696399426536118e-08
1.584955633404661e-08
31.70207405090332
824.93408203125
1151.8604736328125
1634.8978271484375
2603.663330078125
3691.822021484375
6016.26611328125
4786.5302734375
5310.2705078125
6191.07373046875
9961.5693359375
16041.5634765625
24095.458984375
28525.6875
26005.7734375
18849.201171875
7145.47998046875
2421.946533203125
819.943115234375
500.61859130859375
17.408039093017578
0.6897870302200317
5.711305206546058e-09
2.353000017052409e-10
1.6552357706700604e-08
4.785601248613602e-09
2.19659734845834e-09
0.0
91.64899444580078
1649.8651123046875
4065.90771484375
6792.26318359375
8636.388671875
11553.501953125
14020.802734375
15300.4033203125
17217.52734375
19439.40625
21526.91796875
26202.517578125
27971.798828125
27612.84765625
22483.921875
12549.2119140625
5758.29150390625
2144.95849609375
857.8785400390625
789.4736328125
369.0856628417969
0.9687026739120483
2.3882950728193464e-08
2.592155645686489e-08
2.0999657124320947e-08
2.9154501035577596e-08
7.302132303266262e-07
158.32391357421875
896.627197265625
4199.1396484375
8616.830078125
12404.3193359375
18714.658203125
21587.751953125
23564.2578125
25183.78125
28269.484375
28465.865234375
29895.388671875
29529.748046875
26914.23046875
23671.4921875
17628.69921875
11219.373046875
5248.14306640625
2773.25244140625
1171.07275390625
1591.151611328125
948.8758544921875
16.94477653503418
2.7299448035478235e-08
2.0122421062751528e-08
8.405743656680897e-09
7.295424708786413e-09
6.756429229426431e-07
324.7999572753906
3142.514404296875
9363.9599609375
14192.9091796875
21569.994140625
25401.17578125
27501.439453125
26287.197265625
27509.716796875
29589.1484375
30699.73828125
30741.984375
30308.85546875
27838.265625
23064.705078125
18260.501953125
12659.07421875
7551.66748046875
5327.9052734375
3540.81884765625
2379.776123046875
1345.7584228515625
50.273746490478516
7.622960929154488e-09
2.9636032294888537e-08
2.5848057916277867e-08
2.934836906831606e-08
61.368289947509766
827.6843872070312
6283.5224609375
13686.6318359375
19714.771484375
25319.033203125
27775.796875
27034.798828125
24513.30078125
26267.90234375
28625.3515625
30826.53125
29901.708984375
29147.48828125
25834.765625
24717.501953125
20782.89453125
15061.3427734375
12023.740234375
7716.79833984375
5421.98779296875
3103.445068359375
1244.2371826171875
13.113632202148438
2.962109668658286e-08
3.08768441925622e-08
2.0369503417327905e-08
7.260906098593978e-09
155.766357421875
2121.221435546875
8282.283203125
15555.0517578125
23504.537109375
29642.72265625
28471.134765625
26012.955078125
25102.2421875
26712.28125
28557.31640625
31253.78515625
28685.4765625
27061.451171875
26089.8046875
24763.0703125
24292.2265625
19832.513671875
16532.693359375
11899.953125
6667.810546875
4168.38525390625
1322.819580078125
10.494686126708984
3.852595575892792e-09
1.0466505884210164e-08
4.559253419245124e-09
1.713958575066954e-08
307.2342529296875
3438.175537109375
9904.34375
16441.49609375
24242.41796875
29700.23046875
28919.400390625
30075.552734375
29253.9609375
30567.740234375
29553.22265625
26247.595703125
22934.064453125
20502.796875
20767.208984375
23304.412109375
23311.083984375
21252.8203125
16173.5966796875
12939.3671875
8202.603515625
3893.392578125
1378.36474609375
289.3023376464844
6.628678494990936e-09
2.6870999647599092e-08
1.3007851684676552e-08
3.857412338256836
378.2767028808594
3147.945068359375
9142.125
15861.0126953125
24011.8203125
29291.60546875
31091.20703125
30370.513671875
27682.763671875
25289.451171875
21915.099609375
16547.9765625
12879.65625
10994.9375
12401.0576171875
14036.6240234375
17949.1953125
15692.5927734375
13708.3759765625
10554.859375
6469.744140625
2839.759521484375
1127.37109375
71.40355682373047
3.2539341191295534e-05
1.6522946566510655e-08
3.0512712356767224e-08
1.0975972131177514e-08
336.4107360839844
1088.0877685546875
4881.16552734375
9950.4560546875
15439.6513671875
21455.0
23167.1875
22741.138671875
20400.01953125
16562.708984375
10705.1533203125
7129.45654296875
5381.61865234375
4111.67333984375
5871.80078125
7103.97607421875
8381.3427734375
9079.65234375
8333.419921875
5576.95166015625
2526.839111328125
1513.4110107421875
431.66015625
70.78136444091797
0.07680074870586395
2.4475941273749413e-08
7.10883973908949e-09
9.39516731079948e-09
1.8748796293266423e-08
506.0307922363281
1202.204833984375
3594.4072265625
6063.16650390625
8170.111328125
8931.9716796875
8244.9052734375
5627.9287109375
2019.951171875
1608.4246826171875
471.80999755859375
478.56011962890625
619.9528198242188
1009.1776123046875
1312.4603271484375
957.6318969726562
2607.444580078125
2301.7607421875
1628.6048583984375
1072.930419921875
105.52925872802734
42.00596237182617
52.40850067138672
0.2787153720855713
2.8886121938853648e-08
2.1639724678834682e-08
3.736169151835611e-09
1.926588666378848e-08
1.2907423973083496
1.313921332359314
2.050649404525757
640.724365234375
473.0831298828125
609.3892211914062
106.22479248046875
6.103631973266602
4.073410511016846
1.183405876159668
0.018610185012221336
0.026186853647232056
31.825876235961914
53.3924446105957
69.57267761230469
3.5999536514282227
28.71651268005371
39.23004150390625
29.961902618408203
52.0595588684082
42.404117584228516
0.0
2.5014335047757186e-09
2.1790434345803078e-08
2.9828822079025485e-08
6.61400578749749e-09
1.3382022601149401e-08
2.5053839891597818e-08
0.0
1.1833679676055908
1.013441562652588
0.5487884879112244
0.00027382231201045215
0.00029272367828525603
2.4247219562530518
1.3685181140899658
1.6478627920150757
1.0368177072450635e-06
7.390602974055582e-08
2.8421146325285918e-08
4.139757425747348e-09
3.2670314453753235e-08
3.015096083913704e-08
2.9109267885019108e-08
0.0001655635714996606
0.00037017231807112694
0.0003513042174745351
1.5681315135296359e-09
1.3674998911028524e-09
6.176229305765446e-09
1.3807721188641153e-08
3.038273987954199e-08
2.41116140387021e-08
2.2371020591549495e-08
1.6615087972127185e-08
1.983704223107452e-08
1.1035226066269388e-08
2.806705090563355e-08
5.9912736993794624e-09
1.6348996823012385e-08
2.6502279482087943e-08
3.380868562885553e-08
4.877162140815017e-08
4.8240842431823694e-08
5.182319284813275e-08
2.136422416754158e-08
3.310702823000611e-08
2.7720718165369362e-08
2.9285422087355073e-08
2.560011225227754e-08
1.6457433194005944e-09
1.9567270470588483e-08
3.2662914151160294e-08
3.275827253901298e-08
3.250070435001362e-08
2.2171741775878218e-08
1.3264261689016621e-08
1.0291079988178353e-08
4.722627178210814e-09
1.1377657926914253e-08
3.440878026950145e-09
8.89727935771134e-09
3.0603256817585134e-08
1.0678388839835407e-08
2.1019001650302016e-08
2.192317793969778e-08
1.1328683768851988e-08
2.8009543573404017e-09
2.3215532607423484e-08
2.565919920982651e-08
2.660426723366527e-08
1.8725549111309192e-08
8.002492890568647e-09
1.5663177421743057e-08
2.543469079796523e-08
1.670656502028578e-08
2.347242400446703e-08
2.4550388388888678e-08
1.4710447970855967e-08
4.114392382348342e-09
2.0408539302962936e-09
1.0047268794721731e-08
2.1747109002490106e-08
1.941551275308484e-08
3.823409588932236e-09
6.820892739511919e-09
3.3878507110784994e-08
1.0874162015284128e-08
1.4519923041689253e-08
