3.5898615191598537e-09
1.3160886824792328e-09
4.8688963971699195e-09
4.998241820430849e-09
2.043524238715122e-09
3.141872317868888e-09
4.117322482954933e-09
5.352434051530963e-09
4.742159998016859e-09
4.261671460170646e-09
4.328947422749252e-09
5.329390706521053e-09
6.10166894787767e-09
3.4831186823680582e-09
4.925729962801384e-11
7.023068238076746e-10
2.2504156316216495e-09
4.8299098054371825e-09
9.435084935560667e-10
1.9374388759985095e-09
5.278648351758619e-11
1.741017052747651e-10
6.1768319348232126e-09
2.0643777798312613e-09
2.79548006965058e-09
1.9029520181845783e-09
4.042190582254079e-09
5.426523674856298e-09
1.1169118963039182e-09
4.814618481674415e-09
2.5912507695124987e-09
2.3072952437530603e-09
3.2404967598154144e-09
5.685510728881127e-09
1.0021085072864366e-09
6.40631492299093e-10
4.870557734903969e-09
22.520307540893555
16.97054672241211
21.759002685546875
21.74261474609375
27.423837661743164
0.0
7.894688458520704e-09
4.1410381790285555e-09
2.000417831382606e-09
4.49345316511085e-09
6.19055384731837e-09
2.9065507778369692e-09
6.297579346892235e-09
5.3877320382866856e-09
4.694700739271696e-10
2.340285298885192e-09
3.296553030551763e-10
5.4524780246367754e-09
5.065213581900707e-09
5.570989225489598e-10
6.268015884103306e-09
2.8149667041788007e-09
7.515471578400934e-10
1.4765917377701498e-09
4.491234051329229e-09
1.8106811883189522e-10
5.76571512755919e-10
245.30690002441406
327.3575134277344
378.9964904785156
521.7967529296875
606.9461059570312
641.2036743164062
664.4844970703125
244.7994384765625
190.71217346191406
2.6777753829956055
0.30477944016456604
8.513403315646428e-09
5.016877135943787e-09
1.1130719679286472e-09
4.365825923002831e-09
5.467497565803114e-09
4.320083402120645e-09
2.6442290579353767e-09
1.027465224012758e-09
4.804795228352532e-09
3.750524335544014e-09
6.298875643295787e-09
2.849388058834279e-09
4.3110146563662965e-09
4.5168562223807385e-09
0.004698808304965496
85.51240539550781
718.1116943359375
1976.4400634765625
2806.545166015625
3995.4677734375
6555.25830078125
9113.9140625
10602.3515625
11930.9228515625
11495.16015625
9610.59765625
4320.17138671875
1321.94091796875
398.6856994628906
134.19960021972656
7.938465884649304e-09
6.538188213056628e-09
5.33351673936977e-09
5.172988259971589e-09
5.914664757966648e-09
2.2993353887557078e-09
2.144590949271219e-09
2.1198809374567418e-09
4.465368519390722e-09
3.973679607582881e-09
1.0223052404612076e-09
2.9668741262867115e-05
917.5203247070312
2222.604248046875
4032.8369140625
7512.96923828125
11518.51953125
16271.5908203125
23397.796875
27415.80078125
28731.880859375
27491.919921875
26074.16015625
21763.919921875
15387.6259765625
7513.0439453125
3403.03759765625
1600.5076904296875
423.48846435546875
50.33162307739258
0.0
3.3476088567852003e-09
4.1852663001940016e-10
5.739951625116646e-09
5.982181860986202e-09
6.074740266370782e-09
3.2123792514937577e-09
3.795123326710836e-09
6.486685411033477e-09
442.0836181640625
1513.391845703125
3244.5654296875
7679.94970703125
12779.41796875
19307.32421875
25266.548828125
31137.197265625
31756.806640625
33568.859375
34177.5703125
32943.8359375
28483.783203125
23405.40234375
14192.9189453125
6124.65478515625
2550.982421875
1060.4212646484375
65.3712158203125
36.28537368774414
2.2308379588054095e-09
5.770822930628583e-09
2.0946353540551854e-09
2.585646363684191e-09
5.8375810851885035e-09
1.9138894913339755e-09
2.659988229680721e-09
0.2621077001094818
304.1069641113281
1590.1475830078125
5754.17431640625
9968.0146484375
16898.474609375
24246.111328125
27890.81640625
29216.599609375
28845.146484375
28333.443359375
29310.021484375
31019.369140625
30522.705078125
27665.90234375
18412.400390625
9742.708984375
3850.266845703125
1923.39599609375
374.60052490234375
67.52157592773438
9.96673765740752e-09
7.48857420518334e-09
2.4472470716574435e-09
5.407371439503095e-09
4.68295224820281e-09
5.250015533420083e-09
6.0684968161695e-09
0.2491701990365982
58.57745361328125
2066.189208984375
6662.79833984375
10415.685546875
16540.453125
21409.59375
23110.15234375
21546.51171875
19534.779296875
17653.064453125
19945.484375
22924.140625
26837.990234375
27514.263671875
21322.69140625
12244.2080078125
4467.697265625
1885.302734375
67.4911117553711
52.310672760009766
0.003942270763218403
1.432987151162024e-08
2.800438103633951e-09
3.831475581250743e-09
3.911149182300733e-09
3.1952132051316084e-09
2.0222545860093533e-10
0.0
152.49879455566406
1383.78271484375
4631.60498046875
8200.5908203125
11671.3896484375
13711.65234375
14420.2236328125
9813.193359375
8655.115234375
8395.6123046875
13579.0673828125
18891.2421875
26759.30859375
29138.033203125
23069.33984375
13133.1943359375
4253.72216796875
1969.45751953125
97.93594360351562
0.0
1.2531039317309478e-08
8.555738340021435e-09
6.0168905413604534e-09
1.808357685817441e-09
3.4975831120220846e-09
2.5525908053936064e-09
6.3278142725664566e-09
5.652796897237522e-09
162.5067901611328
641.7855224609375
3713.240478515625
6349.98388671875
8944.255859375
9477.7880859375
7059.3662109375
5428.58203125
4283.27392578125
5484.7578125
11654.5732421875
20379.248046875
28586.0859375
29901.814453125
23225.2265625
12235.4013671875
4444.705078125
1574.332763671875
72.48104858398438
0.007228044327348471
0.010955942794680595
4.796430275177954e-08
3.684278215843051e-09
8.520081307139549e-10
6.316286604857169e-09
5.184652707157511e-09
5.74429259714293e-09
6.409940356277843e-10
121.89804077148438
758.9462890625
1587.504150390625
3580.683349609375
3906.60986328125
3460.677978515625
3427.04052734375
2426.70947265625
2403.314453125
4953.337890625
14840.5322265625
23740.5703125
32289.060546875
29179.54296875
20301.787109375
9578.12109375
2642.986083984375
508.67352294921875
32.200843811035156
0.009162919595837593
0.008825493976473808
2.706394441887028e-09
1.6726769969110933e-09
3.966872164085089e-09
5.326116436776829e-09
5.523712154342775e-09
1.6177702510944414e-09
4.049676149975312e-09
56.11263656616211
611.92529296875
776.87646484375
1067.1695556640625
1770.561279296875
1691.7305908203125
1421.8355712890625
1297.0548095703125
3445.7080078125
7705.64111328125
19183.505859375
28735.564453125
32677.234375
27922.7109375
16666.046875
6456.9912109375
1848.5570068359375
102.26659393310547
29.79045295715332
0.009622258134186268
0.008859152905642986
0.0
2.1817598838680397e-09
3.241126034225772e-09
2.3851056685231242e-09
8.94885332503037e-10
1.4736881714938477e-09
3.6483944754195363e-09
4.047215895752743e-09
514.5971069335938
441.0034484863281
47.622528076171875
129.173583984375
115.62384033203125
523.2522583007812
2161.46142578125
6190.7529296875
14544.6591796875
26138.986328125
32918.265625
31691.37109375
20936.388671875
9896.2705078125
3567.24462890625
567.3993530273438
100.15120697021484
0.020076584070920944
0.02643086388707161
0.00041069500730372965
0.698933482170105
5.084809018285341e-09
3.874345982923799e-11
2.93566304598869e-09
2.8793067929910876e-09
2.182866998268196e-09
3.355304922791902e-09
5.0620698743841785e-09
498.9657287597656
498.9598083496094
1.9204881191253662
53.94184875488281
348.3789367675781
1695.93310546875
4720.5107421875
11351.8349609375
22574.7265625
31337.486328125
32743.427734375
26805.90625
15474.2060546875
6745.36669921875
1529.85107421875
785.0326538085938
107.39266967773438
130.7774200439453
0.42037925124168396
0.5953800678253174
0.4264095425605774
1.5106749184923274e-09
178.09303283691406
6.112067296726309e-09
9.121868815853418e-10
5.0255537509258374e-09
5.42160272232195e-09
110.9305648803711
35.58313751220703
380.5045166015625
237.5383758544922
874.5859985351562
1783.660400390625
4025.10791015625
11076.724609375
20168.32421875
29838.15234375
33421.0546875
29759.328125
19357.296875
8622.32421875
3699.11083984375
1201.754638671875
719.341552734375
359.8895263671875
171.65887451171875
686.5294189453125
3.343114137649536
104.59420776367188
307.95208740234375
268.50634765625
5.6995568264994745e-09
8.581058641432548e-10
6.121255502478107e-09
173.97377014160156
162.24176025390625
229.125244140625
523.4046630859375
1126.3843994140625
2797.963134765625
5311.28662109375
10936.724609375
20913.26953125
30006.009765625
34061.9765625
30349.27734375
22476.7265625
11922.5576171875
4841.375
2314.789794921875
1568.123046875
1166.331787109375
865.6703491210938
1266.581787109375
1480.529296875
1168.3076171875
364.5096740722656
307.2812194824219
0.0019197523361071944
4.721687041353562e-09
4.30167457210473e-09
4.9130126633656346e-09
142.4376678466797
176.56814575195312
379.0301818847656
1995.2281494140625
2888.9833984375
5122.99365234375
10916.7578125
19834.75
28483.201171875
33188.84375
31575.0625
25423.126953125
15297.9208984375
8445.0693359375
3275.076171875
1791.70361328125
1647.4820556640625
1826.9239501953125
2406.126220703125
2991.61669921875
2849.121337890625
1541.5499267578125
681.3839111328125
125.05703735351562
0.002858953084796667
6.295261645306027e-09
1.765766866057561e-09
1.257138948496106e-09
9.012939017338795e-08
282.198974609375
731.950439453125
2511.2373046875
5201.34814453125
10117.3330078125
20146.314453125
27872.224609375
32568.763671875
32132.296875
26021.421875
17531.357421875
11615.509765625
7999.39501953125
5423.90869140625
5187.48388671875
5887.841796875
7268.0341796875
7862.6865234375
6623.310546875
5420.81298828125
5052.56494140625
2142.93896484375
415.064697265625
0.00716206943616271
1.0140634998379028e-09
2.5826170091391987e-09
1.8513398458708252e-07
2.7710623839993787e-07
480.9270324707031
1429.165771484375
4617.83251953125
8791.1533203125
18292.830078125
26895.587890625
31406.8515625
32157.2890625
30491.03125
22605.388671875
17717.408203125
13884.484375
13241.8349609375
12585.68359375
11961.462890625
13655.7744140625
15030.2353515625
16107.771484375
13434.5283203125
11604.4951171875
8898.376953125
3991.322021484375
928.2254638671875
1.0051002502441406
9.146235990797891e-10
2.729229731102123e-09
1.0862382282539329e-07
2.6072450509673217e-07
479.8937072753906
2006.7568359375
7362.279296875
14395.150390625
23498.330078125
30886.697265625
32938.68359375
33196.32421875
29790.12890625
27048.328125
24725.76171875
24514.8671875
24487.419921875
22918.28515625
23805.98828125
25953.587890625
24781.11328125
23774.8984375
20357.33203125
13936.3837890625
9554.3271484375
4410.482421875
897.6663208007812
1.1696891784667969
3.4679679128402086e-09
5.965729688028887e-09
1.898370793895765e-09
4.0080077035042905e-09
975.2111206054688
2823.72412109375
8829.1279296875
15139.39453125
25714.296875
31969.400390625
34345.13671875
34981.01953125
33286.67578125
31184.728515625
30262.52734375
31540.1171875
31776.048828125
31313.076171875
30583.466796875
30837.115234375
28960.251953125
25868.951171875
20323.5
12073.3603515625
6986.2783203125
3333.950439453125
682.9456787109375
6.093023863229519e-09
1.4530876502050205e-10
5.992000673415987e-09
4.395674935153693e-09
8.214936256408691
313.4537048339844
2157.564453125
7155.69677734375
14468.9501953125
22059.341796875
29457.048828125
33320.203125
32466.912109375
30885.341796875
30306.291015625
29670.083984375
30475.974609375
30042.197265625
29665.88671875
29322.451171875
28293.8359375
24127.0859375
19623.146484375
11460.9208984375
6767.3046875
3910.77490234375
1908.273193359375
280.8682861328125
5.531746616327382e-09
3.813718674194888e-09
3.551938076995498e-09
1.880113620345014e-09
5.531833657812513e-09
316.870361328125
1423.684814453125
4725.365234375
9180.837890625
14696.1650390625
21489.447265625
25284.1484375
24513.814453125
22258.900390625
20605.41015625
19900.7578125
18609.462890625
18430.787109375
18636.890625
17787.39453125
12815.037109375
11537.8837890625
8875.6806640625
6188.65673828125
3072.585205078125
1316.9219970703125
179.1653289794922
1.9592050204408906e-09
3.309740259638261e-09
6.324969437088157e-09
2.818940858517749e-09
2.680355937201284e-09
5.715722117827227e-09
103.58387756347656
521.0452270507812
955.57568359375
1801.459228515625
2860.6171875
6200.41845703125
6573.212890625
7316.982421875
7700.94775390625
7242.421875
6622.54736328125
6916.275390625
6111.224609375
6400.41357421875
6260.13134765625
5016.552734375
4173.08984375
4148.47900390625
2043.7069091796875
866.8875122070312
151.81565856933594
1.0188693222445977e-09
3.0108067150536044e-09
3.319939878565492e-10
2.976112911667883e-09
4.2434433744631406e-09
2.9709052995485763e-09
6.376162708932043e-09
4.0452321492523424e-09
1.365001722763992e-10
0.10540758818387985
0.12588852643966675
0.06556832790374756
0.02339915744960308
0.01580044813454151
0.024039682000875473
4.2101215512957424e-05
3.9831717003835365e-05
0.002818398643285036
37.67091751098633
71.23979949951172
506.8332824707031
829.25634765625
560.9630737304688
82.5431900024414
71.57080078125
92.91629791259766
7.744388103485107
1.567959189414978
1.4806600390215863e-09
1.8299582960068506e-09
5.516634704605394e-09
3.895556766053687e-09
3.8328686891020425e-09
5.7270010955789985e-09
1.2100295210260015e-09
5.0397228612553135e-09
5.460546681490541e-09
5.148420800793474e-09
8.923418448603115e-09
5.941151126620525e-09
8.073362423033359e-09
1.0112645831839018e-08
1.872898991450711e-08
1.5429524324872546e-08
1.0959864127357832e-08
3.328146869208126e-09
5.516895829060786e-09
5.819082105062989e-09
1.1829176527200502e-09
4.744577619675283e-09
3.5044542823214897e-09
2.018657241364963e-09
5.696724203474446e-10
2.6954223297792623e-09
3.948395388420067e-09
4.5170280849049504e-09
1.1787947284958022e-09
3.887252741918701e-09
1.6154431126125246e-09
3.369726053747968e-09
5.331211916370648e-09
1.5504236783314695e-09
4.027651101523588e-09
3.5963012567918895e-09
3.8027110349503346e-09
3.709148987951494e-09
5.873421304869453e-09
1.8856607386652513e-09
3.5130351960788175e-09
3.856845509631057e-09
5.751546794385831e-09
7.492932496688809e-09
6.4653145059878625e-09
5.0081352398478884e-09
1.5197270109013061e-09
9.158501179662437e-10
2.1797696980740966e-09
7.391965928249533e-10
4.0429570802302806e-09
5.095028843271621e-09
6.205860714203482e-09
2.448264035948e-09
3.1937388289549062e-09
3.782365531890264e-09
5.08328601434016e-10
6.3859442178682e-09
8.524034811330239e-10
1.4176619878014662e-09
5.503021927033558e-10
6.394220264382966e-09
3.375361545820965e-09
4.694744593081168e-10
2.5653503765710184e-09
2.119136421896428e-09
5.0656390193637435e-09
1.2052411291207932e-09
1.9610002510717095e-09
2.2091100060350755e-09
5.166986838389676e-10
3.0954321328380274e-09
5.297347005495112e-09
6.988526424223096e-10
2.659016784534174e-09
1.7958123876837817e-09
6.096966931323777e-09
2.303705892714447e-09
2.88304669027184e-09
2.9608604457109777e-09
3.5337230364085315e-10
5.536365144109823e-09
4.291818456181318e-09
1.3126123521445265e-09
2.4348072447111235e-09
2.0836756764452957e-09
9.131390088512603e-10
