6.3471641276180435e-09
8.527623052145827e-09
7.740817986601201e-10
5.947439873921212e-09
6.374595962199692e-09
9.442157472561163e-11
7.12637282518358e-09
8.375788063119671e-09
1.0710399234170609e-09
8.064167111854204e-09
8.104795945484966e-09
3.0087958791114033e-09
8.844879495484292e-09
9.078133800244359e-09
2.4387529773406413e-09
4.520492424830991e-09
6.276727138043725e-09
8.503814541427346e-09
2.0477750051206556e-10
3.952540517104808e-09
7.588839778804868e-09
3.428508588143586e-10
2.882216909583235e-09
3.9147676766937423e-10
5.760468102522509e-09
7.598245588269492e-09
5.844272621402524e-09
4.107937545683171e-09
3.1031095470979153e-09
6.8532699515344575e-09
3.6231913025375206e-09
1.315146325175931e-09
2.3045585439973593e-09
7.837001270161181e-09
2.587952740995547e-09
7.427966242090633e-09
6.080797199103927e-09
7.099074661454097e-09
8.591323763518233e-10
3.8318765938072374e-09
2.3927619885455442e-09
2.0687369595151495e-09
2.4921549268697163e-09
8.525225858591057e-09
6.7605943065984775e-09
1.3526251230189246e-09
7.79056374966558e-09
8.054424682768513e-09
1.0232596991954779e-08
7.294878034969088e-09
7.694527792700967e-10
2.9951938707029058e-09
9.91991377929935e-09
7.324857165258436e-09
3.71261044129767e-09
6.108027861273513e-09
6.544915720496647e-09
2.4702820344835175e-10
4.8926622753242555e-09
7.705046378703173e-09
2.2122509379940425e-10
3.796258418731213e-09
2.0398591704662294e-09
2.57110599477528e-09
6.296757337764802e-09
5.0705084575497494e-09
1.0470025735287436e-08
6.838058563829463e-09
1.7045126421422196e-09
1.3805852017156894e-09
1.025361018314186e-09
9.33782562384522e-09
8.8099660899843e-09
8.853674238196163e-09
4.7496442334704625e-09
2.5673232428857773e-09
7.932665191390242e-09
1.9657919736459917e-09
1.2883063504887105e-09
4.777844342385151e-09
2.0410741985443792e-09
4.148243970547583e-09
9.037034232051155e-09
5.321949547720806e-09
1.043769959352403e-08
2.541159060953646e-09
8.91063933750047e-09
9.136333467552049e-09
3.294249095731061e-09
6.3980634124050084e-09
4.645138051984077e-09
3.171801488122128e-09
1.9705277409798327e-09
9.042105397760736e-10
6.362617543942406e-09
3.346990018471274e-09
8.67739657905986e-09
7.271663715613386e-09
0.002555637853220105
0.011928284540772438
0.012484656646847725
0.0
0.03328462690114975
0.052803341299295425
2.963815637357925e-09
3.758021893673913e-09
7.326777407001828e-09
5.813534542653542e-09
2.7599065255401456e-09
3.6108029760617555e-11
3.5606415593747442e-09
7.505764898496636e-09
1.0787012394430917e-09
9.334376827041524e-09
4.5311971952344265e-09
2.2610717742566067e-09
6.016186215873631e-09
6.85142742540279e-09
9.703712500197526e-09
1.1833320989751428e-08
8.491110037311955e-09
1.3078247818043565e-08
113.17806243896484
167.0691375732422
177.50430297851562
122.57701873779297
349.8866882324219
0.757088303565979
1.2017463445663452
223.35751342773438
195.50857543945312
189.09759521484375
16.29106903076172
8.463245215750703e-09
1.703958751875234e-08
1.0809952932788747e-08
3.591058839180761e-10
4.454584257018723e-09
6.323929824247898e-09
2.5927723856788987e-10
6.961617060596836e-09
7.76607134156393e-09
3.616031474251713e-09
6.455745715783223e-09
3.4161065087801035e-09
56.525638580322266
0.00019512225117068738
0.00030552962562069297
0.0018654316663742065
5.024467468261719
199.19622802734375
481.83734130859375
866.5175170898438
1977.660888671875
2619.86279296875
2584.878173828125
2234.756103515625
2818.2919921875
2324.845458984375
1314.7802734375
682.6828002929688
119.35842895507812
31.250709533691406
8.074250221252441
2.107793307004613e-06
2.223229557785089e-06
8.46272119048308e-09
7.823870440404335e-09
8.200847778638831e-10
7.644884725266365e-09
1.0532989591638398e-08
1.04103903275643e-09
9.897010322390543e-09
0.0
0.0
537.4449462890625
906.9212646484375
1676.4755859375
3012.746337890625
6872.96337890625
10621.390625
14789.46875
18974.9765625
19779.259765625
20640.77734375
17640.12890625
10725.310546875
6244.8466796875
4058.385986328125
2497.0625
458.3312072753906
383.4542236328125
8.642553329467773
2.750854015350342
1.9065808057785034
9.502002518146924e-10
4.2923757881396796e-09
8.993379374544475e-09
2.2946942124235647e-09
2.5265805003726882e-09
0.0
0.1645510047674179
163.62062072753906
850.9411010742188
2483.32275390625
4691.33740234375
9529.166015625
14960.2734375
25678.623046875
33111.46484375
35822.98046875
37486.09765625
39807.77734375
35061.5859375
23009.32421875
13030.587890625
4919.76123046875
2899.869873046875
995.1520385742188
563.060546875
189.11367797851562
4.9585723876953125
3.9773213863372803
1.913677438736272e-09
4.927246610719749e-09
3.2309765973792537e-09
8.224506409248988e-09
0.029649311676621437
0.024561036378145218
0.2584129869937897
222.24581909179688
1777.170654296875
4443.71533203125
9546.181640625
19811.0546875
31109.724609375
39152.0625
39360.10546875
37472.80859375
36524.92578125
38937.29296875
37562.625
30716.87890625
19148.546875
8388.912109375
3268.41064453125
1144.025634765625
221.5431671142578
164.46775817871094
107.9867172241211
5.271895408630371
8.682425445272202e-09
8.780518534479143e-09
4.947064535798518e-09
7.276022451208064e-09
0.026827825233340263
0.026827825233340263
7.432760238647461
513.6272583007812
1903.9652099609375
7408.58544921875
17921.1015625
29801.6796875
39398.78515625
39504.796875
32497.818359375
27695.275390625
26385.564453125
32828.1484375
36605.97265625
31396.646484375
21881.234375
9954.0458984375
4693.43115234375
1402.962646484375
263.6750793457031
313.9631652832031
248.13937377929688
9.627766139885807e-09
7.524890932586459e-09
9.066273065627684e-09
8.944037510616454e-09
8.211873847585593e-09
1.0383550019810173e-08
0.0
6.187602519989014
827.9616088867188
2962.19384765625
12478.349609375
25884.080078125
39133.7578125
39749.7265625
31179.080078125
20200.8671875
13123.6357421875
17327.103515625
29242.642578125
37904.48046875
31738.826171875
22135.724609375
10441.33203125
4342.75048828125
777.6812133789062
304.0153503417969
198.42579650878906
157.82542419433594
5.552594384283793e-09
1.2197061138863319e-09
9.398179123820682e-09
2.2158093138102686e-09
6.089106552309431e-09
5.054852863395354e-06
8.25450388219906e-06
46.874481201171875
1210.1363525390625
5521.12060546875
18965.955078125
32901.390625
40341.91796875
34066.73828125
20788.923828125
11446.666015625
10027.6376953125
21046.703125
33178.6953125
39099.71875
32773.00390625
20966.296875
7781.923828125
3140.33203125
560.8181762695312
233.659912109375
25.35801887512207
17.464305877685547
4.744338255591174e-09
1.021917483967627e-08
5.258290691756429e-09
3.657710356819166e-09
6.029645671645767e-09
1.542290561928894e-08
0.21965055167675018
444.1690368652344
2400.937255859375
7637.35400390625
24102.62890625
37824.24609375
38828.390625
30310.236328125
15911.30078125
12561.0546875
18919.453125
30769.40625
38589.7109375
41937.47265625
32466.095703125
16196.5625
6392.1982421875
2079.691162109375
270.9169006347656
26.896913528442383
112.29925537109375
75.12387084960938
3.974779616555679e-09
4.97818630762481e-09
3.0393318972699035e-09
2.313687463839642e-09
8.649363891777284e-09
1.6434526628472668e-08
0.2814173400402069
787.8524169921875
2905.5830078125
9907.279296875
24275.693359375
38614.07421875
38278.296875
32034.17578125
24485.21875
24863.953125
30837.6640625
38664.48046875
42871.57421875
40800.0703125
30102.94140625
13110.384765625
4662.84423828125
2069.558349609375
331.2349548339844
180.21409606933594
130.41197204589844
109.35929107666016
8.833891840254182e-09
2.781920471761623e-09
1.1106747743738765e-09
8.42572678294573e-09
7.54061435515041e-09
0.0004876645398326218
0.0004971447633579373
856.7998657226562
2223.08251953125
10069.9296875
23316.404296875
33175.6484375
38144.890625
35016.04296875
33641.2578125
32840.74609375
35272.53515625
40009.19140625
43445.7734375
39952.37890625
26486.328125
9897.6591796875
3611.720703125
2685.636962890625
1335.8740234375
375.34381103515625
187.891357421875
148.6237030029297
5.680003578589776e-09
2.7497499832662697e-09
5.165783800720192e-09
2.541765131702789e-10
7.68666463812906e-09
0.0004155881761107594
0.014515423215925694
318.5066833496094
1969.814208984375
5759.94287109375
17464.306640625
24827.568359375
28350.484375
30845.115234375
31352.080078125
30209.451171875
31582.671875
38217.37890625
44561.02734375
37765.65234375
22409.302734375
8025.60986328125
3768.18701171875
2795.498779296875
1320.3902587890625
939.2236938476562
146.63160705566406
0.0
7.48650119675176e-09
1.0491290503011896e-08
1.0455779353435446e-08
1.0244919579349698e-08
1.014240691432633e-08
8.034219511898755e-09
4.983224391937256
210.45689392089844
1415.131591796875
4254.78515625
10184.9619140625
15646.8837890625
17741.279296875
19496.5546875
21425.94140625
19025.3671875
25353.0078125
40125.2734375
42797.33984375
31933.61328125
14598.931640625
5039.015625
3049.169189453125
2037.290771484375
867.4442138671875
355.57696533203125
0.06826844811439514
2.380284858105597e-09
7.027533222014881e-09
8.924844863145154e-09
1.9173347354239922e-09
8.94763196868098e-09
1.2691793171981658e-09
9.735315664727295e-09
0.017585087567567825
5.017297744750977
1226.694580078125
2350.88671875
4614.89599609375
7259.79345703125
9263.94140625
9696.38671875
10126.111328125
12859.25
28063.865234375
42804.171875
41926.1328125
27326.025390625
8253.369140625
2431.218017578125
1756.7906494140625
1568.235107421875
443.19805908203125
602.1209716796875
152.80389404296875
2.6864241942092804e-09
8.917515614825788e-09
5.897733856841114e-09
1.5644121553748391e-09
2.1708852493418362e-09
4.982347423521105e-09
2.1600019550760408e-09
0.013012995012104511
0.7577073574066162
267.2066345214844
1495.2420654296875
1949.1728515625
2607.444580078125
4281.73583984375
4728.59521484375
5165.16845703125
11106.6318359375
33672.9765625
43917.12890625
39194.72265625
17567.544921875
2760.75537109375
1274.9422607421875
952.19677734375
783.7890014648438
134.65834045410156
264.70269775390625
8.723707287572324e-05
9.389960808903197e-09
5.6965121508767425e-09
3.5248624019601493e-09
3.869140563494966e-09
9.538125844699152e-09
5.582442064167026e-09
1.0352276369474112e-08
0.019163580611348152
0.02695554308593273
4.943698406219482
416.97845458984375
990.5144653320312
1011.4520874023438
1618.012451171875
1907.816162109375
4057.758544921875
14571.22265625
39929.59765625
44602.4609375
35221.35546875
12887.0126953125
1531.3109130859375
914.9158935546875
797.912353515625
305.7364501953125
114.82398223876953
80.35581970214844
5.528165480939151e-09
8.217636349172608e-09
8.563802111893892e-09
3.933029457670045e-09
2.152874545302552e-09
1.8697703385583964e-09
3.556779537561283e-09
9.9918535667598e-09
0.022188402712345123
0.022171953693032265
1.8098580837249756
28.76103401184082
505.85693359375
975.747802734375
1394.167724609375
2262.303955078125
5581.982421875
22648.1953125
41787.9609375
43784.8125
29127.4140625
7287.9384765625
1756.2265625
583.2478637695312
488.276123046875
248.74790954589844
150.30091857910156
482.1939392089844
5.901579225309206e-09
9.170876502651026e-09
2.451072456111092e-09
8.030730747066173e-09
9.213392715423652e-09
1.757218592857157e-09
4.1618064550164036e-09
1.5385167584369697e-09
0.02310078963637352
0.01493444200605154
26.05147933959961
19.752897262573242
406.03009033203125
1005.9811401367188
1373.2926025390625
3415.412109375
10704.052734375
29026.845703125
43175.80859375
40887.55859375
22057.42578125
5599.11669921875
943.488525390625
361.78533935546875
452.4349060058594
242.6980438232422
63.04963684082031
9.79806458190069e-09
1.05139097428264e-08
2.6659989771360415e-09
3.473352161442733e-10
3.535487458350417e-09
5.654323231851777e-09
6.692616461023704e-10
5.57381119037359e-09
1.6561446658514e-10
0.0061122658662498
0.016013437882065773
0.17006510496139526
10.661426544189453
120.44979095458984
972.2383422851562
2027.4227294921875
5293.31494140625
16091.47265625
33794.421875
44193.51953125
36587.30078125
16249.0859375
3949.14501953125
1197.0157470703125
262.6300964355469
129.7750244140625
204.6360626220703
2.60906720161438
0.3312113583087921
7.392105261239124e-10
1.0178205833710763e-08
2.9668121293013883e-09
8.620342661913583e-09
1.115443515331549e-09
9.23700493871138e-09
5.7067865988358335e-09
4.81635131777125e-09
0.08323609828948975
0.0739186629652977
0.1988634616136551
0.5408262014389038
257.2490539550781
546.8729248046875
3322.490478515625
7775.49072265625
20250.87109375
36565.453125
41785.63671875
31199.25390625
15130.025390625
3932.919921875
1244.3387451171875
379.71844482421875
369.27691650390625
34.8253173828125
27.15426254272461
0.13731814920902252
1.0463323540932379e-08
7.838472981802624e-09
8.137115869999434e-09
4.4757935135919524e-09
4.350292126531485e-09
6.468593660713395e-09
1.9041352938842238e-09
4.709759804377711e-10
0.028734276071190834
0.06238619238138199
97.75105285644531
96.97755432128906
158.87010192871094
945.0474243164062
3322.921142578125
9716.08203125
20877.95703125
34898.140625
38495.7109375
26500.6171875
9305.6298828125
2838.623046875
627.75048828125
545.2281494140625
578.1336059570312
411.22314453125
17.748750686645508
0.02854016050696373
7.807273938453818e-09
8.435309339915875e-09
5.751155551791953e-09
3.5628089367634175e-09
9.10594177838675e-09
6.65899557716898e-09
2.652889019572058e-09
4.845388978935716e-09
102.5833740234375
78.52444458007812
106.33777618408203
95.28923797607422
103.5843734741211
857.2506713867188
3268.633544921875
9174.904296875
18352.412109375
28897.873046875
26250.552734375
16483.224609375
4985.416015625
1373.888671875
80.49365997314453
300.0356750488281
378.1517639160156
521.8920288085938
2.086467742919922
7.598617735027346e-09
5.725859786309684e-09
7.434326043664896e-09
1.0828975494092674e-09
5.203846686896441e-09
1.4490318944737623e-09
7.024602233229871e-09
8.864963874088971e-09
7.301274695947768e-09
2.880955751738412e-10
6.057385260049841e-09
4.804561193338941e-09
0.017950549721717834
0.012592724524438381
166.4261016845703
1222.54833984375
3740.95556640625
6906.16015625
11257.984375
8522.216796875
4681.5244140625
1548.989013671875
434.4392395019531
0.6468205451965332
3.3259215381775675e-09
3.309410203655716e-07
0.010432411916553974
0.007345232181251049
3.297531581125668e-09
8.9652250068184e-09
3.1791504984113317e-09
1.40484812671815e-09
6.805493946160368e-09
2.4094088946213787e-09
9.3800016642831e-09
8.99084540151307e-09
8.25275581206597e-09
3.380983493173062e-09
6.312277367470642e-09
2.323242265234171e-09
7.639958887750709e-09
8.139505042192852e-11
4.982559254074204e-09
6.906431426756399e-09
9.72214820649242e-07
0.0033382021356374025
0.0
191.57774353027344
200.09234619140625
7.648520927716618e-09
5.199115804543908e-09
2.0823791579971385e-09
1.3930179232346518e-09
9.81826175916467e-09
1.5770383887669936e-09
7.137546109703408e-09
2.124050713092629e-09
6.439041744243923e-09
6.99906382850557e-11
2.698340662021792e-09
2.466254755972841e-09
