1.64958723763986e-11
2.9106050902782954e-10
4.055936697611173e-10
5.049894391540022e-10
2.9791469291495787e-10
1.8304584237238686e-10
3.9723752065512485e-10
5.667857294611167e-10
5.044775153173475e-10
2.2714006023272226e-11
1.5593192015384005e-10
5.563206006975463e-10
6.516413519896957e-10
5.057099183858327e-10
3.6016323257115346e-10
5.004698322430556e-10
9.602044853673775e-11
5.179385254017177e-10
3.225604783274605e-10
5.120460166985197e-10
2.819606492732163e-10
4.692153887653205e-10
3.4382940938826323e-10
2.4261703757133546e-10
3.58520046983557e-10
2.281951155813644e-10
3.17163656449182e-11
5.650792611611166e-10
4.723076374446578e-10
4.889704752208957e-10
1.966962842603337e-10
4.165801315014761e-10
3.0516783544598525e-10
1.2721310116425855e-10
503.2070617675781
573.432373046875
143.15386962890625
979.89599609375
1041.8961181640625
911.5221557617188
808.9766845703125
898.7902221679688
229.4227752685547
332.84698486328125
185.2364501953125
2.2883002784301887e-11
5.573520533985743e-10
7.829852738394649e-11
4.101818884549857e-10
4.723716973131786e-10
1.439701691197115e-10
3.023401806689918e-10
3.4779293334175065e-10
3.543766391445047e-10
4.855788549029683e-10
1.3935250176011493e-10
2.9558730463286054e-10
4.920172602673745e-10
3.7674899311390675e-10
6.466658319936869e-10
5.643943090660741e-10
2.2484476566314697
421.6699523925781
691.5853271484375
1703.543701171875
4163.4931640625
5950.478515625
6682.13623046875
6023.20947265625
4290.8154296875
3542.171142578125
1317.20166015625
708.1321411132812
530.7788696289062
168.6562957763672
172.27671813964844
9.61890400503762e-05
5.029265892630974e-10
5.694862359462149e-10
1.8496439102566598e-10
1.6277243441997769e-10
6.268057739511335e-10
1.99265867695253e-10
2.2768999186073557e-10
6.045278166944001e-10
2.1617918566363414e-10
5.886310883163048e-10
6.823234338648732e-11
4.138157816413468e-09
442.4516296386719
700.218017578125
2700.841552734375
4301.48681640625
8265.421875
12768.435546875
12555.501953125
11094.4697265625
8842.6923828125
6941.84521484375
4589.98876953125
3691.466064453125
1830.1285400390625
347.1401062011719
0.2327454537153244
0.10409235954284668
29.769590377807617
0.0
1.8141183000253136e-11
4.893406235773057e-10
3.186847175040697e-10
3.979108431639844e-10
3.4884464761297806e-10
3.339803433810573e-10
4.6139767007069565e-10
2.5644231183008515e-10
9.932109995558491e-11
0.08434175699949265
327.24176025390625
1895.8924560546875
3035.266845703125
7751.455078125
14394.9091796875
18261.865234375
17179.98828125
14751.0986328125
11422.8916015625
7966.2109375
6663.43310546875
4865.28125
2248.355712890625
790.5432739257812
705.3471069335938
195.64874267578125
45.88582992553711
59.502628326416016
32.760597229003906
0.004756632260978222
3.5901098760504624e-10
9.83606598947695e-11
3.8267075619380364e-10
4.4318262948372933e-10
4.691464439154913e-10
2.9454180761057103e-10
5.918711076802197e-10
4.371510028839111
691.907470703125
2444.677001953125
5931.4482421875
11790.5712890625
17879.171875
20774.8046875
19135.548828125
14678.6376953125
10095.9970703125
6671.64892578125
5541.1845703125
4992.490234375
3143.618408203125
1461.1129150390625
1104.1707763671875
235.8326416015625
140.90780639648438
50.40209197998047
214.9027862548828
131.7711639404297
120.88378143310547
5.555561566339406e-10
1.0686820178795742e-10
5.672886604912719e-10
4.405854570066481e-10
1.7591586173870688e-11
2.3213273525612976e-09
6.110439300537109
1246.21240234375
3503.903564453125
8542.9970703125
15195.494140625
23779.609375
24373.072265625
20837.609375
15306.19921875
8900.6845703125
5372.4150390625
3754.7822265625
2201.53759765625
1017.5589599609375
1002.9029541015625
558.2120971679688
473.581787109375
258.8111267089844
296.6268310546875
510.31646728515625
444.66912841796875
158.70652770996094
4.1054870614232186e-10
6.103115790523361e-10
5.976876771285333e-10
2.6736912683844594e-10
5.0171933274612e-10
6.500161298106377e-09
5.821704387664795
1952.3878173828125
5211.9638671875
12641.390625
23315.59375
26782.193359375
27227.38671875
19306.2109375
9660.0361328125
5369.1669921875
3869.693603515625
2080.91552734375
2055.242431640625
1468.613525390625
1051.01904296875
867.2182006835938
631.5967407226562
721.8645629882812
594.7432861328125
433.473876953125
374.5732116699219
187.88966369628906
0.0012851719511672854
6.090361548416467e-10
2.065323606581515e-10
1.742015282024667e-10
5.94193583225433e-11
6.71009547659196e-06
6.6572160720825195
2768.33740234375
6458.166015625
15959.8486328125
26395.17578125
29061.86328125
24607.919921875
15063.4482421875
7612.56591796875
4166.15185546875
3290.12890625
2652.283203125
2377.883056640625
1895.6702880859375
1951.9437255859375
1478.9541015625
1943.0904541015625
1723.458740234375
862.2742919921875
422.29632568359375
304.38470458984375
0.002616564044728875
0.0014005007687956095
7.971577564713783e-11
5.052399054683576e-10
3.9264819173823184e-10
3.728688469095687e-10
1.7265425412915647e-05
4.066121578216553
2519.539794921875
9644.97265625
20582.8671875
28009.591796875
28485.142578125
20751.068359375
11352.443359375
4821.7373046875
2834.3134765625
3497.429931640625
3971.736083984375
3992.620361328125
4602.74560546875
5782.4912109375
6378.734375
5569.22998046875
5085.02685546875
2946.862060546875
880.454833984375
366.8727722167969
0.8369149565696716
0.0014698825543746352
2.9341098994883907e-10
2.4725022029770116e-10
6.533465990443688e-10
1.5920072204966829e-10
5.976814918540185e-06
130.56741333007812
3176.2333984375
12885.9599609375
23279.830078125
28976.900390625
26065.484375
16453.0390625
8952.2880859375
3548.041015625
4191.54296875
4567.185546875
5595.42138671875
7756.0908203125
10934.4775390625
13118.1875
13512.86328125
13572.7783203125
10394.658203125
5921.2392578125
2354.9296875
547.0213623046875
72.93160247802734
0.0015140827745199203
4.033532674529994e-10
2.6059582269866155e-10
4.264844033485815e-10
3.615950316948613e-10
1.0585204535118464e-07
193.3834686279297
4400.16357421875
14341.7685546875
25346.453125
28089.669921875
24393.189453125
14025.2900390625
6200.8525390625
3617.833984375
3926.464599609375
6861.6611328125
10018.5078125
16583.576171875
19457.00390625
20895.810546875
22169.88671875
22790.37890625
19811.822265625
13235.0537109375
7506.8447265625
2476.661376953125
253.14723205566406
0.008117509074509144
0.006363432854413986
8.67730123865762e-11
8.596893336099143e-11
6.141256947422846e-10
6.444989963938497e-08
174.54641723632812
5807.58837890625
16549.478515625
26530.748046875
26577.470703125
21771.54296875
12057.2705078125
4821.87109375
2851.67822265625
5522.96484375
12323.8076171875
18681.169921875
22172.015625
24450.828125
25603.552734375
27189.88671875
27393.279296875
25465.634765625
20219.869140625
13002.8466796875
5653.40185546875
1189.0389404296875
0.008051651529967785
0.005649862345308065
9.408879925176805e-11
5.935860136752069e-10
1.8241948229746896e-10
6.291204357466995e-08
203.8079833984375
5182.2744140625
17685.251953125
26932.794921875
26668.5390625
21648.00390625
10753.705078125
5624.25830078125
5283.12646484375
10182.0888671875
17350.6875
23058.46875
24731.77734375
25390.85546875
24121.501953125
23945.640625
25192.798828125
27575.259765625
25799.443359375
17929.638671875
10081.009765625
2027.8134765625
1.2639132738113403
0.0008984914747998118
1.9311170718072646e-10
1.5586192059213744e-10
6.294627319380908e-11
4.847288437304087e-08
225.11143493652344
4184.2236328125
17343.38671875
27785.31640625
26539.796875
22785.216796875
11551.3798828125
7713.529296875
8858.12109375
14886.857421875
22345.474609375
24637.234375
21782.708984375
19960.134765625
16491.4140625
14826.234375
17894.509765625
23823.33203125
27843.265625
22804.318359375
13285.1494140625
2909.024658203125
2.5616400241851807
1.938710025850554e-10
4.647320028805524e-10
1.2688937400806566e-10
3.2705113617303994e-10
1.6936699820391254e-09
170.7300567626953
4625.05322265625
17127.5234375
26343.5078125
26401.283203125
21478.3125
15197.595703125
11648.109375
13748.796875
19128.240234375
25066.3046875
21131.5859375
17685.990234375
11999.8525390625
9322.466796875
9742.544921875
12353.1083984375
21779.20703125
27961.24609375
26044.185546875
16487.373046875
4011.78759765625
2.5205748081207275
6.001530383770159e-10
9.921118787614702e-11
8.860968903068311e-11
5.506683442568772e-10
1.4692536076665874e-09
27.896953582763672
2926.13427734375
12178.2421875
24971.8828125
28505.708984375
24957.228515625
18311.46875
17867.591796875
17690.6875
22558.337890625
22608.09765625
19481.11328125
13263.4599609375
9496.5205078125
6525.50146484375
9186.6728515625
15982.5048828125
25684.21484375
30017.396484375
23810.955078125
14300.2158203125
4147.6015625
0.8165953159332275
6.410474373552688e-10
1.6076223685601576e-10
6.404580754626465e-10
3.0248867299853543e-10
2.3068187637864668e-10
24.05583953857422
1722.6224365234375
8648.1708984375
21485.205078125
26785.94921875
28687.703125
26125.865234375
23081.509765625
24138.6015625
23321.326171875
21798.705078125
17889.1015625
15328.267578125
10932.044921875
11675.6328125
16481.15234375
22387.046875
27834.0625
28797.05078125
19634.224609375
8623.4189453125
2130.885009765625
0.24451304972171783
1.5769203998150516e-10
4.012072896131258e-10
6.264576635217622e-10
1.3434284240609884e-10
6.169541544309709e-10
48.56846618652344
1074.787841796875
3978.21826171875
12590.986328125
23824.427734375
29964.185546875
30836.5859375
30018.220703125
28207.974609375
26649.08984375
25405.00390625
22048.23828125
20592.79296875
18345.9296875
20581.71484375
22668.046875
27910.751953125
28487.455078125
21766.53515625
12552.0263671875
4858.6708984375
1569.1982421875
5.907678235494984e-10
4.4927347953027663e-10
2.721031178154476e-10
8.969182341278525e-11
3.985274610318612e-10
6.136967045655695e-10
48.87925338745117
118.59306335449219
2205.353759765625
6210.34912109375
16814.833984375
24019.703125
30194.44921875
32365.275390625
31965.75390625
30357.7109375
29536.00390625
28871.751953125
29520.95703125
28088.626953125
27238.427734375
29659.412109375
28051.19921875
23119.998046875
13039.7900390625
6711.2744140625
2142.868408203125
677.33544921875
5.239950695568041e-10
6.373621075361768e-10
5.118546697602255e-10
3.1631916530550086e-10
7.447322758480368e-10
1.8621841846311327e-09
0.0
48.68279266357422
477.3164367675781
2553.20849609375
6502.6484375
14422.951171875
21270.701171875
26783.341796875
31251.54296875
31720.833984375
31659.38671875
29382.16796875
30563.873046875
29760.873046875
26652.453125
23827.494140625
18393.88671875
10511.8564453125
6519.5712890625
3831.74609375
1547.0064697265625
622.54541015625
2.469302540220042e-10
3.330199449536053e-10
1.3171901069863878e-10
4.92527962858702e-10
1.114807912649951e-09
1.2369677504509013e-09
11.360984802246094
4.373434059345982e-09
152.54959106445312
668.03076171875
2215.951904296875
4158.11328125
8105.93017578125
12614.0751953125
18633.919921875
21509.763671875
23903.7109375
24554.15625
23727.51953125
20653.47265625
16135.50390625
12183.7578125
8525.3251953125
5889.4736328125
3281.78369140625
1366.8499755859375
1106.664794921875
105.54603576660156
1.6567763827524118e-10
5.599158359181899e-10
3.4932268189180604e-10
8.759620806486623e-11
5.91991455856089e-10
9.761886854420254e-10
1.2086973644187538e-09
2.4217925442826527e-09
79.6214828491211
145.0797882080078
249.34494018554688
932.0086669921875
1579.5174560546875
2473.832275390625
3601.439208984375
4336.58056640625
6724.54638671875
8217.8515625
8271.1142578125
6993.25
5517.478515625
3920.944091796875
3085.965576171875
1707.4632568359375
1075.8770751953125
1093.0806884765625
63.38429260253906
1.3777190499553171e-09
2.5362237310311286e-10
5.808315495237082e-10
3.1566935176918776e-10
1.6127389701470207e-10
2.574582214087684e-10
1.1633383145692733e-10
2.150006145340555e-10
4.3020520479331026e-10
1.3178265145796786e-09
1.778015401576738e-09
3.4239671098390545e-09
115.46886444091797
468.5670166015625
521.8607788085938
608.297607421875
604.5794067382812
955.3051147460938
563.1265869140625
678.0469970703125
369.8105773925781
227.2791290283203
444.4661560058594
444.93048095703125
225.52117919921875
244.36781311035156
276.89312744140625
122.96418762207031
1.007253835894062e-09
3.8156472426109644e-10
4.064897862754435e-10
2.7651561596009344e-10
4.526394536963352e-10
5.046671414099535e-10
1.9164943243499266e-10
2.3085833245062304e-10
4.806521292088917e-10
1.2235097657242733e-10
7.569360693793215e-10
2.0501573771980475e-09
6.6743099935706596e-09
1.060998844337746e-08
219.98098754882812
266.8016052246094
248.96185302734375
361.2095947265625
356.5659484863281
353.35784912109375
0.00017653311078902334
2.3696115647453553e-07
2.404970302904985e-07
6.138246536254883
27.887121200561523
0.46487003564834595
0.5297322869300842
2.0790359711586603e-10
4.607499104469781e-10
1.6679002623476435e-10
1.5294022992495826e-10
5.341289632809776e-10
5.280817449992981e-10
1.251950487723974e-10
4.237723782996028e-10
5.5270194670997697e-11
1.487992506987723e-10
2.119177888726398e-10
1.2948510041965733e-09
5.834293048678774e-09
8.701748654971198e-09
7.540977620124067e-09
8.153960173729047e-09
1.0684781948100408e-08
5.746773723558363e-09
5.726911833647819e-09
2.3677607430272474e-08
7.982609417922504e-08
9.889536300988766e-08
1.2956098771610414e-07
1.531799256326849e-07
1.4569444317658053e-07
1.91896589285534e-07
1.7577076505403966e-07
9.286334545777208e-08
6.043696654245423e-10
3.3562153056720945e-10
1.1301172497812928e-10
4.3026876506147005e-10
2.1163895636000518e-10
5.854320916931499e-10
4.2257694565783765e-10
6.226597570879733e-10
4.89104978740329e-10
3.8496486554073783e-10
5.688123305702675e-10
1.7010651776061536e-09
7.789425104931524e-09
7.605413188116472e-09
5.962439431073108e-09
1.4896150979382128e-09
5.23143139918858e-10
4.452927609976953e-11
6.394768603534828e-10
3.2234354074844873e-10
5.284531146010352e-10
4.541340459240928e-08
7.760530706946156e-08
7.74078685594759e-08
7.218748265813701e-08
5.248116252687396e-08
5.331839858513376e-09
2.7445665184977486e-10
5.730529384351257e-10
3.630200307025433e-10
3.976737827926513e-10
5.535072400419949e-10
1.4900368439096923e-10
3.2777072722645073e-10
2.1277084261139834e-10
2.1553310525224134e-10
1.2129666715487986e-10
2.780579100303271e-10
4.851442580999787e-10
4.766952388379764e-10
1.1126617856238585e-11
3.987529750837382e-10
3.1586538939976094e-11
3.4679363547507336e-11
1.4529989711409286e-10
4.737004677402012e-10
6.061760537967587e-10
3.278051788346836e-11
1.489494638740041e-11
3.1394281618801756e-10
5.538319314268847e-08
6.256658480197075e-08
5.537827618695701e-08
1.8268507540053491e-10
4.725956292972455e-10
2.500804008320756e-10
2.8133614882186464e-10
2.887001193663252e-10
4.6315312696165734e-10
5.262438818043336e-10
